"analytics_version","asn","audio_bitrate","autoplay","browser","browser_version_major","browser_version_minor","buffered","cdn_provider","city","client_time","country","custom_data_1","custom_data_2","custom_data_3","custom_data_4","custom_data_5","custom_user_id","day","device_type","domain","drm_load_time","drm_type","dropped_frames","duration","error_code","error_message","experiment_name","hour","impression_id","ip_address","is_casting","is_live","is_muted","isp","language","m3u8_url","minute","month","mpd_url","operatingsystem","operatingsystem_version_major","operatingsystem_version_minor","page_load_time","page_load_type","path","paused","played","player","player_key","player_startuptime","player_tech","player_version","prog_url","region","screen_height","screen_width","seeked","size","startuptime","state","stream_format","time","user_id","video_bitrate","video_duration","video_id","video_playback_height","video_playback_width","video_startuptime","video_title","video_window_height","video_window_width","videotime_end","videotime_start","segments_download_count","segments_download_time","segments_download_size","segment_name","platform"
"v2.5.4","680","0",,"Firefox","69","0","0",,"berlin","1571401476000","DE","fd68a44c-2c62-4049-822b-38b2c9dd89c6","Mozilla/5.0 (X11; Fedora; Linux x86_64; rv:69.0) Gecko/20100101 Firefox/69.0",,,,"2d1dc5e8-16f2-4de0-92fe-5acddeb5f0c9","1571356800000","Other","panoplay.duckdns.org",,,"0","72",,,"Festival of Lights - Demo","1571400000000","b51b0615-3fe6-4138-9abf-04dab12891f7","193.175.2.0","false","false","true","Verein zur Foerderung eines Deutschen Forschungsne","en-US","./livestream/master.m3u8","1571401440000","1569888000000",,"Fedora",,,"631","1",,"0","0","videojs",,"72","html5","videojs-7.6.0",,"BE","900","1600","0","WINDOW","0","setup","hls","1571401476000","d94c2471-d22b-4689-b4f6-7df7f7dc65d9","0","0","Horus Live","0","0","0","Horus Live","0","0","0","0",,,,,"web"
"v2.5.4","680","0","true","Firefox","69","0","0",,"berlin","1571401501000","DE","fd68a44c-2c62-4049-822b-38b2c9dd89c6","Mozilla/5.0 (X11; Fedora; Linux x86_64; rv:69.0) Gecko/20100101 Firefox/69.0",,,,"2d1dc5e8-16f2-4de0-92fe-5acddeb5f0c9","1571356800000","Other","panoplay.duckdns.org",,,"0","25161",,,"Festival of Lights - Demo","1571400000000","b51b0615-3fe6-4138-9abf-04dab12891f7","193.175.2.0","false","true","true","Verein zur Foerderung eines Deutschen Forschungsne","en-US","./livestream/master.m3u8","1571401500000","1569888000000",,"Fedora",,,"0","1",,"0","0","videojs",,"0","html5","videojs-7.6.0",,"BE","900","1600","0","WINDOW","25233","startup","hls","1571401501000","d94c2471-d22b-4689-b4f6-7df7f7dc65d9","0",,"Horus Live","0","0","25161","Horus Live","0","0","15287272","0",,,,,"web"
"v2.5.4","680","0","true","Firefox","69","0","0",,"berlin","1571402657000","DE","761d236d-ca56-4a07-86d8-b4cf9878e0cd","Mozilla/5.0 (X11; Ubuntu; Linux x86_64; rv:69.0) Gecko/20100101 Firefox/69.0",,,,"a355838f-adef-43a0-b106-0fda819fc4bb","1571356800000","Other","localhost",,,"0","377",,,"Festival of Lights - Demo","1571400000000","9c1dfcea-767c-49ee-b9a7-62f227578ec2","193.175.2.0","false","true","true","Verein zur Foerderung eines Deutschen Forschungsne","en-US","./livestream/master.m3u8","1571402640000","1569888000000",,"Ubuntu",,,"0","1",,"0","0","videojs",,"0","html5","videojs-7.6.0",,"BE","1200","1920","0","WINDOW","411","startup","hls","1571402657000","348f375f-32b3-4550-bc69-c49eb529d468","0",,"Horus Live","2816","2816","377","Horus Live","0","0","8008","0",,,,,"web"
"v2.5.4","680","0",,"Firefox","69","0","0",,"berlin","1571402657000","DE","761d236d-ca56-4a07-86d8-b4cf9878e0cd","Mozilla/5.0 (X11; Ubuntu; Linux x86_64; rv:69.0) Gecko/20100101 Firefox/69.0",,,,"a355838f-adef-43a0-b106-0fda819fc4bb","1571356800000","Other","localhost",,,"0","0",,,"Festival of Lights - Demo","1571400000000","9c1dfcea-767c-49ee-b9a7-62f227578ec2","193.175.2.0","false","true","true","Verein zur Foerderung eines Deutschen Forschungsne","en-US","./livestream/master.m3u8","1571402640000","1569888000000",,"Ubuntu",,,"0","1",,"0","0","videojs",,"0","html5","videojs-7.6.0",,"BE","1200","1920","0","WINDOW","0","qualitychange","hls","1571402657000","348f375f-32b3-4550-bc69-c49eb529d468","8000000",,"Horus Live","2816","2816","0","Horus Live","0","0","8008","8008",,,,,"web"
"v2.5.4","680","0",,"Firefox","69","0","0",,"berlin","1571402657000","DE","761d236d-ca56-4a07-86d8-b4cf9878e0cd","Mozilla/5.0 (X11; Ubuntu; Linux x86_64; rv:69.0) Gecko/20100101 Firefox/69.0",,,,"a355838f-adef-43a0-b106-0fda819fc4bb","1571356800000","Other","localhost",,,"0","0",,,"Festival of Lights - Demo","1571400000000","9c1dfcea-767c-49ee-b9a7-62f227578ec2","193.175.2.0","false","true","true","Verein zur Foerderung eines Deutschen Forschungsne","en-US","./livestream/master.m3u8","1571402640000","1569888000000",,"Ubuntu",,,"0","1",,"0","0","videojs",,"0","html5","videojs-7.6.0",,"BE","1200","1920","0","WINDOW","0","playing","hls","1571402657000","348f375f-32b3-4550-bc69-c49eb529d468","0",,"Horus Live","2816","2816","0","Horus Live","0","0","8008","8008",,,,,"web"
"v2.5.4","680","0",,"Firefox","69","0","0",,"berlin","1571402657000","DE","761d236d-ca56-4a07-86d8-b4cf9878e0cd","Mozilla/5.0 (X11; Ubuntu; Linux x86_64; rv:69.0) Gecko/20100101 Firefox/69.0",,,,"a355838f-adef-43a0-b106-0fda819fc4bb","1571356800000","Other","localhost",,,"0","34",,,"Festival of Lights - Demo","1571400000000","9c1dfcea-767c-49ee-b9a7-62f227578ec2","193.175.2.0","false","false","true","Verein zur Foerderung eines Deutschen Forschungsne","en-US","./livestream/master.m3u8","1571402640000","1569888000000",,"Ubuntu",,,"219","1",,"0","0","videojs",,"34","html5","videojs-7.6.0",,"BE","1200","1920","0","WINDOW","0","setup","hls","1571402657000","348f375f-32b3-4550-bc69-c49eb529d468","0","0","Horus Live","0","0","0","Horus Live","0","0","0","0",,,,,"web"
"v2.5.4","680","0",,"Firefox","69","0","0",,"berlin","1571402669000","DE","761d236d-ca56-4a07-86d8-b4cf9878e0cd","Mozilla/5.0 (X11; Ubuntu; Linux x86_64; rv:69.0) Gecko/20100101 Firefox/69.0",,,,"a355838f-adef-43a0-b106-0fda819fc4bb","1571356800000","Other","localhost",,,"0","12038",,,"Festival of Lights - Demo","1571400000000","9c1dfcea-767c-49ee-b9a7-62f227578ec2","193.175.2.0","false","true","true","Verein zur Foerderung eines Deutschen Forschungsne","en-US","./livestream/master.m3u8","1571402640000","1569888000000",,"Ubuntu",,,"0","1",,"0","12038","videojs",,"0","html5","videojs-7.6.0",,"BE","1200","1920","0","WINDOW","0","playing","hls","1571402669000","348f375f-32b3-4550-bc69-c49eb529d468","8000000",,"Horus Live","2816","2816","0","Horus Live","0","0","20004","8008",,,,,"web"
"v2.5.4","680","0",,"Firefox","69","0","2190",,"berlin","1571402671000","DE","761d236d-ca56-4a07-86d8-b4cf9878e0cd","Mozilla/5.0 (X11; Ubuntu; Linux x86_64; rv:69.0) Gecko/20100101 Firefox/69.0",,,,"a355838f-adef-43a0-b106-0fda819fc4bb","1571356800000","Other","localhost",,,"0","2190",,,"Festival of Lights - Demo","1571400000000","9c1dfcea-767c-49ee-b9a7-62f227578ec2","193.175.2.0","false","true","true","Verein zur Foerderung eines Deutschen Forschungsne","en-US","./livestream/master.m3u8","1571402640000","1569888000000",,"Ubuntu",,,"0","1",,"0","0","videojs",,"0","html5","videojs-7.6.0",,"BE","1200","1920","0","WINDOW","0","rebuffering","hls","1571402671000","348f375f-32b3-4550-bc69-c49eb529d468","8000000",,"Horus Live","2816","2816","0","Horus Live","0","0","20004","20004",,,,,"web"
"v2.5.4","680","0",,"Firefox","69","0","0",,"berlin","1571402671000","DE","761d236d-ca56-4a07-86d8-b4cf9878e0cd","Mozilla/5.0 (X11; Ubuntu; Linux x86_64; rv:69.0) Gecko/20100101 Firefox/69.0",,,,"a355838f-adef-43a0-b106-0fda819fc4bb","1571356800000","Other","localhost",,,"0","2",,,"Festival of Lights - Demo","1571400000000","9c1dfcea-767c-49ee-b9a7-62f227578ec2","193.175.2.0","false","true","true","Verein zur Foerderung eines Deutschen Forschungsne","en-US","./livestream/master.m3u8","1571402640000","1569888000000",,"Ubuntu",,,"0","1",,"0","2","videojs",,"0","html5","videojs-7.6.0",,"BE","1200","1920","0","WINDOW","0","playing","hls","1571402671000","348f375f-32b3-4550-bc69-c49eb529d468","8000000",,"Horus Live","2816","2816","0","Horus Live","0","0","20004","20004",,,,,"web"
"v2.5.4","680","0",,"Firefox","69","0","0",,"berlin","1571402671000","DE","761d236d-ca56-4a07-86d8-b4cf9878e0cd","Mozilla/5.0 (X11; Ubuntu; Linux x86_64; rv:69.0) Gecko/20100101 Firefox/69.0",,,,"a355838f-adef-43a0-b106-0fda819fc4bb","1571356800000","Other","localhost",,,"0","0",,,"Festival of Lights - Demo","1571400000000","9c1dfcea-767c-49ee-b9a7-62f227578ec2","193.175.2.0","false","true","true","Verein zur Foerderung eines Deutschen Forschungsne","en-US","./livestream/master.m3u8","1571402640000","1569888000000",,"Ubuntu",,,"0","1",,"0","0","videojs",,"0","html5","videojs-7.6.0",,"BE","1200","1920","0","WINDOW","0","qualitychange","hls","1571402671000","348f375f-32b3-4550-bc69-c49eb529d468","6000000",,"Horus Live","2816","2816","0","Horus Live","0","0","20004","20004",,,,,"web"
"v2.5.4","680","0",,"Firefox","69","0","0",,"berlin","1571402673000","DE","761d236d-ca56-4a07-86d8-b4cf9878e0cd","Mozilla/5.0 (X11; Ubuntu; Linux x86_64; rv:69.0) Gecko/20100101 Firefox/69.0",,,,"a355838f-adef-43a0-b106-0fda819fc4bb","1571356800000","Other","localhost",,,"0","1999",,,"Festival of Lights - Demo","1571400000000","9c1dfcea-767c-49ee-b9a7-62f227578ec2","193.175.2.0","false","true","true","Verein zur Foerderung eines Deutschen Forschungsne","en-US","./livestream/master.m3u8","1571402640000","1569888000000",,"Ubuntu",,,"0","1",,"0","1999","videojs",,"0","html5","videojs-7.6.0",,"BE","1200","1920","0","WINDOW","0","playing","hls","1571402673000","348f375f-32b3-4550-bc69-c49eb529d468","6000000",,"Horus Live","2816","2816","0","Horus Live","0","0","22021","20004",,,,,"web"
"v2.5.4","680","0",,"Firefox","69","0","0",,"berlin","1571402676000","DE","761d236d-ca56-4a07-86d8-b4cf9878e0cd","Mozilla/5.0 (X11; Ubuntu; Linux x86_64; rv:69.0) Gecko/20100101 Firefox/69.0",,,,"a355838f-adef-43a0-b106-0fda819fc4bb","1571356800000","Other","localhost",,,"0","0",,,"Festival of Lights - Demo","1571400000000","9c1dfcea-767c-49ee-b9a7-62f227578ec2","193.175.2.0","false","true","true","Verein zur Foerderung eines Deutschen Forschungsne","en-US","./livestream/master.m3u8","1571402640000","1569888000000",,"Ubuntu",,,"0","1",,"0","0","videojs",,"0","html5","videojs-7.6.0",,"BE","1200","1920","0","WINDOW","0","qualitychange","hls","1571402676000","348f375f-32b3-4550-bc69-c49eb529d468","4000000",,"Horus Live","2816","2816","0","Horus Live","0","0","22021","22021",,,,,"web"
"v2.5.4","680","0",,"Firefox","69","0","3067",,"berlin","1571402676000","DE","761d236d-ca56-4a07-86d8-b4cf9878e0cd","Mozilla/5.0 (X11; Ubuntu; Linux x86_64; rv:69.0) Gecko/20100101 Firefox/69.0",,,,"a355838f-adef-43a0-b106-0fda819fc4bb","1571356800000","Other","localhost",,,"0","3067",,,"Festival of Lights - Demo","1571400000000","9c1dfcea-767c-49ee-b9a7-62f227578ec2","193.175.2.0","false","true","true","Verein zur Foerderung eines Deutschen Forschungsne","en-US","./livestream/master.m3u8","1571402640000","1569888000000",,"Ubuntu",,,"0","1",,"0","0","videojs",,"0","html5","videojs-7.6.0",,"BE","1200","1920","0","WINDOW","0","rebuffering","hls","1571402676000","348f375f-32b3-4550-bc69-c49eb529d468","6000000",,"Horus Live","2816","2816","0","Horus Live","0","0","22021","22021",,,,,"web"
"v2.5.4","680","0",,"Firefox","69","0","0",,"berlin","1571402676000","DE","761d236d-ca56-4a07-86d8-b4cf9878e0cd","Mozilla/5.0 (X11; Ubuntu; Linux x86_64; rv:69.0) Gecko/20100101 Firefox/69.0",,,,"a355838f-adef-43a0-b106-0fda819fc4bb","1571356800000","Other","localhost",,,"0","1",,,"Festival of Lights - Demo","1571400000000","9c1dfcea-767c-49ee-b9a7-62f227578ec2","193.175.2.0","false","true","true","Verein zur Foerderung eines Deutschen Forschungsne","en-US","./livestream/master.m3u8","1571402640000","1569888000000",,"Ubuntu",,,"0","1",,"0","1","videojs",,"0","html5","videojs-7.6.0",,"BE","1200","1920","0","WINDOW","0","playing","hls","1571402676000","348f375f-32b3-4550-bc69-c49eb529d468","6000000",,"Horus Live","2816","2816","0","Horus Live","0","0","22021","22021",,,,,"web"
"v2.5.4","680","0",,"Firefox","69","0","0",,"berlin","1571402688000","DE","761d236d-ca56-4a07-86d8-b4cf9878e0cd","Mozilla/5.0 (X11; Ubuntu; Linux x86_64; rv:69.0) Gecko/20100101 Firefox/69.0",,,,"a355838f-adef-43a0-b106-0fda819fc4bb","1571356800000","Other","localhost",,,"0","11986",,,"Festival of Lights - Demo","1571400000000","9c1dfcea-767c-49ee-b9a7-62f227578ec2","193.175.2.0","false","true","true","Verein zur Foerderung eines Deutschen Forschungsne","en-US","./livestream/master.m3u8","1571402640000","1569888000000",,"Ubuntu",,,"0","1",,"0","11986","videojs",,"0","html5","videojs-7.6.0",,"BE","1200","1920","0","WINDOW","0","playing","hls","1571402688000","348f375f-32b3-4550-bc69-c49eb529d468","4000000",,"Horus Live","2816","2816","0","Horus Live","0","0","34010","22021",,,,,"web"
"v2.5.4","680","0",,"Firefox","69","0","0",,"berlin","1571402690000","DE","761d236d-ca56-4a07-86d8-b4cf9878e0cd","Mozilla/5.0 (X11; Ubuntu; Linux x86_64; rv:69.0) Gecko/20100101 Firefox/69.0",,,,"a355838f-adef-43a0-b106-0fda819fc4bb","1571356800000","Other","localhost",,,"0","0",,,"Festival of Lights - Demo","1571400000000","9c1dfcea-767c-49ee-b9a7-62f227578ec2","193.175.2.0","false","true","true","Verein zur Foerderung eines Deutschen Forschungsne","en-US","./livestream/master.m3u8","1571402640000","1569888000000",,"Ubuntu",,,"0","1",,"0","0","videojs",,"0","html5","videojs-7.6.0",,"BE","1200","1920","0","WINDOW","0","qualitychange","hls","1571402690000","348f375f-32b3-4550-bc69-c49eb529d468","1038489",,"Horus Live","2816","2816","0","Horus Live","0","0","34010","34010",,,,,"web"
"v2.5.4","680","0",,"Firefox","69","0","0",,"berlin","1571402690000","DE","761d236d-ca56-4a07-86d8-b4cf9878e0cd","Mozilla/5.0 (X11; Ubuntu; Linux x86_64; rv:69.0) Gecko/20100101 Firefox/69.0",,,,"a355838f-adef-43a0-b106-0fda819fc4bb","1571356800000","Other","localhost",,,"0","0",,,"Festival of Lights - Demo","1571400000000","9c1dfcea-767c-49ee-b9a7-62f227578ec2","193.175.2.0","false","true","true","Verein zur Foerderung eines Deutschen Forschungsne","en-US","./livestream/master.m3u8","1571402640000","1569888000000",,"Ubuntu",,,"0","1",,"0","0","videojs",,"0","html5","videojs-7.6.0",,"BE","1200","1920","0","WINDOW","0","playing","hls","1571402690000","348f375f-32b3-4550-bc69-c49eb529d468","4000000",,"Horus Live","2816","2816","0","Horus Live","0","0","34010","34010",,,,,"web"
"v2.5.4","680","0",,"Firefox","69","0","2122",,"berlin","1571402690000","DE","761d236d-ca56-4a07-86d8-b4cf9878e0cd","Mozilla/5.0 (X11; Ubuntu; Linux x86_64; rv:69.0) Gecko/20100101 Firefox/69.0",,,,"a355838f-adef-43a0-b106-0fda819fc4bb","1571356800000","Other","localhost",,,"0","2122",,,"Festival of Lights - Demo","1571400000000","9c1dfcea-767c-49ee-b9a7-62f227578ec2","193.175.2.0","false","true","true","Verein zur Foerderung eines Deutschen Forschungsne","en-US","./livestream/master.m3u8","1571402640000","1569888000000",,"Ubuntu",,,"0","1",,"0","0","videojs",,"0","html5","videojs-7.6.0",,"BE","1200","1920","0","WINDOW","0","rebuffering","hls","1571402690000","348f375f-32b3-4550-bc69-c49eb529d468","4000000",,"Horus Live","2816","2816","0","Horus Live","0","0","34010","34010",,,,,"web"
"v2.5.4","680","0",,"Firefox","69","0","0",,"berlin","1571402692000","DE","761d236d-ca56-4a07-86d8-b4cf9878e0cd","Mozilla/5.0 (X11; Ubuntu; Linux x86_64; rv:69.0) Gecko/20100101 Firefox/69.0",,,,"a355838f-adef-43a0-b106-0fda819fc4bb","1571356800000","Other","localhost",,,"0","1993",,,"Festival of Lights - Demo","1571400000000","9c1dfcea-767c-49ee-b9a7-62f227578ec2","193.175.2.0","false","true","true","Verein zur Foerderung eines Deutschen Forschungsne","en-US","./livestream/master.m3u8","1571402640000","1569888000000",,"Ubuntu",,,"0","1",,"0","1993","videojs",,"0","html5","videojs-7.6.0",,"BE","1200","1920","0","WINDOW","0","playing","hls","1571402692000","348f375f-32b3-4550-bc69-c49eb529d468","1038489",,"Horus Live","2816","2816","0","Horus Live","0","0","36024","34010",,,,,"web"
"v2.5.4","680","0",,"Firefox","69","0","0",,"berlin","1571402695000","DE","761d236d-ca56-4a07-86d8-b4cf9878e0cd","Mozilla/5.0 (X11; Ubuntu; Linux x86_64; rv:69.0) Gecko/20100101 Firefox/69.0",,,,"a355838f-adef-43a0-b106-0fda819fc4bb","1571356800000","Other","localhost",,,"0","0",,,"Festival of Lights - Demo","1571400000000","9c1dfcea-767c-49ee-b9a7-62f227578ec2","193.175.2.0","false","true","true","Verein zur Foerderung eines Deutschen Forschungsne","en-US","./livestream/master.m3u8","1571402640000","1569888000000",,"Ubuntu",,,"0","1",,"0","0","videojs",,"0","html5","videojs-7.6.0",,"BE","1200","1920","0","WINDOW","0","playing","hls","1571402695000","348f375f-32b3-4550-bc69-c49eb529d468","1038489",,"Horus Live","2816","2816","0","Horus Live","0","0","36024","36024",,,,,"web"
"v2.5.4","680","0",,"Firefox","69","0","0",,"berlin","1571402695000","DE","761d236d-ca56-4a07-86d8-b4cf9878e0cd","Mozilla/5.0 (X11; Ubuntu; Linux x86_64; rv:69.0) Gecko/20100101 Firefox/69.0",,,,"a355838f-adef-43a0-b106-0fda819fc4bb","1571356800000","Other","localhost",,,"0","0",,,"Festival of Lights - Demo","1571400000000","9c1dfcea-767c-49ee-b9a7-62f227578ec2","193.175.2.0","false","true","true","Verein zur Foerderung eines Deutschen Forschungsne","en-US","./livestream/master.m3u8","1571402640000","1569888000000",,"Ubuntu",,,"0","1",,"0","0","videojs",,"0","html5","videojs-7.6.0",,"BE","1200","1920","0","WINDOW","0","qualitychange","hls","1571402695000","348f375f-32b3-4550-bc69-c49eb529d468","8000000",,"Horus Live","2816","2816","0","Horus Live","0","0","36024","36024",,,,,"web"
"v2.5.4","680","0",,"Firefox","69","0","3067",,"berlin","1571402695000","DE","761d236d-ca56-4a07-86d8-b4cf9878e0cd","Mozilla/5.0 (X11; Ubuntu; Linux x86_64; rv:69.0) Gecko/20100101 Firefox/69.0",,,,"a355838f-adef-43a0-b106-0fda819fc4bb","1571356800000","Other","localhost",,,"0","3067",,,"Festival of Lights - Demo","1571400000000","9c1dfcea-767c-49ee-b9a7-62f227578ec2","193.175.2.0","false","true","true","Verein zur Foerderung eines Deutschen Forschungsne","en-US","./livestream/master.m3u8","1571402640000","1569888000000",,"Ubuntu",,,"0","1",,"0","0","videojs",,"0","html5","videojs-7.6.0",,"BE","1200","1920","0","WINDOW","0","rebuffering","hls","1571402695000","348f375f-32b3-4550-bc69-c49eb529d468","1038489",,"Horus Live","2816","2816","0","Horus Live","0","0","36024","36024",,,,,"web"
"v2.5.4","680","0",,"Firefox","69","0","0",,"berlin","1571402701000","DE","761d236d-ca56-4a07-86d8-b4cf9878e0cd","Mozilla/5.0 (X11; Ubuntu; Linux x86_64; rv:69.0) Gecko/20100101 Firefox/69.0",,,,"a355838f-adef-43a0-b106-0fda819fc4bb","1571356800000","Other","localhost",,,"0","1",,,"Festival of Lights - Demo","1571400000000","9c1dfcea-767c-49ee-b9a7-62f227578ec2","193.175.2.0","false","true","true","Verein zur Foerderung eines Deutschen Forschungsne","en-US","./livestream/master.m3u8","1571402700000","1569888000000",,"Ubuntu",,,"0","1",,"0","1","videojs",,"0","html5","videojs-7.6.0",,"BE","1200","1920","0","WINDOW","0","playing","hls","1571402701000","348f375f-32b3-4550-bc69-c49eb529d468","6000000",,"Horus Live","2816","2816","0","Horus Live","0","0","42042","42042",,,,,"web"
"v2.5.4","680","0",,"Firefox","69","0","0",,"berlin","1571402701000","DE","761d236d-ca56-4a07-86d8-b4cf9878e0cd","Mozilla/5.0 (X11; Ubuntu; Linux x86_64; rv:69.0) Gecko/20100101 Firefox/69.0",,,,"a355838f-adef-43a0-b106-0fda819fc4bb","1571356800000","Other","localhost",,,"0","0",,,"Festival of Lights - Demo","1571400000000","9c1dfcea-767c-49ee-b9a7-62f227578ec2","193.175.2.0","false","true","true","Verein zur Foerderung eines Deutschen Forschungsne","en-US","./livestream/master.m3u8","1571402700000","1569888000000",,"Ubuntu",,,"0","1",,"0","0","videojs",,"0","html5","videojs-7.6.0",,"BE","1200","1920","0","WINDOW","0","qualitychange","hls","1571402701000","348f375f-32b3-4550-bc69-c49eb529d468","6000000",,"Horus Live","2816","2816","0","Horus Live","0","0","42042","42042",,,,,"web"
"v2.5.4","680","0",,"Firefox","69","0","0",,"berlin","1571402701000","DE","761d236d-ca56-4a07-86d8-b4cf9878e0cd","Mozilla/5.0 (X11; Ubuntu; Linux x86_64; rv:69.0) Gecko/20100101 Firefox/69.0",,,,"a355838f-adef-43a0-b106-0fda819fc4bb","1571356800000","Other","localhost",,,"0","6264",,,"Festival of Lights - Demo","1571400000000","9c1dfcea-767c-49ee-b9a7-62f227578ec2","193.175.2.0","false","true","true","Verein zur Foerderung eines Deutschen Forschungsne","en-US","./livestream/master.m3u8","1571402700000","1569888000000",,"Ubuntu",,,"0","1",,"0","6264","videojs",,"0","html5","videojs-7.6.0",,"BE","1200","1920","0","WINDOW","0","playing","hls","1571402701000","348f375f-32b3-4550-bc69-c49eb529d468","8000000",,"Horus Live","2816","2816","0","Horus Live","0","0","42042","36024",,,,,"web"
"v2.5.4","680","0",,"Firefox","69","0","1768",,"berlin","1571402703000","DE","761d236d-ca56-4a07-86d8-b4cf9878e0cd","Mozilla/5.0 (X11; Ubuntu; Linux x86_64; rv:69.0) Gecko/20100101 Firefox/69.0",,,,"a355838f-adef-43a0-b106-0fda819fc4bb","1571356800000","Other","localhost",,,"0","1768",,,"Festival of Lights - Demo","1571400000000","9c1dfcea-767c-49ee-b9a7-62f227578ec2","193.175.2.0","false","true","true","Verein zur Foerderung eines Deutschen Forschungsne","en-US","./livestream/master.m3u8","1571402700000","1569888000000",,"Ubuntu",,,"0","1",,"0","0","videojs",,"0","html5","videojs-7.6.0",,"BE","1200","1920","0","WINDOW","0","rebuffering","hls","1571402703000","348f375f-32b3-4550-bc69-c49eb529d468","6000000",,"Horus Live","2816","2816","0","Horus Live","0","0","42209","42042",,,,,"web"
"v2.5.4","680","0",,"Firefox","69","0","0",,"berlin","1571402705000","DE","761d236d-ca56-4a07-86d8-b4cf9878e0cd","Mozilla/5.0 (X11; Ubuntu; Linux x86_64; rv:69.0) Gecko/20100101 Firefox/69.0",,,,"a355838f-adef-43a0-b106-0fda819fc4bb","1571356800000","Other","localhost",,,"0","1751",,,"Festival of Lights - Demo","1571400000000","9c1dfcea-767c-49ee-b9a7-62f227578ec2","193.175.2.0","false","true","true","Verein zur Foerderung eines Deutschen Forschungsne","en-US","./livestream/master.m3u8","1571402700000","1569888000000",,"Ubuntu",,,"0","1",,"0","1751","videojs",,"0","html5","videojs-7.6.0",,"BE","1200","1920","0","WINDOW","0","playing","hls","1571402705000","348f375f-32b3-4550-bc69-c49eb529d468","6000000",,"Horus Live","2816","2816","0","Horus Live","0","0","44044","42209",,,,,"web"
"v2.5.4","680","0",,"Firefox","69","0","0",,"berlin","1571402707000","DE","761d236d-ca56-4a07-86d8-b4cf9878e0cd","Mozilla/5.0 (X11; Ubuntu; Linux x86_64; rv:69.0) Gecko/20100101 Firefox/69.0",,,,"a355838f-adef-43a0-b106-0fda819fc4bb","1571356800000","Other","localhost",,,"0","1",,,"Festival of Lights - Demo","1571400000000","9c1dfcea-767c-49ee-b9a7-62f227578ec2","193.175.2.0","false","true","true","Verein zur Foerderung eines Deutschen Forschungsne","en-US","./livestream/master.m3u8","1571402700000","1569888000000",,"Ubuntu",,,"0","1",,"0","1","videojs",,"0","html5","videojs-7.6.0",,"BE","1200","1920","0","WINDOW","0","playing","hls","1571402707000","348f375f-32b3-4550-bc69-c49eb529d468","6000000",,"Horus Live","2816","2816","0","Horus Live","0","0","44049","44049",,,,,"web"
"v2.5.4","680","0",,"Firefox","69","0","2297",,"berlin","1571402707000","DE","761d236d-ca56-4a07-86d8-b4cf9878e0cd","Mozilla/5.0 (X11; Ubuntu; Linux x86_64; rv:69.0) Gecko/20100101 Firefox/69.0",,,,"a355838f-adef-43a0-b106-0fda819fc4bb","1571356800000","Other","localhost",,,"0","2297",,,"Festival of Lights - Demo","1571400000000","9c1dfcea-767c-49ee-b9a7-62f227578ec2","193.175.2.0","false","true","true","Verein zur Foerderung eines Deutschen Forschungsne","en-US","./livestream/master.m3u8","1571402700000","1569888000000",,"Ubuntu",,,"0","1",,"0","0","videojs",,"0","html5","videojs-7.6.0",,"BE","1200","1920","0","WINDOW","0","rebuffering","hls","1571402707000","348f375f-32b3-4550-bc69-c49eb529d468","6000000",,"Horus Live","2816","2816","0","Horus Live","0","0","44049","44044",,,,,"web"
"v2.5.4","680","0",,"Firefox","69","0","0",,"berlin","1571402707000","DE","761d236d-ca56-4a07-86d8-b4cf9878e0cd","Mozilla/5.0 (X11; Ubuntu; Linux x86_64; rv:69.0) Gecko/20100101 Firefox/69.0",,,,"a355838f-adef-43a0-b106-0fda819fc4bb","1571356800000","Other","localhost",,,"0","0",,,"Festival of Lights - Demo","1571400000000","9c1dfcea-767c-49ee-b9a7-62f227578ec2","193.175.2.0","false","true","true","Verein zur Foerderung eines Deutschen Forschungsne","en-US","./livestream/master.m3u8","1571402700000","1569888000000",,"Ubuntu",,,"0","1",,"0","0","videojs",,"0","html5","videojs-7.6.0",,"BE","1200","1920","0","WINDOW","0","qualitychange","hls","1571402707000","348f375f-32b3-4550-bc69-c49eb529d468","4000000",,"Horus Live","2816","2816","0","Horus Live","0","0","44049","44049",,,,,"web"
"v2.5.4","680","0",,"Firefox","69","0","0",,"berlin","1571402709000","DE","761d236d-ca56-4a07-86d8-b4cf9878e0cd","Mozilla/5.0 (X11; Ubuntu; Linux x86_64; rv:69.0) Gecko/20100101 Firefox/69.0",,,,"a355838f-adef-43a0-b106-0fda819fc4bb","1571356800000","Other","localhost",,,"0","1957",,,"Festival of Lights - Demo","1571400000000","9c1dfcea-767c-49ee-b9a7-62f227578ec2","193.175.2.0","false","true","true","Verein zur Foerderung eines Deutschen Forschungsne","en-US","./livestream/master.m3u8","1571402700000","1569888000000",,"Ubuntu",,,"0","1",,"0","1957","videojs",,"0","html5","videojs-7.6.0",,"BE","1200","1920","0","WINDOW","0","playing","hls","1571402709000","348f375f-32b3-4550-bc69-c49eb529d468","4000000",,"Horus Live","2816","2816","0","Horus Live","0","0","46027","44049",,,,,"web"
"v2.5.4","680","0",,"Firefox","69","0","0",,"berlin","1571402713000","DE","761d236d-ca56-4a07-86d8-b4cf9878e0cd","Mozilla/5.0 (X11; Ubuntu; Linux x86_64; rv:69.0) Gecko/20100101 Firefox/69.0",,,,"a355838f-adef-43a0-b106-0fda819fc4bb","1571356800000","Other","localhost",,,"0","0",,,"Festival of Lights - Demo","1571400000000","9c1dfcea-767c-49ee-b9a7-62f227578ec2","193.175.2.0","false","true","true","Verein zur Foerderung eines Deutschen Forschungsne","en-US","./livestream/master.m3u8","1571402700000","1569888000000",,"Ubuntu",,,"0","1",,"0","0","videojs",,"0","html5","videojs-7.6.0",,"BE","1200","1920","0","WINDOW","0","qualitychange","hls","1571402713000","348f375f-32b3-4550-bc69-c49eb529d468","8000000",,"Horus Live","2816","2816","0","Horus Live","0","0","46027","46027",,,,,"web"
"v2.5.4","680","0",,"Firefox","69","0","0",,"berlin","1571402713000","DE","761d236d-ca56-4a07-86d8-b4cf9878e0cd","Mozilla/5.0 (X11; Ubuntu; Linux x86_64; rv:69.0) Gecko/20100101 Firefox/69.0",,,,"a355838f-adef-43a0-b106-0fda819fc4bb","1571356800000","Other","localhost",,,"0","2",,,"Festival of Lights - Demo","1571400000000","9c1dfcea-767c-49ee-b9a7-62f227578ec2","193.175.2.0","false","true","true","Verein zur Foerderung eines Deutschen Forschungsne","en-US","./livestream/master.m3u8","1571402700000","1569888000000",,"Ubuntu",,,"0","1",,"0","2","videojs",,"0","html5","videojs-7.6.0",,"BE","1200","1920","0","WINDOW","0","playing","hls","1571402713000","348f375f-32b3-4550-bc69-c49eb529d468","4000000",,"Horus Live","2816","2816","0","Horus Live","0","0","46027","46027",,,,,"web"
"v2.5.4","680","0",,"Firefox","69","0","4146",,"berlin","1571402713000","DE","761d236d-ca56-4a07-86d8-b4cf9878e0cd","Mozilla/5.0 (X11; Ubuntu; Linux x86_64; rv:69.0) Gecko/20100101 Firefox/69.0",,,,"a355838f-adef-43a0-b106-0fda819fc4bb","1571356800000","Other","localhost",,,"0","4146",,,"Festival of Lights - Demo","1571400000000","9c1dfcea-767c-49ee-b9a7-62f227578ec2","193.175.2.0","false","true","true","Verein zur Foerderung eines Deutschen Forschungsne","en-US","./livestream/master.m3u8","1571402700000","1569888000000",,"Ubuntu",,,"0","1",,"0","0","videojs",,"0","html5","videojs-7.6.0",,"BE","1200","1920","0","WINDOW","0","rebuffering","hls","1571402713000","348f375f-32b3-4550-bc69-c49eb529d468","4000000",,"Horus Live","2816","2816","0","Horus Live","0","0","46027","46027",,,,,"web"
"v2.5.4","680","0",,"Firefox","69","0","0",,"berlin","1571402731000","DE","761d236d-ca56-4a07-86d8-b4cf9878e0cd","Mozilla/5.0 (X11; Ubuntu; Linux x86_64; rv:69.0) Gecko/20100101 Firefox/69.0",,,,"a355838f-adef-43a0-b106-0fda819fc4bb","1571356800000","Other","localhost",,,"0","17996",,,"Festival of Lights - Demo","1571400000000","9c1dfcea-767c-49ee-b9a7-62f227578ec2","193.175.2.0","false","true","true","Verein zur Foerderung eines Deutschen Forschungsne","en-US","./livestream/master.m3u8","1571402700000","1569888000000",,"Ubuntu",,,"0","1",,"0","17996","videojs",,"0","html5","videojs-7.6.0",,"BE","1200","1920","0","WINDOW","0","playing","hls","1571402731000","348f375f-32b3-4550-bc69-c49eb529d468","8000000",,"Horus Live","2816","2816","0","Horus Live","0","0","64046","46027",,,,,"web"
"v2.5.4","680","0",,"Firefox","69","0","2444",,"berlin","1571402734000","DE","761d236d-ca56-4a07-86d8-b4cf9878e0cd","Mozilla/5.0 (X11; Ubuntu; Linux x86_64; rv:69.0) Gecko/20100101 Firefox/69.0",,,,"a355838f-adef-43a0-b106-0fda819fc4bb","1571356800000","Other","localhost",,,"0","2444",,,"Festival of Lights - Demo","1571400000000","9c1dfcea-767c-49ee-b9a7-62f227578ec2","193.175.2.0","false","true","true","Verein zur Foerderung eines Deutschen Forschungsne","en-US","./livestream/master.m3u8","1571402700000","1569888000000",,"Ubuntu",,,"0","1",,"0","0","videojs",,"0","html5","videojs-7.6.0",,"BE","1200","1920","0","WINDOW","0","rebuffering","hls","1571402734000","348f375f-32b3-4550-bc69-c49eb529d468","8000000",,"Horus Live","2816","2816","0","Horus Live","0","0","64046","64046",,,,,"web"
"v2.5.4","680","0",,"Firefox","69","0","0",,"berlin","1571402734000","DE","761d236d-ca56-4a07-86d8-b4cf9878e0cd","Mozilla/5.0 (X11; Ubuntu; Linux x86_64; rv:69.0) Gecko/20100101 Firefox/69.0",,,,"a355838f-adef-43a0-b106-0fda819fc4bb","1571356800000","Other","localhost",,,"0","0",,,"Festival of Lights - Demo","1571400000000","9c1dfcea-767c-49ee-b9a7-62f227578ec2","193.175.2.0","false","true","true","Verein zur Foerderung eines Deutschen Forschungsne","en-US","./livestream/master.m3u8","1571402700000","1569888000000",,"Ubuntu",,,"0","1",,"0","0","videojs",,"0","html5","videojs-7.6.0",,"BE","1200","1920","0","WINDOW","0","qualitychange","hls","1571402734000","348f375f-32b3-4550-bc69-c49eb529d468","6000000",,"Horus Live","2816","2816","0","Horus Live","0","0","64046","64046",,,,,"web"
"v2.5.4","680","0",,"Firefox","69","0","0",,"berlin","1571402734000","DE","761d236d-ca56-4a07-86d8-b4cf9878e0cd","Mozilla/5.0 (X11; Ubuntu; Linux x86_64; rv:69.0) Gecko/20100101 Firefox/69.0",,,,"a355838f-adef-43a0-b106-0fda819fc4bb","1571356800000","Other","localhost",,,"0","0",,,"Festival of Lights - Demo","1571400000000","9c1dfcea-767c-49ee-b9a7-62f227578ec2","193.175.2.0","false","true","true","Verein zur Foerderung eines Deutschen Forschungsne","en-US","./livestream/master.m3u8","1571402700000","1569888000000",,"Ubuntu",,,"0","1",,"0","0","videojs",,"0","html5","videojs-7.6.0",,"BE","1200","1920","0","WINDOW","0","playing","hls","1571402734000","348f375f-32b3-4550-bc69-c49eb529d468","8000000",,"Horus Live","2816","2816","0","Horus Live","0","0","64046","64046",,,,,"web"
"v2.5.4","680","0",,"Firefox","69","0","0",,"berlin","1571402744000","DE","761d236d-ca56-4a07-86d8-b4cf9878e0cd","Mozilla/5.0 (X11; Ubuntu; Linux x86_64; rv:69.0) Gecko/20100101 Firefox/69.0",,,,"a355838f-adef-43a0-b106-0fda819fc4bb","1571356800000","Other","localhost",,,"0","10040",,,"Festival of Lights - Demo","1571400000000","9c1dfcea-767c-49ee-b9a7-62f227578ec2","193.175.2.0","false","true","true","Verein zur Foerderung eines Deutschen Forschungsne","en-US","./livestream/master.m3u8","1571402700000","1569888000000",,"Ubuntu",,,"0","1",,"0","10040","videojs",,"0","html5","videojs-7.6.0",,"BE","1200","1920","0","WINDOW","0","playing","hls","1571402744000","348f375f-32b3-4550-bc69-c49eb529d468","6000000",,"Horus Live","2816","2816","0","Horus Live","0","0","74074","64046",,,,,"web"
"v2.5.4","680","0",,"Firefox","69","0","0",,"berlin","1571402744000","DE","761d236d-ca56-4a07-86d8-b4cf9878e0cd","Mozilla/5.0 (X11; Ubuntu; Linux x86_64; rv:69.0) Gecko/20100101 Firefox/69.0",,,,"a355838f-adef-43a0-b106-0fda819fc4bb","1571356800000","Other","localhost",,,"0","0",,,"Festival of Lights - Demo","1571400000000","9c1dfcea-767c-49ee-b9a7-62f227578ec2","193.175.2.0","false","true","true","Verein zur Foerderung eines Deutschen Forschungsne","en-US","./livestream/master.m3u8","1571402700000","1569888000000",,"Ubuntu",,,"0","1",,"0","0","videojs",,"0","html5","videojs-7.6.0",,"BE","1200","1920","0","WINDOW","0","qualitychange","hls","1571402744000","348f375f-32b3-4550-bc69-c49eb529d468","1038489",,"Horus Live","2816","2816","0","Horus Live","0","0","74074","74074",,,,,"web"
"v2.5.4","680","0",,"Firefox","69","0","0",,"berlin","1571402744000","DE","761d236d-ca56-4a07-86d8-b4cf9878e0cd","Mozilla/5.0 (X11; Ubuntu; Linux x86_64; rv:69.0) Gecko/20100101 Firefox/69.0",,,,"a355838f-adef-43a0-b106-0fda819fc4bb","1571356800000","Other","localhost",,,"0","209",,,"Festival of Lights - Demo","1571400000000","9c1dfcea-767c-49ee-b9a7-62f227578ec2","193.175.2.0","false","true","true","Verein zur Foerderung eines Deutschen Forschungsne","en-US","./livestream/master.m3u8","1571402700000","1569888000000",,"Ubuntu",,,"0","1",,"0","209","videojs",,"0","html5","videojs-7.6.0",,"BE","1200","1920","0","WINDOW","0","playing","hls","1571402744000","348f375f-32b3-4550-bc69-c49eb529d468","1038489",,"Horus Live","2816","2816","0","Horus Live","0","0","74074","74074",,,,,"web"
"v2.5.4","680","0",,"Firefox","69","0","4891",,"berlin","1571402749000","DE","761d236d-ca56-4a07-86d8-b4cf9878e0cd","Mozilla/5.0 (X11; Ubuntu; Linux x86_64; rv:69.0) Gecko/20100101 Firefox/69.0",,,,"a355838f-adef-43a0-b106-0fda819fc4bb","1571356800000","Other","localhost",,,"0","4891",,,"Festival of Lights - Demo","1571400000000","9c1dfcea-767c-49ee-b9a7-62f227578ec2","193.175.2.0","false","true","true","Verein zur Foerderung eines Deutschen Forschungsne","en-US","./livestream/master.m3u8","1571402700000","1569888000000",,"Ubuntu",,,"0","1",,"0","0","videojs",,"0","html5","videojs-7.6.0",,"BE","1200","1920","0","WINDOW","0","rebuffering","hls","1571402749000","348f375f-32b3-4550-bc69-c49eb529d468","1038489",,"Horus Live","2816","2816","0","Horus Live","0","0","74241","74074",,,,,"web"
"v2.5.4","680","0",,"Firefox","69","0","0",,"berlin","1571402749000","DE","761d236d-ca56-4a07-86d8-b4cf9878e0cd","Mozilla/5.0 (X11; Ubuntu; Linux x86_64; rv:69.0) Gecko/20100101 Firefox/69.0",,,,"a355838f-adef-43a0-b106-0fda819fc4bb","1571356800000","Other","localhost",,,"0","0",,,"Festival of Lights - Demo","1571400000000","9c1dfcea-767c-49ee-b9a7-62f227578ec2","193.175.2.0","false","true","true","Verein zur Foerderung eines Deutschen Forschungsne","en-US","./livestream/master.m3u8","1571402700000","1569888000000",,"Ubuntu",,,"0","1",,"0","0","videojs",,"0","html5","videojs-7.6.0",,"BE","1200","1920","0","WINDOW","0","playing","hls","1571402749000","348f375f-32b3-4550-bc69-c49eb529d468","1038489",,"Horus Live","2816","2816","0","Horus Live","0","0","74241","74241",,,,,"web"
"v2.5.4","680","0",,"Firefox","69","0","0",,"berlin","1571402749000","DE","761d236d-ca56-4a07-86d8-b4cf9878e0cd","Mozilla/5.0 (X11; Ubuntu; Linux x86_64; rv:69.0) Gecko/20100101 Firefox/69.0",,,,"a355838f-adef-43a0-b106-0fda819fc4bb","1571356800000","Other","localhost",,,"0","0",,,"Festival of Lights - Demo","1571400000000","9c1dfcea-767c-49ee-b9a7-62f227578ec2","193.175.2.0","false","true","true","Verein zur Foerderung eines Deutschen Forschungsne","en-US","./livestream/master.m3u8","1571402700000","1569888000000",,"Ubuntu",,,"0","1",,"0","0","videojs",,"0","html5","videojs-7.6.0",,"BE","1200","1920","0","WINDOW","0","qualitychange","hls","1571402749000","348f375f-32b3-4550-bc69-c49eb529d468","8000000",,"Horus Live","2816","2816","0","Horus Live","0","0","74241","74241",,,,,"web"
"v2.5.4","680","0",,"Firefox","69","0","0",,"berlin","1571402781000","DE","761d236d-ca56-4a07-86d8-b4cf9878e0cd","Mozilla/5.0 (X11; Ubuntu; Linux x86_64; rv:69.0) Gecko/20100101 Firefox/69.0",,,,"a355838f-adef-43a0-b106-0fda819fc4bb","1571356800000","Other","localhost",,,"0","31788",,,"Festival of Lights - Demo","1571400000000","9c1dfcea-767c-49ee-b9a7-62f227578ec2","193.175.2.0","false","true","true","Verein zur Foerderung eines Deutschen Forschungsne","en-US","./livestream/master.m3u8","1571402760000","1569888000000",,"Ubuntu",,,"0","1",,"0","31788","videojs",,"0","html5","videojs-7.6.0",,"BE","1200","1920","0","WINDOW","0","playing","hls","1571402781000","348f375f-32b3-4550-bc69-c49eb529d468","8000000",,"Horus Live","2816","2816","0","Horus Live","0","0","106101","74241",,,,,"web"
"v2.5.4","680","0",,"Firefox","69","0","2482",,"berlin","1571402783000","DE","761d236d-ca56-4a07-86d8-b4cf9878e0cd","Mozilla/5.0 (X11; Ubuntu; Linux x86_64; rv:69.0) Gecko/20100101 Firefox/69.0",,,,"a355838f-adef-43a0-b106-0fda819fc4bb","1571356800000","Other","localhost",,,"0","2482",,,"Festival of Lights - Demo","1571400000000","9c1dfcea-767c-49ee-b9a7-62f227578ec2","193.175.2.0","false","true","true","Verein zur Foerderung eines Deutschen Forschungsne","en-US","./livestream/master.m3u8","1571402760000","1569888000000",,"Ubuntu",,,"0","1",,"0","0","videojs",,"0","html5","videojs-7.6.0",,"BE","1200","1920","0","WINDOW","0","rebuffering","hls","1571402783000","348f375f-32b3-4550-bc69-c49eb529d468","8000000",,"Horus Live","2816","2816","0","Horus Live","0","0","106102","106101",,,,,"web"
"v2.5.4","680","0",,"Firefox","69","0","0",,"berlin","1571402783000","DE","761d236d-ca56-4a07-86d8-b4cf9878e0cd","Mozilla/5.0 (X11; Ubuntu; Linux x86_64; rv:69.0) Gecko/20100101 Firefox/69.0",,,,"a355838f-adef-43a0-b106-0fda819fc4bb","1571356800000","Other","localhost",,,"0","0",,,"Festival of Lights - Demo","1571400000000","9c1dfcea-767c-49ee-b9a7-62f227578ec2","193.175.2.0","false","true","true","Verein zur Foerderung eines Deutschen Forschungsne","en-US","./livestream/master.m3u8","1571402760000","1569888000000",,"Ubuntu",,,"0","1",,"0","0","videojs",,"0","html5","videojs-7.6.0",,"BE","1200","1920","0","WINDOW","0","playing","hls","1571402783000","348f375f-32b3-4550-bc69-c49eb529d468","8000000",,"Horus Live","2816","2816","0","Horus Live","0","0","106102","106102",,,,,"web"
"v2.5.4","680","0",,"Firefox","69","0","0",,"berlin","1571402783000","DE","761d236d-ca56-4a07-86d8-b4cf9878e0cd","Mozilla/5.0 (X11; Ubuntu; Linux x86_64; rv:69.0) Gecko/20100101 Firefox/69.0",,,,"a355838f-adef-43a0-b106-0fda819fc4bb","1571356800000","Other","localhost",,,"0","0",,,"Festival of Lights - Demo","1571400000000","9c1dfcea-767c-49ee-b9a7-62f227578ec2","193.175.2.0","false","true","true","Verein zur Foerderung eines Deutschen Forschungsne","en-US","./livestream/master.m3u8","1571402760000","1569888000000",,"Ubuntu",,,"0","1",,"0","0","videojs",,"0","html5","videojs-7.6.0",,"BE","1200","1920","0","WINDOW","0","qualitychange","hls","1571402783000","348f375f-32b3-4550-bc69-c49eb529d468","6000000",,"Horus Live","2816","2816","0","Horus Live","0","0","106102","106102",,,,,"web"
"v2.5.4","680","0",,"Firefox","69","0","0",,"berlin","1571402787000","DE","761d236d-ca56-4a07-86d8-b4cf9878e0cd","Mozilla/5.0 (X11; Ubuntu; Linux x86_64; rv:69.0) Gecko/20100101 Firefox/69.0",,,,"a355838f-adef-43a0-b106-0fda819fc4bb","1571356800000","Other","localhost",,,"0","3979",,,"Festival of Lights - Demo","1571400000000","9c1dfcea-767c-49ee-b9a7-62f227578ec2","193.175.2.0","false","true","true","Verein zur Foerderung eines Deutschen Forschungsne","en-US","./livestream/master.m3u8","1571402760000","1569888000000",,"Ubuntu",,,"0","1",,"0","3979","videojs",,"0","html5","videojs-7.6.0",,"BE","1200","1920","0","WINDOW","0","playing","hls","1571402787000","348f375f-32b3-4550-bc69-c49eb529d468","6000000",,"Horus Live","2816","2816","0","Horus Live","0","0","110087","106102",,,,,"web"
"v2.5.4","680","0",,"Firefox","69","0","1077",,"berlin","1571402788000","DE","761d236d-ca56-4a07-86d8-b4cf9878e0cd","Mozilla/5.0 (X11; Ubuntu; Linux x86_64; rv:69.0) Gecko/20100101 Firefox/69.0",,,,"a355838f-adef-43a0-b106-0fda819fc4bb","1571356800000","Other","localhost",,,"0","1077",,,"Festival of Lights - Demo","1571400000000","9c1dfcea-767c-49ee-b9a7-62f227578ec2","193.175.2.0","false","true","true","Verein zur Foerderung eines Deutschen Forschungsne","en-US","./livestream/master.m3u8","1571402760000","1569888000000",,"Ubuntu",,,"0","1",,"0","0","videojs",,"0","html5","videojs-7.6.0",,"BE","1200","1920","0","WINDOW","0","rebuffering","hls","1571402788000","348f375f-32b3-4550-bc69-c49eb529d468","6000000",,"Horus Live","2816","2816","0","Horus Live","0","0","110087","110087",,,,,"web"
"v2.5.4","680","0",,"Firefox","69","0","0",,"berlin","1571402790000","DE","761d236d-ca56-4a07-86d8-b4cf9878e0cd","Mozilla/5.0 (X11; Ubuntu; Linux x86_64; rv:69.0) Gecko/20100101 Firefox/69.0",,,,"a355838f-adef-43a0-b106-0fda819fc4bb","1571356800000","Other","localhost",,,"0","2008",,,"Festival of Lights - Demo","1571400000000","9c1dfcea-767c-49ee-b9a7-62f227578ec2","193.175.2.0","false","true","true","Verein zur Foerderung eines Deutschen Forschungsne","en-US","./livestream/master.m3u8","1571402760000","1569888000000",,"Ubuntu",,,"0","1",,"0","2008","videojs",,"0","html5","videojs-7.6.0",,"BE","1200","1920","0","WINDOW","0","playing","hls","1571402790000","348f375f-32b3-4550-bc69-c49eb529d468","6000000",,"Horus Live","2816","2816","0","Horus Live","0","0","112101","110087",,,,,"web"
"v2.5.4","680","0",,"Firefox","69","0","1018",,"berlin","1571402791000","DE","761d236d-ca56-4a07-86d8-b4cf9878e0cd","Mozilla/5.0 (X11; Ubuntu; Linux x86_64; rv:69.0) Gecko/20100101 Firefox/69.0",,,,"a355838f-adef-43a0-b106-0fda819fc4bb","1571356800000","Other","localhost",,,"0","1018",,,"Festival of Lights - Demo","1571400000000","9c1dfcea-767c-49ee-b9a7-62f227578ec2","193.175.2.0","false","true","true","Verein zur Foerderung eines Deutschen Forschungsne","en-US","./livestream/master.m3u8","1571402760000","1569888000000",,"Ubuntu",,,"0","1",,"0","0","videojs",,"0","html5","videojs-7.6.0",,"BE","1200","1920","0","WINDOW","0","rebuffering","hls","1571402791000","348f375f-32b3-4550-bc69-c49eb529d468","6000000",,"Horus Live","2816","2816","0","Horus Live","0","0","112101","112101",,,,,"web"
"v2.5.4","680","0",,"Firefox","69","0","0",,"berlin","1571402809000","DE","761d236d-ca56-4a07-86d8-b4cf9878e0cd","Mozilla/5.0 (X11; Ubuntu; Linux x86_64; rv:69.0) Gecko/20100101 Firefox/69.0",,,,"a355838f-adef-43a0-b106-0fda819fc4bb","1571356800000","Other","localhost",,,"0","18020",,,"Festival of Lights - Demo","1571400000000","9c1dfcea-767c-49ee-b9a7-62f227578ec2","193.175.2.0","false","true","true","Verein zur Foerderung eines Deutschen Forschungsne","en-US","./livestream/master.m3u8","1571402760000","1569888000000",,"Ubuntu",,,"0","1",,"0","18020","videojs",,"0","html5","videojs-7.6.0",,"BE","1200","1920","0","WINDOW","0","playing","hls","1571402809000","348f375f-32b3-4550-bc69-c49eb529d468","6000000",,"Horus Live","2816","2816","0","Horus Live","0","0","130130","112101",,,,,"web"
"v2.5.4","680","0",,"Firefox","69","0","358",,"berlin","1571402810000","DE","761d236d-ca56-4a07-86d8-b4cf9878e0cd","Mozilla/5.0 (X11; Ubuntu; Linux x86_64; rv:69.0) Gecko/20100101 Firefox/69.0",,,,"a355838f-adef-43a0-b106-0fda819fc4bb","1571356800000","Other","localhost",,,"0","358",,,"Festival of Lights - Demo","1571400000000","9c1dfcea-767c-49ee-b9a7-62f227578ec2","193.175.2.0","false","true","true","Verein zur Foerderung eines Deutschen Forschungsne","en-US","./livestream/master.m3u8","1571402760000","1569888000000",,"Ubuntu",,,"0","1",,"0","0","videojs",,"0","html5","videojs-7.6.0",,"BE","1200","1920","0","WINDOW","0","rebuffering","hls","1571402810000","348f375f-32b3-4550-bc69-c49eb529d468","6000000",,"Horus Live","2816","2816","0","Horus Live","0","0","130130","130130",,,,,"web"
"v2.5.4","680","0",,"Firefox","69","0","0",,"berlin","1571402810000","DE","761d236d-ca56-4a07-86d8-b4cf9878e0cd","Mozilla/5.0 (X11; Ubuntu; Linux x86_64; rv:69.0) Gecko/20100101 Firefox/69.0",,,,"a355838f-adef-43a0-b106-0fda819fc4bb","1571356800000","Other","localhost",,,"0","0",,,"Festival of Lights - Demo","1571400000000","9c1dfcea-767c-49ee-b9a7-62f227578ec2","193.175.2.0","false","true","true","Verein zur Foerderung eines Deutschen Forschungsne","en-US","./livestream/master.m3u8","1571402760000","1569888000000",,"Ubuntu",,,"0","1",,"0","0","videojs",,"0","html5","videojs-7.6.0",,"BE","1200","1920","0","WINDOW","0","playing","hls","1571402810000","348f375f-32b3-4550-bc69-c49eb529d468","6000000",,"Horus Live","2816","2816","0","Horus Live","0","0","130130","130130",,,,,"web"
"v2.5.4","680","0",,"Firefox","69","0","0",,"berlin","1571402810000","DE","761d236d-ca56-4a07-86d8-b4cf9878e0cd","Mozilla/5.0 (X11; Ubuntu; Linux x86_64; rv:69.0) Gecko/20100101 Firefox/69.0",,,,"a355838f-adef-43a0-b106-0fda819fc4bb","1571356800000","Other","localhost",,,"0","0",,,"Festival of Lights - Demo","1571400000000","9c1dfcea-767c-49ee-b9a7-62f227578ec2","193.175.2.0","false","true","true","Verein zur Foerderung eines Deutschen Forschungsne","en-US","./livestream/master.m3u8","1571402760000","1569888000000",,"Ubuntu",,,"0","1",,"0","0","videojs",,"0","html5","videojs-7.6.0",,"BE","1200","1920","0","WINDOW","0","qualitychange","hls","1571402810000","348f375f-32b3-4550-bc69-c49eb529d468","4000000",,"Horus Live","2816","2816","0","Horus Live","0","0","130130","130130",,,,,"web"
"v2.5.4","680","0",,"Firefox","69","0","0",,"berlin","1571402814000","DE","761d236d-ca56-4a07-86d8-b4cf9878e0cd","Mozilla/5.0 (X11; Ubuntu; Linux x86_64; rv:69.0) Gecko/20100101 Firefox/69.0",,,,"a355838f-adef-43a0-b106-0fda819fc4bb","1571356800000","Other","localhost",,,"0","3958",,,"Festival of Lights - Demo","1571400000000","9c1dfcea-767c-49ee-b9a7-62f227578ec2","193.175.2.0","false","true","true","Verein zur Foerderung eines Deutschen Forschungsne","en-US","./livestream/master.m3u8","1571402760000","1569888000000",,"Ubuntu",,,"0","1",,"0","3958","videojs",,"0","html5","videojs-7.6.0",,"BE","1200","1920","0","WINDOW","0","playing","hls","1571402814000","348f375f-32b3-4550-bc69-c49eb529d468","4000000",,"Horus Live","2816","2816","0","Horus Live","0","0","134109","130130",,,,,"web"
"v2.5.4","680","0",,"Firefox","69","0","893",,"berlin","1571402814000","DE","761d236d-ca56-4a07-86d8-b4cf9878e0cd","Mozilla/5.0 (X11; Ubuntu; Linux x86_64; rv:69.0) Gecko/20100101 Firefox/69.0",,,,"a355838f-adef-43a0-b106-0fda819fc4bb","1571356800000","Other","localhost",,,"0","893",,,"Festival of Lights - Demo","1571400000000","9c1dfcea-767c-49ee-b9a7-62f227578ec2","193.175.2.0","false","true","true","Verein zur Foerderung eines Deutschen Forschungsne","en-US","./livestream/master.m3u8","1571402760000","1569888000000",,"Ubuntu",,,"0","1",,"0","0","videojs",,"0","html5","videojs-7.6.0",,"BE","1200","1920","0","WINDOW","0","rebuffering","hls","1571402814000","348f375f-32b3-4550-bc69-c49eb529d468","4000000",,"Horus Live","2816","2816","0","Horus Live","0","0","134109","134109",,,,,"web"
"v2.5.4","680","0",,"Firefox","69","0","266",,"berlin","1571402837000","DE","761d236d-ca56-4a07-86d8-b4cf9878e0cd","Mozilla/5.0 (X11; Ubuntu; Linux x86_64; rv:69.0) Gecko/20100101 Firefox/69.0",,,,"a355838f-adef-43a0-b106-0fda819fc4bb","1571356800000","Other","localhost",,,"0","266",,,"Festival of Lights - Demo","1571400000000","9c1dfcea-767c-49ee-b9a7-62f227578ec2","193.175.2.0","false","true","true","Verein zur Foerderung eines Deutschen Forschungsne","en-US","./livestream/master.m3u8","1571402820000","1569888000000",,"Ubuntu",,,"0","1",,"0","0","videojs",,"0","html5","videojs-7.6.0",,"BE","1200","1920","0","WINDOW","0","rebuffering","hls","1571402837000","348f375f-32b3-4550-bc69-c49eb529d468","4000000",,"Horus Live","2816","2816","0","Horus Live","0","0","156283","156156",,,,,"web"
"v2.5.4","680","0",,"Firefox","69","0","0",,"berlin","1571402837000","DE","761d236d-ca56-4a07-86d8-b4cf9878e0cd","Mozilla/5.0 (X11; Ubuntu; Linux x86_64; rv:69.0) Gecko/20100101 Firefox/69.0",,,,"a355838f-adef-43a0-b106-0fda819fc4bb","1571356800000","Other","localhost",,,"0","22036",,,"Festival of Lights - Demo","1571400000000","9c1dfcea-767c-49ee-b9a7-62f227578ec2","193.175.2.0","false","true","true","Verein zur Foerderung eines Deutschen Forschungsne","en-US","./livestream/master.m3u8","1571402820000","1569888000000",,"Ubuntu",,,"0","1",,"0","22036","videojs",,"0","html5","videojs-7.6.0",,"BE","1200","1920","0","WINDOW","0","playing","hls","1571402837000","348f375f-32b3-4550-bc69-c49eb529d468","4000000",,"Horus Live","2816","2816","0","Horus Live","0","0","156156","134109",,,,,"web"
"v2.5.4","680","0",,"Firefox","69","0","0",,"berlin","1571402851000","DE","761d236d-ca56-4a07-86d8-b4cf9878e0cd","Mozilla/5.0 (X11; Ubuntu; Linux x86_64; rv:69.0) Gecko/20100101 Firefox/69.0",,,,"a355838f-adef-43a0-b106-0fda819fc4bb","1571356800000","Other","localhost",,,"0","13886",,,"Festival of Lights - Demo","1571400000000","9c1dfcea-767c-49ee-b9a7-62f227578ec2","193.175.2.0","false","true","true","Verein zur Foerderung eines Deutschen Forschungsne","en-US","./livestream/master.m3u8","1571402820000","1569888000000",,"Ubuntu",,,"0","1",,"0","13886","videojs",,"0","html5","videojs-7.6.0",,"BE","1200","1920","0","WINDOW","0","playing","hls","1571402851000","348f375f-32b3-4550-bc69-c49eb529d468","4000000",,"Horus Live","2816","2816","0","Horus Live","0","0","170163","156283",,,,,"web"
"v2.5.4","680","0",,"Firefox","69","0","287",,"berlin","1571402851000","DE","761d236d-ca56-4a07-86d8-b4cf9878e0cd","Mozilla/5.0 (X11; Ubuntu; Linux x86_64; rv:69.0) Gecko/20100101 Firefox/69.0",,,,"a355838f-adef-43a0-b106-0fda819fc4bb","1571356800000","Other","localhost",,,"0","287",,,"Festival of Lights - Demo","1571400000000","9c1dfcea-767c-49ee-b9a7-62f227578ec2","193.175.2.0","false","true","true","Verein zur Foerderung eines Deutschen Forschungsne","en-US","./livestream/master.m3u8","1571402820000","1569888000000",,"Ubuntu",,,"0","1",,"0","0","videojs",,"0","html5","videojs-7.6.0",,"BE","1200","1920","0","WINDOW","0","rebuffering","hls","1571402851000","348f375f-32b3-4550-bc69-c49eb529d468","4000000",,"Horus Live","2816","2816","0","Horus Live","0","0","170364","170163",,,,,"web"
"v2.5.4","680","0",,"Firefox","69","0","0",,"berlin","1571402855000","DE","761d236d-ca56-4a07-86d8-b4cf9878e0cd","Mozilla/5.0 (X11; Ubuntu; Linux x86_64; rv:69.0) Gecko/20100101 Firefox/69.0",,,,"a355838f-adef-43a0-b106-0fda819fc4bb","1571356800000","Other","localhost",,,"0","3796",,,"Festival of Lights - Demo","1571400000000","9c1dfcea-767c-49ee-b9a7-62f227578ec2","193.175.2.0","false","true","true","Verein zur Foerderung eines Deutschen Forschungsne","en-US","./livestream/master.m3u8","1571402820000","1569888000000",,"Ubuntu",,,"0","1",,"0","3796","videojs",,"0","html5","videojs-7.6.0",,"BE","1200","1920","0","WINDOW","0","playing","hls","1571402855000","348f375f-32b3-4550-bc69-c49eb529d468","4000000",,"Horus Live","2816","2816","0","Horus Live","0","0","174154","170364",,,,,"web"
"v2.5.4","680","0",,"Firefox","69","0","2242",,"berlin","1571402857000","DE","761d236d-ca56-4a07-86d8-b4cf9878e0cd","Mozilla/5.0 (X11; Ubuntu; Linux x86_64; rv:69.0) Gecko/20100101 Firefox/69.0",,,,"a355838f-adef-43a0-b106-0fda819fc4bb","1571356800000","Other","localhost",,,"0","2242",,,"Festival of Lights - Demo","1571400000000","9c1dfcea-767c-49ee-b9a7-62f227578ec2","193.175.2.0","false","true","true","Verein zur Foerderung eines Deutschen Forschungsne","en-US","./livestream/master.m3u8","1571402820000","1569888000000",,"Ubuntu",,,"0","1",,"0","0","videojs",,"0","html5","videojs-7.6.0",,"BE","1200","1920","0","WINDOW","0","rebuffering","hls","1571402857000","348f375f-32b3-4550-bc69-c49eb529d468","4000000",,"Horus Live","2816","2816","0","Horus Live","0","0","174154","174154",,,,,"web"
"v2.5.4","680","0",,"Firefox","69","0","0",,"berlin","1571402857000","DE","761d236d-ca56-4a07-86d8-b4cf9878e0cd","Mozilla/5.0 (X11; Ubuntu; Linux x86_64; rv:69.0) Gecko/20100101 Firefox/69.0",,,,"a355838f-adef-43a0-b106-0fda819fc4bb","1571356800000","Other","localhost",,,"0","2",,,"Festival of Lights - Demo","1571400000000","9c1dfcea-767c-49ee-b9a7-62f227578ec2","193.175.2.0","false","true","true","Verein zur Foerderung eines Deutschen Forschungsne","en-US","./livestream/master.m3u8","1571402820000","1569888000000",,"Ubuntu",,,"0","1",,"0","2","videojs",,"0","html5","videojs-7.6.0",,"BE","1200","1920","0","WINDOW","0","playing","hls","1571402857000","348f375f-32b3-4550-bc69-c49eb529d468","4000000",,"Horus Live","2816","2816","0","Horus Live","0","0","174154","174154",,,,,"web"
"v2.5.4","680","0",,"Firefox","69","0","0",,"berlin","1571402857000","DE","761d236d-ca56-4a07-86d8-b4cf9878e0cd","Mozilla/5.0 (X11; Ubuntu; Linux x86_64; rv:69.0) Gecko/20100101 Firefox/69.0",,,,"a355838f-adef-43a0-b106-0fda819fc4bb","1571356800000","Other","localhost",,,"0","0",,,"Festival of Lights - Demo","1571400000000","9c1dfcea-767c-49ee-b9a7-62f227578ec2","193.175.2.0","false","true","true","Verein zur Foerderung eines Deutschen Forschungsne","en-US","./livestream/master.m3u8","1571402820000","1569888000000",,"Ubuntu",,,"0","1",,"0","0","videojs",,"0","html5","videojs-7.6.0",,"BE","1200","1920","0","WINDOW","0","qualitychange","hls","1571402857000","348f375f-32b3-4550-bc69-c49eb529d468","8000000",,"Horus Live","2816","2816","0","Horus Live","0","0","174154","174154",,,,,"web"
"v2.5.4","680","0",,"Firefox","69","0","0",,"berlin","1571402875000","DE","761d236d-ca56-4a07-86d8-b4cf9878e0cd","Mozilla/5.0 (X11; Ubuntu; Linux x86_64; rv:69.0) Gecko/20100101 Firefox/69.0",,,,"a355838f-adef-43a0-b106-0fda819fc4bb","1571356800000","Other","localhost",,,"0","18021",,,"Festival of Lights - Demo","1571400000000","9c1dfcea-767c-49ee-b9a7-62f227578ec2","193.175.2.0","false","true","true","Verein zur Foerderung eines Deutschen Forschungsne","en-US","./livestream/master.m3u8","1571402820000","1569888000000",,"Ubuntu",,,"0","1",,"0","18021","videojs",,"0","html5","videojs-7.6.0",,"BE","1200","1920","0","WINDOW","0","playing","hls","1571402875000","348f375f-32b3-4550-bc69-c49eb529d468","8000000",,"Horus Live","2816","2816","0","Horus Live","0","0","192175","174154",,,,,"web"
"v2.5.4","680","0",,"Firefox","69","0","0",,"berlin","1571402880000","DE","761d236d-ca56-4a07-86d8-b4cf9878e0cd","Mozilla/5.0 (X11; Ubuntu; Linux x86_64; rv:69.0) Gecko/20100101 Firefox/69.0",,,,"a355838f-adef-43a0-b106-0fda819fc4bb","1571356800000","Other","localhost",,,"0","0",,,"Festival of Lights - Demo","1571400000000","9c1dfcea-767c-49ee-b9a7-62f227578ec2","193.175.2.0","false","true","true","Verein zur Foerderung eines Deutschen Forschungsne","en-US","./livestream/master.m3u8","1571402880000","1569888000000",,"Ubuntu",,,"0","1",,"0","0","videojs",,"0","html5","videojs-7.6.0",,"BE","1200","1920","0","WINDOW","0","playing","hls","1571402880000","348f375f-32b3-4550-bc69-c49eb529d468","8000000",,"Horus Live","2816","2816","0","Horus Live","0","0","192175","192175",,,,,"web"
"v2.5.4","680","0",,"Firefox","69","0","0",,"berlin","1571402880000","DE","761d236d-ca56-4a07-86d8-b4cf9878e0cd","Mozilla/5.0 (X11; Ubuntu; Linux x86_64; rv:69.0) Gecko/20100101 Firefox/69.0",,,,"a355838f-adef-43a0-b106-0fda819fc4bb","1571356800000","Other","localhost",,,"0","0",,,"Festival of Lights - Demo","1571400000000","9c1dfcea-767c-49ee-b9a7-62f227578ec2","193.175.2.0","false","true","true","Verein zur Foerderung eines Deutschen Forschungsne","en-US","./livestream/master.m3u8","1571402880000","1569888000000",,"Ubuntu",,,"0","1",,"0","0","videojs",,"0","html5","videojs-7.6.0",,"BE","1200","1920","0","WINDOW","0","qualitychange","hls","1571402880000","348f375f-32b3-4550-bc69-c49eb529d468","1038489",,"Horus Live","2816","2816","0","Horus Live","0","0","192175","192175",,,,,"web"
"v2.5.4","680","0",,"Firefox","69","0","4915",,"berlin","1571402880000","DE","761d236d-ca56-4a07-86d8-b4cf9878e0cd","Mozilla/5.0 (X11; Ubuntu; Linux x86_64; rv:69.0) Gecko/20100101 Firefox/69.0",,,,"a355838f-adef-43a0-b106-0fda819fc4bb","1571356800000","Other","localhost",,,"0","4915",,,"Festival of Lights - Demo","1571400000000","9c1dfcea-767c-49ee-b9a7-62f227578ec2","193.175.2.0","false","true","true","Verein zur Foerderung eines Deutschen Forschungsne","en-US","./livestream/master.m3u8","1571402880000","1569888000000",,"Ubuntu",,,"0","1",,"0","0","videojs",,"0","html5","videojs-7.6.0",,"BE","1200","1920","0","WINDOW","0","rebuffering","hls","1571402880000","348f375f-32b3-4550-bc69-c49eb529d468","8000000",,"Horus Live","2816","2816","0","Horus Live","0","0","192175","192175",,,,,"web"
"v2.5.4","680","0",,"Firefox","69","0","0",,"berlin","1571402940000","DE","761d236d-ca56-4a07-86d8-b4cf9878e0cd","Mozilla/5.0 (X11; Ubuntu; Linux x86_64; rv:69.0) Gecko/20100101 Firefox/69.0",,,,"a355838f-adef-43a0-b106-0fda819fc4bb","1571356800000","Other","localhost",,,"0","59782",,,"Festival of Lights - Demo","1571400000000","9c1dfcea-767c-49ee-b9a7-62f227578ec2","193.175.2.0","false","true","true","Verein zur Foerderung eines Deutschen Forschungsne","en-US","./livestream/master.m3u8","1571402940000","1569888000000",,"Ubuntu",,,"0","1",,"0","59782","videojs",,"0","html5","videojs-7.6.0",,"BE","1200","1920","0","WINDOW","0","playing","hls","1571402940000","348f375f-32b3-4550-bc69-c49eb529d468","1038489",,"Horus Live","2816","2816","0","Horus Live","0","0","251964","192175",,,,,"web"
"v2.5.4","680","0",,"Firefox","69","0","0",,"berlin","1571402999000","DE","761d236d-ca56-4a07-86d8-b4cf9878e0cd","Mozilla/5.0 (X11; Ubuntu; Linux x86_64; rv:69.0) Gecko/20100101 Firefox/69.0",,,,"a355838f-adef-43a0-b106-0fda819fc4bb","1571356800000","Other","localhost",,,"0","59702",,,"Festival of Lights - Demo","1571400000000","9c1dfcea-767c-49ee-b9a7-62f227578ec2","193.175.2.0","false","true","true","Verein zur Foerderung eines Deutschen Forschungsne","en-US","./livestream/master.m3u8","1571402940000","1569888000000",,"Ubuntu",,,"0","1",,"0","59702","videojs",,"0","html5","videojs-7.6.0",,"BE","1200","1920","0","WINDOW","0","playing","hls","1571402999000","348f375f-32b3-4550-bc69-c49eb529d468","1038489",,"Horus Live","2816","2816","0","Horus Live","0","0","311659","251964",,,,,"web"
"v2.5.4","680","0",,"Firefox","69","0","0",,"berlin","1571403059000","DE","761d236d-ca56-4a07-86d8-b4cf9878e0cd","Mozilla/5.0 (X11; Ubuntu; Linux x86_64; rv:69.0) Gecko/20100101 Firefox/69.0",,,,"a355838f-adef-43a0-b106-0fda819fc4bb","1571356800000","Other","localhost",,,"0","59920",,,"Festival of Lights - Demo","1571400000000","9c1dfcea-767c-49ee-b9a7-62f227578ec2","193.175.2.0","false","true","true","Verein zur Foerderung eines Deutschen Forschungsne","en-US","./livestream/master.m3u8","1571403000000","1569888000000",,"Ubuntu",,,"0","1",,"0","59920","videojs",,"0","html5","videojs-7.6.0",,"BE","1200","1920","0","WINDOW","0","playing","hls","1571403059000","348f375f-32b3-4550-bc69-c49eb529d468","1038489",,"Horus Live","2816","2816","0","Horus Live","0","0","371576","311659",,,,,"web"
"v2.5.4","680","0",,"Firefox","69","0","0",,"berlin","1571403119000","DE","761d236d-ca56-4a07-86d8-b4cf9878e0cd","Mozilla/5.0 (X11; Ubuntu; Linux x86_64; rv:69.0) Gecko/20100101 Firefox/69.0",,,,"a355838f-adef-43a0-b106-0fda819fc4bb","1571356800000","Other","localhost",,,"0","59738",,,"Festival of Lights - Demo","1571400000000","9c1dfcea-767c-49ee-b9a7-62f227578ec2","193.175.2.0","false","true","true","Verein zur Foerderung eines Deutschen Forschungsne","en-US","./livestream/master.m3u8","1571403060000","1569888000000",,"Ubuntu",,,"0","1",,"0","59738","videojs",,"0","html5","videojs-7.6.0",,"BE","1200","1920","0","WINDOW","0","playing","hls","1571403119000","348f375f-32b3-4550-bc69-c49eb529d468","1038489",,"Horus Live","2816","2816","0","Horus Live","0","0","431307","371576",,,,,"web"
"v2.5.4","680","0",,"Firefox","69","0","0",,"berlin","1571403158000","DE","761d236d-ca56-4a07-86d8-b4cf9878e0cd","Mozilla/5.0 (X11; Ubuntu; Linux x86_64; rv:69.0) Gecko/20100101 Firefox/69.0",,,,"a355838f-adef-43a0-b106-0fda819fc4bb","1571356800000","Other","localhost",,,"0","38410",,,"Festival of Lights - Demo","1571400000000","9c1dfcea-767c-49ee-b9a7-62f227578ec2","193.175.2.0","false","true","true","Verein zur Foerderung eines Deutschen Forschungsne","en-US","./livestream/master.m3u8","1571403120000","1569888000000",,"Ubuntu",,,"0","1",,"0","38410","videojs",,"0","html5","videojs-7.6.0",,"BE","1200","1920","0","WINDOW","0","playing","hls","1571403158000","348f375f-32b3-4550-bc69-c49eb529d468","1038489",,"Horus Live","2816","2816","0","Horus Live","0","0","469724","431307",,,,,"web"
"v2.5.4","680","0",,"Firefox","69","0","0",,"berlin","1571403158000","DE","761d236d-ca56-4a07-86d8-b4cf9878e0cd","Mozilla/5.0 (X11; Ubuntu; Linux x86_64; rv:69.0) Gecko/20100101 Firefox/69.0",,,,"a355838f-adef-43a0-b106-0fda819fc4bb","1571356800000","Other","localhost",,,"0","0",,,"Festival of Lights - Demo","1571400000000","9c1dfcea-767c-49ee-b9a7-62f227578ec2","193.175.2.0","false","true","true","Verein zur Foerderung eines Deutschen Forschungsne","en-US","./livestream/master.m3u8","1571403120000","1569888000000",,"Ubuntu",,,"0","1",,"0","0","videojs",,"0","html5","videojs-7.6.0",,"BE","1200","1920","0","WINDOW","0","qualitychange","hls","1571403158000","348f375f-32b3-4550-bc69-c49eb529d468","4000000",,"Horus Live","2816","2816","0","Horus Live","0","0","469724","469724",,,,,"web"
"v2.5.4","680","0",,"Firefox","69","0","0",,"berlin","1571403178000","DE","761d236d-ca56-4a07-86d8-b4cf9878e0cd","Mozilla/5.0 (X11; Ubuntu; Linux x86_64; rv:69.0) Gecko/20100101 Firefox/69.0",,,,"a355838f-adef-43a0-b106-0fda819fc4bb","1571356800000","Other","localhost",,,"0","20150",,,"Festival of Lights - Demo","1571400000000","9c1dfcea-767c-49ee-b9a7-62f227578ec2","193.175.2.0","false","true","true","Verein zur Foerderung eines Deutschen Forschungsne","en-US","./livestream/master.m3u8","1571403120000","1569888000000",,"Ubuntu",,,"0","1",,"0","20150","videojs",,"0","html5","videojs-7.6.0",,"BE","1200","1920","0","WINDOW","0","playing","hls","1571403178000","348f375f-32b3-4550-bc69-c49eb529d468","4000000",,"Horus Live","2816","2816","0","Horus Live","0","0","489883","469724",,,,,"web"
"v2.5.4","680","0",,"Firefox","69","0","0",,"berlin","1571403178000","DE","761d236d-ca56-4a07-86d8-b4cf9878e0cd","Mozilla/5.0 (X11; Ubuntu; Linux x86_64; rv:69.0) Gecko/20100101 Firefox/69.0",,,,"a355838f-adef-43a0-b106-0fda819fc4bb","1571356800000","Other","localhost",,,"0","0",,,"Festival of Lights - Demo","1571400000000","9c1dfcea-767c-49ee-b9a7-62f227578ec2","193.175.2.0","false","true","true","Verein zur Foerderung eines Deutschen Forschungsne","en-US","./livestream/master.m3u8","1571403120000","1569888000000",,"Ubuntu",,,"0","1",,"0","0","videojs",,"0","html5","videojs-7.6.0",,"BE","1200","1920","0","WINDOW","0","qualitychange","hls","1571403178000","348f375f-32b3-4550-bc69-c49eb529d468","8000000",,"Horus Live","2816","2816","0","Horus Live","0","0","489883","489883",,,,,"web"
"v2.5.4","680","0",,"Firefox","69","0","0",,"berlin","1571403218000","DE","761d236d-ca56-4a07-86d8-b4cf9878e0cd","Mozilla/5.0 (X11; Ubuntu; Linux x86_64; rv:69.0) Gecko/20100101 Firefox/69.0",,,,"a355838f-adef-43a0-b106-0fda819fc4bb","1571356800000","Other","localhost",,,"0","40636",,,"Festival of Lights - Demo","1571400000000","9c1dfcea-767c-49ee-b9a7-62f227578ec2","193.175.2.0","false","true","true","Verein zur Foerderung eines Deutschen Forschungsne","en-US","./livestream/master.m3u8","1571403180000","1569888000000",,"Ubuntu",,,"0","1",,"0","40636","videojs",,"0","html5","videojs-7.6.0",,"BE","1200","1920","0","WINDOW","0","playing","hls","1571403218000","348f375f-32b3-4550-bc69-c49eb529d468","8000000",,"Horus Live","2816","2816","0","Horus Live","0","0","530509","489883",,,,,"web"
"v2.5.4","680","0",,"Firefox","69","0","0",,"berlin","1571403219000","DE","761d236d-ca56-4a07-86d8-b4cf9878e0cd","Mozilla/5.0 (X11; Ubuntu; Linux x86_64; rv:69.0) Gecko/20100101 Firefox/69.0",,,,"a355838f-adef-43a0-b106-0fda819fc4bb","1571356800000","Other","localhost",,,"0","0",,,"Festival of Lights - Demo","1571400000000","9c1dfcea-767c-49ee-b9a7-62f227578ec2","193.175.2.0","false","true","true","Verein zur Foerderung eines Deutschen Forschungsne","en-US","./livestream/master.m3u8","1571403180000","1569888000000",,"Ubuntu",,,"0","1",,"0","0","videojs",,"0","html5","videojs-7.6.0",,"BE","1200","1920","0","WINDOW","0","qualitychange","hls","1571403219000","348f375f-32b3-4550-bc69-c49eb529d468","6000000",,"Horus Live","2816","2816","0","Horus Live","0","0","530509","530509",,,,,"web"
"v2.5.4","680","0",,"Firefox","69","0","989",,"berlin","1571403219000","DE","761d236d-ca56-4a07-86d8-b4cf9878e0cd","Mozilla/5.0 (X11; Ubuntu; Linux x86_64; rv:69.0) Gecko/20100101 Firefox/69.0",,,,"a355838f-adef-43a0-b106-0fda819fc4bb","1571356800000","Other","localhost",,,"0","989",,,"Festival of Lights - Demo","1571400000000","9c1dfcea-767c-49ee-b9a7-62f227578ec2","193.175.2.0","false","true","true","Verein zur Foerderung eines Deutschen Forschungsne","en-US","./livestream/master.m3u8","1571403180000","1569888000000",,"Ubuntu",,,"0","1",,"0","0","videojs",,"0","html5","videojs-7.6.0",,"BE","1200","1920","0","WINDOW","0","rebuffering","hls","1571403219000","348f375f-32b3-4550-bc69-c49eb529d468","8000000",,"Horus Live","2816","2816","0","Horus Live","0","0","530509","530509",,,,,"web"
"v2.5.4","680","0",,"Firefox","69","0","0",,"berlin","1571403219000","DE","761d236d-ca56-4a07-86d8-b4cf9878e0cd","Mozilla/5.0 (X11; Ubuntu; Linux x86_64; rv:69.0) Gecko/20100101 Firefox/69.0",,,,"a355838f-adef-43a0-b106-0fda819fc4bb","1571356800000","Other","localhost",,,"0","1",,,"Festival of Lights - Demo","1571400000000","9c1dfcea-767c-49ee-b9a7-62f227578ec2","193.175.2.0","false","true","true","Verein zur Foerderung eines Deutschen Forschungsne","en-US","./livestream/master.m3u8","1571403180000","1569888000000",,"Ubuntu",,,"0","1",,"0","1","videojs",,"0","html5","videojs-7.6.0",,"BE","1200","1920","0","WINDOW","0","playing","hls","1571403219000","348f375f-32b3-4550-bc69-c49eb529d468","8000000",,"Horus Live","2816","2816","0","Horus Live","0","0","530509","530509",,,,,"web"
"v2.5.4","680","0",,"Firefox","69","0","0",,"berlin","1571403279000","DE","761d236d-ca56-4a07-86d8-b4cf9878e0cd","Mozilla/5.0 (X11; Ubuntu; Linux x86_64; rv:69.0) Gecko/20100101 Firefox/69.0",,,,"a355838f-adef-43a0-b106-0fda819fc4bb","1571356800000","Other","localhost",,,"0","59795",,,"Festival of Lights - Demo","1571400000000","9c1dfcea-767c-49ee-b9a7-62f227578ec2","193.175.2.0","false","true","true","Verein zur Foerderung eines Deutschen Forschungsne","en-US","./livestream/master.m3u8","1571403240000","1569888000000",,"Ubuntu",,,"0","1",,"0","59795","videojs",,"0","html5","videojs-7.6.0",,"BE","1200","1920","0","WINDOW","0","playing","hls","1571403279000","348f375f-32b3-4550-bc69-c49eb529d468","6000000",,"Horus Live","2816","2816","0","Horus Live","0","0","590320","530509",,,,,"web"
"v2.5.4","680","0",,"Firefox","69","0","0",,"berlin","1571403339000","DE","761d236d-ca56-4a07-86d8-b4cf9878e0cd","Mozilla/5.0 (X11; Ubuntu; Linux x86_64; rv:69.0) Gecko/20100101 Firefox/69.0",,,,"a355838f-adef-43a0-b106-0fda819fc4bb","1571356800000","Other","localhost",,,"0","59980",,,"Festival of Lights - Demo","1571400000000","9c1dfcea-767c-49ee-b9a7-62f227578ec2","193.175.2.0","false","true","true","Verein zur Foerderung eines Deutschen Forschungsne","en-US","./livestream/master.m3u8","1571403300000","1569888000000",,"Ubuntu",,,"0","1",,"0","59980","videojs",,"0","html5","videojs-7.6.0",,"BE","1200","1920","0","WINDOW","0","playing","hls","1571403339000","348f375f-32b3-4550-bc69-c49eb529d468","6000000",,"Horus Live","2816","2816","0","Horus Live","0","0","650310","590320",,,,,"web"
"v2.5.4","680","0",,"Firefox","69","0","0",,"berlin","1571403371000","DE","761d236d-ca56-4a07-86d8-b4cf9878e0cd","Mozilla/5.0 (X11; Ubuntu; Linux x86_64; rv:69.0) Gecko/20100101 Firefox/69.0",,,,"a355838f-adef-43a0-b106-0fda819fc4bb","1571356800000","Other","localhost",,,"0","32365",,,"Festival of Lights - Demo","1571400000000","9c1dfcea-767c-49ee-b9a7-62f227578ec2","193.175.2.0","false","true","true","Verein zur Foerderung eines Deutschen Forschungsne","en-US","./livestream/master.m3u8","1571403360000","1569888000000",,"Ubuntu",,,"0","1",,"0","32365","videojs",,"0","html5","videojs-7.6.0",,"BE","1200","1920","0","WINDOW","0","playing","hls","1571403371000","348f375f-32b3-4550-bc69-c49eb529d468","6000000",,"Horus Live","2816","2816","0","Horus Live","0","0","682669","650310",,,,,"web"
"v2.5.4","680","0",,"Firefox","69","0","0",,"berlin","1571403373000","DE","761d236d-ca56-4a07-86d8-b4cf9878e0cd","Mozilla/5.0 (X11; Ubuntu; Linux x86_64; rv:69.0) Gecko/20100101 Firefox/69.0",,,,"a355838f-adef-43a0-b106-0fda819fc4bb","1571356800000","Other","localhost",,,"0","0",,,"Festival of Lights - Demo","1571400000000","9c1dfcea-767c-49ee-b9a7-62f227578ec2","193.175.2.0","false","true","true","Verein zur Foerderung eines Deutschen Forschungsne","en-US","./livestream/master.m3u8","1571403360000","1569888000000",,"Ubuntu",,,"0","1",,"0","0","videojs",,"0","html5","videojs-7.6.0",,"BE","1200","1920","0","WINDOW","0","qualitychange","hls","1571403373000","348f375f-32b3-4550-bc69-c49eb529d468","4000000",,"Horus Live","2816","2816","0","Horus Live","0","0","682669","682669",,,,,"web"
"v2.5.4","680","0",,"Firefox","69","0","0",,"berlin","1571403373000","DE","761d236d-ca56-4a07-86d8-b4cf9878e0cd","Mozilla/5.0 (X11; Ubuntu; Linux x86_64; rv:69.0) Gecko/20100101 Firefox/69.0",,,,"a355838f-adef-43a0-b106-0fda819fc4bb","1571356800000","Other","localhost",,,"0","0",,,"Festival of Lights - Demo","1571400000000","9c1dfcea-767c-49ee-b9a7-62f227578ec2","193.175.2.0","false","true","true","Verein zur Foerderung eines Deutschen Forschungsne","en-US","./livestream/master.m3u8","1571403360000","1569888000000",,"Ubuntu",,,"0","1",,"0","0","videojs",,"0","html5","videojs-7.6.0",,"BE","1200","1920","0","WINDOW","0","playing","hls","1571403373000","348f375f-32b3-4550-bc69-c49eb529d468","6000000",,"Horus Live","2816","2816","0","Horus Live","0","0","682669","682669",,,,,"web"
"v2.5.4","680","0",,"Firefox","69","0","1102",,"berlin","1571403373000","DE","761d236d-ca56-4a07-86d8-b4cf9878e0cd","Mozilla/5.0 (X11; Ubuntu; Linux x86_64; rv:69.0) Gecko/20100101 Firefox/69.0",,,,"a355838f-adef-43a0-b106-0fda819fc4bb","1571356800000","Other","localhost",,,"0","1102",,,"Festival of Lights - Demo","1571400000000","9c1dfcea-767c-49ee-b9a7-62f227578ec2","193.175.2.0","false","true","true","Verein zur Foerderung eines Deutschen Forschungsne","en-US","./livestream/master.m3u8","1571403360000","1569888000000",,"Ubuntu",,,"0","1",,"0","0","videojs",,"0","html5","videojs-7.6.0",,"BE","1200","1920","0","WINDOW","0","rebuffering","hls","1571403373000","348f375f-32b3-4550-bc69-c49eb529d468","6000000",,"Horus Live","2816","2816","0","Horus Live","0","0","682669","682669",,,,,"web"
"v2.5.4","680","0",,"Firefox","69","0","0",,"berlin","1571403432000","DE","761d236d-ca56-4a07-86d8-b4cf9878e0cd","Mozilla/5.0 (X11; Ubuntu; Linux x86_64; rv:69.0) Gecko/20100101 Firefox/69.0",,,,"a355838f-adef-43a0-b106-0fda819fc4bb","1571356800000","Other","localhost",,,"0","59948",,,"Festival of Lights - Demo","1571400000000","9c1dfcea-767c-49ee-b9a7-62f227578ec2","193.175.2.0","false","true","true","Verein zur Foerderung eines Deutschen Forschungsne","en-US","./livestream/master.m3u8","1571403420000","1569888000000",,"Ubuntu",,,"0","1",,"0","59948","videojs",,"0","html5","videojs-7.6.0",,"BE","1200","1920","0","WINDOW","0","playing","hls","1571403432000","348f375f-32b3-4550-bc69-c49eb529d468","4000000",,"Horus Live","2816","2816","0","Horus Live","0","0","742639","682669",,,,,"web"
"v2.5.4","680","0",,"Firefox","69","0","0",,"berlin","1571403492000","DE","761d236d-ca56-4a07-86d8-b4cf9878e0cd","Mozilla/5.0 (X11; Ubuntu; Linux x86_64; rv:69.0) Gecko/20100101 Firefox/69.0",,,,"a355838f-adef-43a0-b106-0fda819fc4bb","1571356800000","Other","localhost",,,"0","59868",,,"Festival of Lights - Demo","1571400000000","9c1dfcea-767c-49ee-b9a7-62f227578ec2","193.175.2.0","false","true","true","Verein zur Foerderung eines Deutschen Forschungsne","en-US","./livestream/master.m3u8","1571403480000","1569888000000",,"Ubuntu",,,"0","1",,"0","59868","videojs",,"0","html5","videojs-7.6.0",,"BE","1200","1920","0","WINDOW","0","playing","hls","1571403492000","348f375f-32b3-4550-bc69-c49eb529d468","4000000",,"Horus Live","2816","2816","0","Horus Live","0","0","802508","742639",,,,,"web"
"v2.5.4","680","0",,"Firefox","69","0","0",,"berlin","1571403524000","DE","761d236d-ca56-4a07-86d8-b4cf9878e0cd","Mozilla/5.0 (X11; Ubuntu; Linux x86_64; rv:69.0) Gecko/20100101 Firefox/69.0",,,,"a355838f-adef-43a0-b106-0fda819fc4bb","1571356800000","Other","localhost",,,"0","0",,,"Festival of Lights - Demo","1571400000000","9c1dfcea-767c-49ee-b9a7-62f227578ec2","193.175.2.0","false","true","true","Verein zur Foerderung eines Deutschen Forschungsne","en-US","./livestream/master.m3u8","1571403480000","1569888000000",,"Ubuntu",,,"0","1",,"0","0","videojs",,"0","html5","videojs-7.6.0",,"BE","1200","1920","0","WINDOW","0","qualitychange","hls","1571403524000","348f375f-32b3-4550-bc69-c49eb529d468","8000000",,"Horus Live","2816","2816","0","Horus Live","0","0","834152","834152",,,,,"web"
"v2.5.4","680","0",,"Firefox","69","0","0",,"berlin","1571403524000","DE","761d236d-ca56-4a07-86d8-b4cf9878e0cd","Mozilla/5.0 (X11; Ubuntu; Linux x86_64; rv:69.0) Gecko/20100101 Firefox/69.0",,,,"a355838f-adef-43a0-b106-0fda819fc4bb","1571356800000","Other","localhost",,,"0","31637",,,"Festival of Lights - Demo","1571400000000","9c1dfcea-767c-49ee-b9a7-62f227578ec2","193.175.2.0","false","true","true","Verein zur Foerderung eines Deutschen Forschungsne","en-US","./livestream/master.m3u8","1571403480000","1569888000000",,"Ubuntu",,,"0","1",,"0","31637","videojs",,"0","html5","videojs-7.6.0",,"BE","1200","1920","0","WINDOW","0","playing","hls","1571403524000","348f375f-32b3-4550-bc69-c49eb529d468","4000000",,"Horus Live","2816","2816","0","Horus Live","0","0","834152","802508",,,,,"web"
"v2.5.4","680","0",,"Firefox","69","0","574",,"berlin","1571403529000","DE","761d236d-ca56-4a07-86d8-b4cf9878e0cd","Mozilla/5.0 (X11; Ubuntu; Linux x86_64; rv:69.0) Gecko/20100101 Firefox/69.0",,,,"a355838f-adef-43a0-b106-0fda819fc4bb","1571356800000","Other","localhost",,,"0","574",,,"Festival of Lights - Demo","1571400000000","9c1dfcea-767c-49ee-b9a7-62f227578ec2","193.175.2.0","false","true","true","Verein zur Foerderung eines Deutschen Forschungsne","en-US","./livestream/master.m3u8","1571403480000","1569888000000",,"Ubuntu",,,"0","1",,"0","0","videojs",,"0","html5","videojs-7.6.0",,"BE","1200","1920","0","WINDOW","0","rebuffering","hls","1571403529000","348f375f-32b3-4550-bc69-c49eb529d468","8000000",,"Horus Live","2816","2816","0","Horus Live","0","0","838832","838832",,,,,"web"
"v2.5.4","680","0",,"Firefox","69","0","0",,"berlin","1571403529000","DE","761d236d-ca56-4a07-86d8-b4cf9878e0cd","Mozilla/5.0 (X11; Ubuntu; Linux x86_64; rv:69.0) Gecko/20100101 Firefox/69.0",,,,"a355838f-adef-43a0-b106-0fda819fc4bb","1571356800000","Other","localhost",,,"0","0",,,"Festival of Lights - Demo","1571400000000","9c1dfcea-767c-49ee-b9a7-62f227578ec2","193.175.2.0","false","true","true","Verein zur Foerderung eines Deutschen Forschungsne","en-US","./livestream/master.m3u8","1571403480000","1569888000000",,"Ubuntu",,,"0","1",,"0","0","videojs",,"0","html5","videojs-7.6.0",,"BE","1200","1920","0","WINDOW","0","qualitychange","hls","1571403529000","348f375f-32b3-4550-bc69-c49eb529d468","4000000",,"Horus Live","2816","2816","0","Horus Live","0","0","838832","838832",,,,,"web"
"v2.5.4","680","0",,"Firefox","69","0","0",,"berlin","1571403529000","DE","761d236d-ca56-4a07-86d8-b4cf9878e0cd","Mozilla/5.0 (X11; Ubuntu; Linux x86_64; rv:69.0) Gecko/20100101 Firefox/69.0",,,,"a355838f-adef-43a0-b106-0fda819fc4bb","1571356800000","Other","localhost",,,"0","1",,,"Festival of Lights - Demo","1571400000000","9c1dfcea-767c-49ee-b9a7-62f227578ec2","193.175.2.0","false","true","true","Verein zur Foerderung eines Deutschen Forschungsne","en-US","./livestream/master.m3u8","1571403480000","1569888000000",,"Ubuntu",,,"0","1",,"0","1","videojs",,"0","html5","videojs-7.6.0",,"BE","1200","1920","0","WINDOW","0","playing","hls","1571403529000","348f375f-32b3-4550-bc69-c49eb529d468","8000000",,"Horus Live","2816","2816","0","Horus Live","0","0","838832","838832",,,,,"web"
"v2.5.4","680","0",,"Firefox","69","0","0",,"berlin","1571403529000","DE","761d236d-ca56-4a07-86d8-b4cf9878e0cd","Mozilla/5.0 (X11; Ubuntu; Linux x86_64; rv:69.0) Gecko/20100101 Firefox/69.0",,,,"a355838f-adef-43a0-b106-0fda819fc4bb","1571356800000","Other","localhost",,,"0","4680",,,"Festival of Lights - Demo","1571400000000","9c1dfcea-767c-49ee-b9a7-62f227578ec2","193.175.2.0","false","true","true","Verein zur Foerderung eines Deutschen Forschungsne","en-US","./livestream/master.m3u8","1571403480000","1569888000000",,"Ubuntu",,,"0","1",,"0","4680","videojs",,"0","html5","videojs-7.6.0",,"BE","1200","1920","0","WINDOW","0","playing","hls","1571403529000","348f375f-32b3-4550-bc69-c49eb529d468","8000000",,"Horus Live","2816","2816","0","Horus Live","0","0","838832","834152",,,,,"web"
"v2.5.4","680","0",,"Firefox","69","0","0",,"berlin","1571403589000","DE","761d236d-ca56-4a07-86d8-b4cf9878e0cd","Mozilla/5.0 (X11; Ubuntu; Linux x86_64; rv:69.0) Gecko/20100101 Firefox/69.0",,,,"a355838f-adef-43a0-b106-0fda819fc4bb","1571356800000","Other","localhost",,,"0","59858",,,"Festival of Lights - Demo","1571400000000","9c1dfcea-767c-49ee-b9a7-62f227578ec2","193.175.2.0","false","true","true","Verein zur Foerderung eines Deutschen Forschungsne","en-US","./livestream/master.m3u8","1571403540000","1569888000000",,"Ubuntu",,,"0","1",,"0","59858","videojs",,"0","html5","videojs-7.6.0",,"BE","1200","1920","0","WINDOW","0","playing","hls","1571403589000","348f375f-32b3-4550-bc69-c49eb529d468","4000000",,"Horus Live","2816","2816","0","Horus Live","0","0","898709","838832",,,,,"web"
"v2.5.4","680","0",,"Firefox","69","0","0",,"berlin","1571403649000","DE","761d236d-ca56-4a07-86d8-b4cf9878e0cd","Mozilla/5.0 (X11; Ubuntu; Linux x86_64; rv:69.0) Gecko/20100101 Firefox/69.0",,,,"a355838f-adef-43a0-b106-0fda819fc4bb","1571356800000","Other","localhost",,,"0","59919",,,"Festival of Lights - Demo","1571403600000","9c1dfcea-767c-49ee-b9a7-62f227578ec2","193.175.2.0","false","true","true","Verein zur Foerderung eines Deutschen Forschungsne","en-US","./livestream/master.m3u8","1571403600000","1569888000000",,"Ubuntu",,,"0","1",,"0","59919","videojs",,"0","html5","videojs-7.6.0",,"BE","1200","1920","0","WINDOW","0","playing","hls","1571403649000","348f375f-32b3-4550-bc69-c49eb529d468","4000000",,"Horus Live","2816","2816","0","Horus Live","0","0","958629","898709",,,,,"web"
"v2.5.4","680","0",,"Firefox","69","0","0",,"berlin","1571403674000","DE","761d236d-ca56-4a07-86d8-b4cf9878e0cd","Mozilla/5.0 (X11; Ubuntu; Linux x86_64; rv:69.0) Gecko/20100101 Firefox/69.0",,,,"a355838f-adef-43a0-b106-0fda819fc4bb","1571356800000","Other","localhost",,,"0","24730",,,"Festival of Lights - Demo","1571403600000","9c1dfcea-767c-49ee-b9a7-62f227578ec2","193.175.2.0","false","true","true","Verein zur Foerderung eines Deutschen Forschungsne","en-US","./livestream/master.m3u8","1571403660000","1569888000000",,"Ubuntu",,,"0","1",,"0","24730","videojs",,"0","html5","videojs-7.6.0",,"BE","1200","1920","0","WINDOW","0","playing","hls","1571403674000","348f375f-32b3-4550-bc69-c49eb529d468","4000000",,"Horus Live","2816","2816","0","Horus Live","0","0","983357","958629",,,,,"web"
"v2.5.4","680","0",,"Firefox","69","0","0",,"berlin","1571403674000","DE","761d236d-ca56-4a07-86d8-b4cf9878e0cd","Mozilla/5.0 (X11; Ubuntu; Linux x86_64; rv:69.0) Gecko/20100101 Firefox/69.0",,,,"a355838f-adef-43a0-b106-0fda819fc4bb","1571356800000","Other","localhost",,,"0","0",,,"Festival of Lights - Demo","1571403600000","9c1dfcea-767c-49ee-b9a7-62f227578ec2","193.175.2.0","false","true","true","Verein zur Foerderung eines Deutschen Forschungsne","en-US","./livestream/master.m3u8","1571403660000","1569888000000",,"Ubuntu",,,"0","1",,"0","0","videojs",,"0","html5","videojs-7.6.0",,"BE","1200","1920","0","WINDOW","0","qualitychange","hls","1571403674000","348f375f-32b3-4550-bc69-c49eb529d468","6000000",,"Horus Live","2816","2816","0","Horus Live","0","0","983357","983357",,,,,"web"
"v2.5.4","680","0",,"Firefox","69","0","0",,"berlin","1571403677000","DE","761d236d-ca56-4a07-86d8-b4cf9878e0cd","Mozilla/5.0 (X11; Ubuntu; Linux x86_64; rv:69.0) Gecko/20100101 Firefox/69.0",,,,"a355838f-adef-43a0-b106-0fda819fc4bb","1571356800000","Other","localhost",,,"0","3618",,,"Festival of Lights - Demo","1571403600000","9c1dfcea-767c-49ee-b9a7-62f227578ec2","193.175.2.0","false","true","true","Verein zur Foerderung eines Deutschen Forschungsne","en-US","./livestream/master.m3u8","1571403660000","1569888000000",,"Ubuntu",,,"0","1",,"0","3618","videojs",,"0","html5","videojs-7.6.0",,"BE","1200","1920","0","WINDOW","0","playing","hls","1571403677000","348f375f-32b3-4550-bc69-c49eb529d468","6000000",,"Horus Live","2816","2816","0","Horus Live","0","0","986978","983357",,,,,"web"
"v2.5.4","680","0",,"Firefox","69","0","2282",,"berlin","1571403680000","DE","761d236d-ca56-4a07-86d8-b4cf9878e0cd","Mozilla/5.0 (X11; Ubuntu; Linux x86_64; rv:69.0) Gecko/20100101 Firefox/69.0",,,,"a355838f-adef-43a0-b106-0fda819fc4bb","1571356800000","Other","localhost",,,"0","2282",,,"Festival of Lights - Demo","1571403600000","9c1dfcea-767c-49ee-b9a7-62f227578ec2","193.175.2.0","false","true","true","Verein zur Foerderung eines Deutschen Forschungsne","en-US","./livestream/master.m3u8","1571403660000","1569888000000",,"Ubuntu",,,"0","1",,"0","0","videojs",,"0","html5","videojs-7.6.0",,"BE","1200","1920","0","WINDOW","0","rebuffering","hls","1571403680000","348f375f-32b3-4550-bc69-c49eb529d468","6000000",,"Horus Live","2816","2816","0","Horus Live","0","0","986978","986978",,,,,"web"
"v2.5.4","680","0",,"Firefox","69","0","0",,"berlin","1571403739000","DE","761d236d-ca56-4a07-86d8-b4cf9878e0cd","Mozilla/5.0 (X11; Ubuntu; Linux x86_64; rv:69.0) Gecko/20100101 Firefox/69.0",,,,"a355838f-adef-43a0-b106-0fda819fc4bb","1571356800000","Other","localhost",,,"0","59901",,,"Festival of Lights - Demo","1571403600000","9c1dfcea-767c-49ee-b9a7-62f227578ec2","193.175.2.0","false","true","true","Verein zur Foerderung eines Deutschen Forschungsne","en-US","./livestream/master.m3u8","1571403720000","1569888000000",,"Ubuntu",,,"0","1",,"0","59901","videojs",,"0","html5","videojs-7.6.0",,"BE","1200","1920","0","WINDOW","0","playing","hls","1571403739000","348f375f-32b3-4550-bc69-c49eb529d468","6000000",,"Horus Live","2816","2816","0","Horus Live","0","0","1046875","986978",,,,,"web"
"v2.5.4","680","0",,"Firefox","69","0","0",,"berlin","1571403799000","DE","761d236d-ca56-4a07-86d8-b4cf9878e0cd","Mozilla/5.0 (X11; Ubuntu; Linux x86_64; rv:69.0) Gecko/20100101 Firefox/69.0",,,,"a355838f-adef-43a0-b106-0fda819fc4bb","1571356800000","Other","localhost",,,"0","59969",,,"Festival of Lights - Demo","1571403600000","9c1dfcea-767c-49ee-b9a7-62f227578ec2","193.175.2.0","false","true","true","Verein zur Foerderung eines Deutschen Forschungsne","en-US","./livestream/master.m3u8","1571403780000","1569888000000",,"Ubuntu",,,"0","1",,"0","59969","videojs",,"0","html5","videojs-7.6.0",,"BE","1200","1920","0","WINDOW","0","playing","hls","1571403799000","348f375f-32b3-4550-bc69-c49eb529d468","6000000",,"Horus Live","2816","2816","0","Horus Live","0","0","1106852","1046875",,,,,"web"
"v2.5.4","680","0",,"Firefox","69","0","0",,"berlin","1571403830000","DE","761d236d-ca56-4a07-86d8-b4cf9878e0cd","Mozilla/5.0 (X11; Ubuntu; Linux x86_64; rv:69.0) Gecko/20100101 Firefox/69.0",,,,"a355838f-adef-43a0-b106-0fda819fc4bb","1571356800000","Other","localhost",,,"0","30751",,,"Festival of Lights - Demo","1571403600000","9c1dfcea-767c-49ee-b9a7-62f227578ec2","193.175.2.0","false","true","true","Verein zur Foerderung eines Deutschen Forschungsne","en-US","./livestream/master.m3u8","1571403780000","1569888000000",,"Ubuntu",,,"0","1",,"0","30751","videojs",,"0","html5","videojs-7.6.0",,"BE","1200","1920","0","WINDOW","0","playing","hls","1571403830000","348f375f-32b3-4550-bc69-c49eb529d468","6000000",,"Horus Live","2816","2816","0","Horus Live","0","0","1137600","1106852",,,,,"web"
"v2.5.4","680","0",,"Firefox","69","0","0",,"berlin","1571403830000","DE","761d236d-ca56-4a07-86d8-b4cf9878e0cd","Mozilla/5.0 (X11; Ubuntu; Linux x86_64; rv:69.0) Gecko/20100101 Firefox/69.0",,,,"a355838f-adef-43a0-b106-0fda819fc4bb","1571356800000","Other","localhost",,,"0","0",,,"Festival of Lights - Demo","1571403600000","9c1dfcea-767c-49ee-b9a7-62f227578ec2","193.175.2.0","false","true","true","Verein zur Foerderung eines Deutschen Forschungsne","en-US","./livestream/master.m3u8","1571403780000","1569888000000",,"Ubuntu",,,"0","1",,"0","0","videojs",,"0","html5","videojs-7.6.0",,"BE","1200","1920","0","WINDOW","0","qualitychange","hls","1571403830000","348f375f-32b3-4550-bc69-c49eb529d468","8000000",,"Horus Live","2816","2816","0","Horus Live","0","0","1137600","1137600",,,,,"web"
"v2.5.4","680","0",,"Firefox","69","0","0",,"berlin","1571403839000","DE","d7f438d5-8166-4d97-b130-bdccddbd26fa","Mozilla/5.0 (X11; Fedora; Linux x86_64; rv:69.0) Gecko/20100101 Firefox/69.0",,,,"2d1dc5e8-16f2-4de0-92fe-5acddeb5f0c9","1571356800000","Other","panoplay.duckdns.org",,,"0","62",,,"Festival of Lights - Demo","1571403600000","5d0e0436-a2fc-47e2-9702-df6869d2e2f0","193.175.2.0","false","false","true","Verein zur Foerderung eines Deutschen Forschungsne","en-US","./livestream/master.m3u8","1571403780000","1569888000000",,"Fedora",,,"827","1",,"0","0","videojs",,"62","html5","videojs-7.6.0",,"BE","900","1600","0","WINDOW","0","setup","hls","1571403839000","d94c2471-d22b-4689-b4f6-7df7f7dc65d9","0","0","Horus Live","0","0","0","Horus Live","0","0","0","0",,,,,"web"
"v2.5.4","680","0",,"Firefox","69","0","0",,"berlin","1571403840000","DE","d7f438d5-8166-4d97-b130-bdccddbd26fa","Mozilla/5.0 (X11; Fedora; Linux x86_64; rv:69.0) Gecko/20100101 Firefox/69.0",,,,"2d1dc5e8-16f2-4de0-92fe-5acddeb5f0c9","1571356800000","Other","panoplay.duckdns.org",,,"0","0",,,"Festival of Lights - Demo","1571403600000","5d0e0436-a2fc-47e2-9702-df6869d2e2f0","193.175.2.0","false","true","true","Verein zur Foerderung eines Deutschen Forschungsne","en-US","./livestream/master.m3u8","1571403840000","1569888000000",,"Fedora",,,"0","1",,"0","0","videojs",,"0","html5","videojs-7.6.0",,"BE","900","1600","0","WINDOW","0","qualitychange","hls","1571403840000","d94c2471-d22b-4689-b4f6-7df7f7dc65d9","8000000",,"Horus Live","2816","2816","0","Horus Live","0","0","1157156","1157156",,,,,"web"
"v2.5.4","680","0",,"Firefox","69","0","0",,"berlin","1571403840000","DE","d7f438d5-8166-4d97-b130-bdccddbd26fa","Mozilla/5.0 (X11; Fedora; Linux x86_64; rv:69.0) Gecko/20100101 Firefox/69.0",,,,"2d1dc5e8-16f2-4de0-92fe-5acddeb5f0c9","1571356800000","Other","panoplay.duckdns.org",,,"0","4",,,"Festival of Lights - Demo","1571403600000","5d0e0436-a2fc-47e2-9702-df6869d2e2f0","193.175.2.0","false","true","true","Verein zur Foerderung eines Deutschen Forschungsne","en-US","./livestream/master.m3u8","1571403840000","1569888000000",,"Fedora",,,"0","1",,"0","4","videojs",,"0","html5","videojs-7.6.0",,"BE","900","1600","0","WINDOW","0","playing","hls","1571403840000","d94c2471-d22b-4689-b4f6-7df7f7dc65d9","0",,"Horus Live","2816","2816","0","Horus Live","0","0","1157156","1157156",,,,,"web"
"v2.5.4","680","0","true","Firefox","69","0","0",,"berlin","1571403840000","DE","d7f438d5-8166-4d97-b130-bdccddbd26fa","Mozilla/5.0 (X11; Fedora; Linux x86_64; rv:69.0) Gecko/20100101 Firefox/69.0",,,,"2d1dc5e8-16f2-4de0-92fe-5acddeb5f0c9","1571356800000","Other","panoplay.duckdns.org",,,"0","689",,,"Festival of Lights - Demo","1571403600000","5d0e0436-a2fc-47e2-9702-df6869d2e2f0","193.175.2.0","false","true","true","Verein zur Foerderung eines Deutschen Forschungsne","en-US","./livestream/master.m3u8","1571403840000","1569888000000",,"Fedora",,,"0","1",,"0","0","videojs",,"0","html5","videojs-7.6.0",,"BE","900","1600","0","WINDOW","751","startup","hls","1571403840000","d94c2471-d22b-4689-b4f6-7df7f7dc65d9","0",,"Horus Live","2816","2816","689","Horus Live","0","0","1157156","0",,,,,"web"
"v2.5.4","680","0",,"Firefox","69","0","0",,"berlin","1571403850000","DE","d7f438d5-8166-4d97-b130-bdccddbd26fa","Mozilla/5.0 (X11; Fedora; Linux x86_64; rv:69.0) Gecko/20100101 Firefox/69.0",,,,"2d1dc5e8-16f2-4de0-92fe-5acddeb5f0c9","1571356800000","Other","panoplay.duckdns.org",,,"0","6115",,,"Festival of Lights - Demo","1571403600000","5d0e0436-a2fc-47e2-9702-df6869d2e2f0","193.175.2.0","false","true","true","Verein zur Foerderung eines Deutschen Forschungsne","en-US","./livestream/master.m3u8","1571403840000","1569888000000",,"Fedora",,,"0","1",,"0","6115","videojs",,"0","html5","videojs-7.6.0",,"BE","900","1600","0","WINDOW","0","playing","hls","1571403850000","d94c2471-d22b-4689-b4f6-7df7f7dc65d9","8000000",,"Horus Live","2816","2816","0","Horus Live","0","0","1163162","1157156",,,,,"web"
"v2.5.4","680","0",,"Firefox","69","0","4678",,"berlin","1571403851000","DE","d7f438d5-8166-4d97-b130-bdccddbd26fa","Mozilla/5.0 (X11; Fedora; Linux x86_64; rv:69.0) Gecko/20100101 Firefox/69.0",,,,"2d1dc5e8-16f2-4de0-92fe-5acddeb5f0c9","1571356800000","Other","panoplay.duckdns.org",,,"0","4678",,,"Festival of Lights - Demo","1571403600000","5d0e0436-a2fc-47e2-9702-df6869d2e2f0","193.175.2.0","false","true","true","Verein zur Foerderung eines Deutschen Forschungsne","en-US","./livestream/master.m3u8","1571403840000","1569888000000",,"Fedora",,,"0","1",,"0","0","videojs",,"0","html5","videojs-7.6.0",,"BE","900","1600","0","WINDOW","0","rebuffering","hls","1571403851000","d94c2471-d22b-4689-b4f6-7df7f7dc65d9","8000000",,"Horus Live","2816","2816","0","Horus Live","0","0","1163164","1163162",,,,,"web"
"v2.5.4","680","0",,"Firefox","69","0","0",,"berlin","1571403862000","DE","d7f438d5-8166-4d97-b130-bdccddbd26fa","Mozilla/5.0 (X11; Fedora; Linux x86_64; rv:69.0) Gecko/20100101 Firefox/69.0",,,,"2d1dc5e8-16f2-4de0-92fe-5acddeb5f0c9","1571356800000","Other","panoplay.duckdns.org",,,"0","10755",,,"Festival of Lights - Demo","1571403600000","5d0e0436-a2fc-47e2-9702-df6869d2e2f0","193.175.2.0","false","true","true","Verein zur Foerderung eines Deutschen Forschungsne","en-US","./livestream/master.m3u8","1571403840000","1569888000000",,"Fedora",,,"0","1",,"0","10755","videojs",,"0","html5","videojs-7.6.0",,"BE","900","1600","0","WINDOW","0","playing","hls","1571403862000","d94c2471-d22b-4689-b4f6-7df7f7dc65d9","8000000",,"Horus Live","2816","2816","0","Horus Live","0","0","1173881","1163164",,,,,"web"
"v2.5.4","680","0",,"Firefox","69","0","0",,"berlin","1571403862000","DE","ec9e468c-ebb7-416a-8d27-994e8f954e21","Mozilla/5.0 (X11; Fedora; Linux x86_64; rv:69.0) Gecko/20100101 Firefox/69.0",,,,"2d1dc5e8-16f2-4de0-92fe-5acddeb5f0c9","1571356800000","Other","panoplay.duckdns.org",,,"0","64",,,"Festival of Lights - Demo","1571403600000","67f64a70-c7fb-415c-9799-647046813009","193.175.2.0","false","false","true","Verein zur Foerderung eines Deutschen Forschungsne","en-US","./livestream/master.m3u8","1571403840000","1569888000000",,"Fedora",,,"574","1",,"0","0","videojs",,"64","html5","videojs-7.6.0",,"BE","900","1600","0","WINDOW","0","setup","hls","1571403862000","d94c2471-d22b-4689-b4f6-7df7f7dc65d9","0","0","Horus Live","0","0","0","Horus Live","0","0","0","0",,,,,"web"
"v2.5.4","680","0","true","Firefox","69","0","0",,"berlin","1571403863000","DE","ec9e468c-ebb7-416a-8d27-994e8f954e21","Mozilla/5.0 (X11; Fedora; Linux x86_64; rv:69.0) Gecko/20100101 Firefox/69.0",,,,"2d1dc5e8-16f2-4de0-92fe-5acddeb5f0c9","1571356800000","Other","panoplay.duckdns.org",,,"0","893",,,"Festival of Lights - Demo","1571403600000","67f64a70-c7fb-415c-9799-647046813009","193.175.2.0","false","true","true","Verein zur Foerderung eines Deutschen Forschungsne","en-US","./livestream/master.m3u8","1571403840000","1569888000000",,"Fedora",,,"0","1",,"0","0","videojs",,"0","html5","videojs-7.6.0",,"BE","900","1600","0","WINDOW","957","startup","hls","1571403863000","d94c2471-d22b-4689-b4f6-7df7f7dc65d9","0",,"Horus Live","2816","2816","893","Horus Live","0","0","1183182","0",,,,,"web"
"v2.5.4","680","0",,"Firefox","69","0","0",,"berlin","1571403863000","DE","ec9e468c-ebb7-416a-8d27-994e8f954e21","Mozilla/5.0 (X11; Fedora; Linux x86_64; rv:69.0) Gecko/20100101 Firefox/69.0",,,,"2d1dc5e8-16f2-4de0-92fe-5acddeb5f0c9","1571356800000","Other","panoplay.duckdns.org",,,"0","4",,,"Festival of Lights - Demo","1571403600000","67f64a70-c7fb-415c-9799-647046813009","193.175.2.0","false","true","true","Verein zur Foerderung eines Deutschen Forschungsne","en-US","./livestream/master.m3u8","1571403840000","1569888000000",,"Fedora",,,"0","1",,"0","4","videojs",,"0","html5","videojs-7.6.0",,"BE","900","1600","0","WINDOW","0","playing","hls","1571403863000","d94c2471-d22b-4689-b4f6-7df7f7dc65d9","0",,"Horus Live","2816","2816","0","Horus Live","0","0","1183182","1183182",,,,,"web"
"v2.5.4","680","0",,"Firefox","69","0","0",,"berlin","1571403863000","DE","ec9e468c-ebb7-416a-8d27-994e8f954e21","Mozilla/5.0 (X11; Fedora; Linux x86_64; rv:69.0) Gecko/20100101 Firefox/69.0",,,,"2d1dc5e8-16f2-4de0-92fe-5acddeb5f0c9","1571356800000","Other","panoplay.duckdns.org",,,"0","0",,,"Festival of Lights - Demo","1571403600000","67f64a70-c7fb-415c-9799-647046813009","193.175.2.0","false","true","true","Verein zur Foerderung eines Deutschen Forschungsne","en-US","./livestream/master.m3u8","1571403840000","1569888000000",,"Fedora",,,"0","1",,"0","0","videojs",,"0","html5","videojs-7.6.0",,"BE","900","1600","0","WINDOW","0","qualitychange","hls","1571403863000","d94c2471-d22b-4689-b4f6-7df7f7dc65d9","8000000",,"Horus Live","2816","2816","0","Horus Live","0","0","1183182","1183182",,,,,"web"
"v2.5.4","680","0",,"Firefox","69","0","0",,"berlin","1571403865000","DE","ec9e468c-ebb7-416a-8d27-994e8f954e21","Mozilla/5.0 (X11; Fedora; Linux x86_64; rv:69.0) Gecko/20100101 Firefox/69.0",,,,"2d1dc5e8-16f2-4de0-92fe-5acddeb5f0c9","1571356800000","Other","panoplay.duckdns.org",,,"0","1983",,,"Festival of Lights - Demo","1571403600000","67f64a70-c7fb-415c-9799-647046813009","193.175.2.0","false","true","true","Verein zur Foerderung eines Deutschen Forschungsne","en-US","./livestream/master.m3u8","1571403840000","1569888000000",,"Fedora",,,"0","1",,"0","1983","videojs",,"0","html5","videojs-7.6.0",,"BE","900","1600","0","WINDOW","0","playing","hls","1571403865000","d94c2471-d22b-4689-b4f6-7df7f7dc65d9","8000000",,"Horus Live","2816","2816","0","Horus Live","0","0","1185157","1183182",,,,,"web"
"v2.5.4","680","0",,"Firefox","69","0","0",,"berlin","1571403867000","DE","ec9e468c-ebb7-416a-8d27-994e8f954e21","Mozilla/5.0 (X11; Fedora; Linux x86_64; rv:69.0) Gecko/20100101 Firefox/69.0",,,,"2d1dc5e8-16f2-4de0-92fe-5acddeb5f0c9","1571356800000","Other","panoplay.duckdns.org",,,"0","7",,,"Festival of Lights - Demo","1571403600000","67f64a70-c7fb-415c-9799-647046813009","193.175.2.0","false","true","true","Verein zur Foerderung eines Deutschen Forschungsne","en-US","./livestream/master.m3u8","1571403840000","1569888000000",,"Fedora",,,"0","1",,"0","7","videojs",,"0","html5","videojs-7.6.0",,"BE","900","1600","0","WINDOW","0","playing","hls","1571403867000","d94c2471-d22b-4689-b4f6-7df7f7dc65d9","8000000",,"Horus Live","2816","2816","0","Horus Live","0","0","1185158","1185158",,,,,"web"
"v2.5.4","680","0",,"Firefox","69","0","0",,"berlin","1571403867000","DE","ec9e468c-ebb7-416a-8d27-994e8f954e21","Mozilla/5.0 (X11; Fedora; Linux x86_64; rv:69.0) Gecko/20100101 Firefox/69.0",,,,"2d1dc5e8-16f2-4de0-92fe-5acddeb5f0c9","1571356800000","Other","panoplay.duckdns.org",,,"0","0",,,"Festival of Lights - Demo","1571403600000","67f64a70-c7fb-415c-9799-647046813009","193.175.2.0","false","true","true","Verein zur Foerderung eines Deutschen Forschungsne","en-US","./livestream/master.m3u8","1571403840000","1569888000000",,"Fedora",,,"0","1",,"0","0","videojs",,"0","html5","videojs-7.6.0",,"BE","900","1600","0","WINDOW","0","qualitychange","hls","1571403867000","d94c2471-d22b-4689-b4f6-7df7f7dc65d9","6000000",,"Horus Live","2816","2816","0","Horus Live","0","0","1185158","1185158",,,,,"web"
"v2.5.4","680","0",,"Firefox","69","0","1559",,"berlin","1571403867000","DE","ec9e468c-ebb7-416a-8d27-994e8f954e21","Mozilla/5.0 (X11; Fedora; Linux x86_64; rv:69.0) Gecko/20100101 Firefox/69.0",,,,"2d1dc5e8-16f2-4de0-92fe-5acddeb5f0c9","1571356800000","Other","panoplay.duckdns.org",,,"0","1559",,,"Festival of Lights - Demo","1571403600000","67f64a70-c7fb-415c-9799-647046813009","193.175.2.0","false","true","true","Verein zur Foerderung eines Deutschen Forschungsne","en-US","./livestream/master.m3u8","1571403840000","1569888000000",,"Fedora",,,"0","1",,"0","0","videojs",,"0","html5","videojs-7.6.0",,"BE","900","1600","0","WINDOW","0","rebuffering","hls","1571403867000","d94c2471-d22b-4689-b4f6-7df7f7dc65d9","8000000",,"Horus Live","2816","2816","0","Horus Live","0","0","1185158","1185157",,,,,"web"
"v2.5.4","680","0",,"Firefox","69","0","0",,"berlin","1571403887000","DE","ec9e468c-ebb7-416a-8d27-994e8f954e21","Mozilla/5.0 (X11; Fedora; Linux x86_64; rv:69.0) Gecko/20100101 Firefox/69.0",,,,"2d1dc5e8-16f2-4de0-92fe-5acddeb5f0c9","1571356800000","Other","panoplay.duckdns.org",,,"0","20055",,,"Festival of Lights - Demo","1571403600000","67f64a70-c7fb-415c-9799-647046813009","193.175.2.0","false","true","true","Verein zur Foerderung eines Deutschen Forschungsne","en-US","./livestream/master.m3u8","1571403840000","1569888000000",,"Fedora",,,"0","1",,"0","20055","videojs",,"0","html5","videojs-7.6.0",,"BE","900","1600","0","WINDOW","0","playing","hls","1571403887000","d94c2471-d22b-4689-b4f6-7df7f7dc65d9","6000000",,"Horus Live","2816","2816","0","Horus Live","0","0","1205190","1185158",,,,,"web"
"v2.5.4","680","0",,"Firefox","69","0","0",,"berlin","1571403889000","DE","ec9e468c-ebb7-416a-8d27-994e8f954e21","Mozilla/5.0 (X11; Fedora; Linux x86_64; rv:69.0) Gecko/20100101 Firefox/69.0",,,,"2d1dc5e8-16f2-4de0-92fe-5acddeb5f0c9","1571356800000","Other","panoplay.duckdns.org",,,"0","0",,,"Festival of Lights - Demo","1571403600000","67f64a70-c7fb-415c-9799-647046813009","193.175.2.0","false","true","true","Verein zur Foerderung eines Deutschen Forschungsne","en-US","./livestream/master.m3u8","1571403840000","1569888000000",,"Fedora",,,"0","1",,"0","0","videojs",,"0","html5","videojs-7.6.0",,"BE","900","1600","0","WINDOW","0","qualitychange","hls","1571403889000","d94c2471-d22b-4689-b4f6-7df7f7dc65d9","4000000",,"Horus Live","2816","2816","0","Horus Live","0","0","1205190","1205190",,,,,"web"
"v2.5.4","680","0",,"Firefox","69","0","2105",,"berlin","1571403889000","DE","ec9e468c-ebb7-416a-8d27-994e8f954e21","Mozilla/5.0 (X11; Fedora; Linux x86_64; rv:69.0) Gecko/20100101 Firefox/69.0",,,,"2d1dc5e8-16f2-4de0-92fe-5acddeb5f0c9","1571356800000","Other","panoplay.duckdns.org",,,"0","2105",,,"Festival of Lights - Demo","1571403600000","67f64a70-c7fb-415c-9799-647046813009","193.175.2.0","false","true","true","Verein zur Foerderung eines Deutschen Forschungsne","en-US","./livestream/master.m3u8","1571403840000","1569888000000",,"Fedora",,,"0","1",,"0","0","videojs",,"0","html5","videojs-7.6.0",,"BE","900","1600","0","WINDOW","0","rebuffering","hls","1571403889000","d94c2471-d22b-4689-b4f6-7df7f7dc65d9","6000000",,"Horus Live","2816","2816","0","Horus Live","0","0","1205190","1205190",,,,,"web"
"v2.5.4","680","0",,"Firefox","69","0","0",,"berlin","1571403889000","DE","ec9e468c-ebb7-416a-8d27-994e8f954e21","Mozilla/5.0 (X11; Fedora; Linux x86_64; rv:69.0) Gecko/20100101 Firefox/69.0",,,,"2d1dc5e8-16f2-4de0-92fe-5acddeb5f0c9","1571356800000","Other","panoplay.duckdns.org",,,"0","3",,,"Festival of Lights - Demo","1571403600000","67f64a70-c7fb-415c-9799-647046813009","193.175.2.0","false","true","true","Verein zur Foerderung eines Deutschen Forschungsne","en-US","./livestream/master.m3u8","1571403840000","1569888000000",,"Fedora",,,"0","1",,"0","3","videojs",,"0","html5","videojs-7.6.0",,"BE","900","1600","0","WINDOW","0","playing","hls","1571403889000","d94c2471-d22b-4689-b4f6-7df7f7dc65d9","6000000",,"Horus Live","2816","2816","0","Horus Live","0","0","1205190","1205190",,,,,"web"
"v2.5.4","680","0",,"Firefox","69","0","0",,"berlin","1571403890000","DE","761d236d-ca56-4a07-86d8-b4cf9878e0cd","Mozilla/5.0 (X11; Ubuntu; Linux x86_64; rv:69.0) Gecko/20100101 Firefox/69.0",,,,"a355838f-adef-43a0-b106-0fda819fc4bb","1571356800000","Other","localhost",,,"0","59781",,,"Festival of Lights - Demo","1571403600000","9c1dfcea-767c-49ee-b9a7-62f227578ec2","193.175.2.0","false","true","true","Verein zur Foerderung eines Deutschen Forschungsne","en-US","./livestream/master.m3u8","1571403840000","1569888000000",,"Ubuntu",,,"0","1",,"0","59781","videojs",,"0","html5","videojs-7.6.0",,"BE","1200","1920","0","WINDOW","0","playing","hls","1571403890000","348f375f-32b3-4550-bc69-c49eb529d468","8000000",,"Horus Live","2816","2816","0","Horus Live","0","0","1197376","1137600",,,,,"web"
"v2.5.4","680","0",,"Firefox","69","0","0",,"berlin","1571403950000","DE","761d236d-ca56-4a07-86d8-b4cf9878e0cd","Mozilla/5.0 (X11; Ubuntu; Linux x86_64; rv:69.0) Gecko/20100101 Firefox/69.0",,,,"a355838f-adef-43a0-b106-0fda819fc4bb","1571356800000","Other","localhost",,,"0","59933",,,"Festival of Lights - Demo","1571403600000","9c1dfcea-767c-49ee-b9a7-62f227578ec2","193.175.2.0","false","true","true","Verein zur Foerderung eines Deutschen Forschungsne","en-US","./livestream/master.m3u8","1571403900000","1569888000000",,"Ubuntu",,,"0","1",,"0","59933","videojs",,"0","html5","videojs-7.6.0",,"BE","1200","1920","0","WINDOW","0","playing","hls","1571403950000","348f375f-32b3-4550-bc69-c49eb529d468","8000000",,"Horus Live","2816","2816","0","Horus Live","0","0","1257318","1197376",,,,,"web"
"v2.5.4","680","0",,"Safari","13","0","0",,"berlin","1571403992000","DE","801b8947-e37b-4c45-b147-d55167fd007d","Mozilla/5.0 (Macintosh; Intel Mac OS X 10_14_6) AppleWebKit/605.1.15 (KHTML, like Gecko) Version/13.0.1 Safari/605.1.15",,,,"002505dc-1a54-4fd1-83af-5ceee036005e","1571356800000","Other","panoplay.duckdns.org",,,"0","117",,,"Festival of Lights - Demo","1571403600000","1abb12e2-cb95-49f9-9634-7139df2585d8","193.175.2.0","false","false","true","Verein zur Foerderung eines Deutschen Forschungsne","en-US","./livestream/master.m3u8","1571403960000","1569888000000",,"Mac OS X","10","14","601","2",,"0","0","videojs",,"117","html5","videojs-7.6.0",,"BE","1050","1680","0","WINDOW","0","setup","hls","1571403992000","c3e49375-d6ff-49ee-b27c-aa68e1c3607f","0","0","Horus Live","0","0","0","Horus Live","0","0","0","0",,,,,"web"
"v2.5.4","680","0","true","Safari","13","0","0",,"berlin","1571403993000","DE","801b8947-e37b-4c45-b147-d55167fd007d","Mozilla/5.0 (Macintosh; Intel Mac OS X 10_14_6) AppleWebKit/605.1.15 (KHTML, like Gecko) Version/13.0.1 Safari/605.1.15",,,,"002505dc-1a54-4fd1-83af-5ceee036005e","1571356800000","Other","panoplay.duckdns.org",,,"0","250",,,"Festival of Lights - Demo","1571403600000","1abb12e2-cb95-49f9-9634-7139df2585d8","193.175.2.0","false","true","true","Verein zur Foerderung eines Deutschen Forschungsne","en-US","./livestream/master.m3u8","1571403960000","1569888000000",,"Mac OS X","10","14","0","2",,"0","0","videojs",,"0","html5","videojs-7.6.0",,"BE","1050","1680","0","WINDOW","367","startup","hls","1571403993000","c3e49375-d6ff-49ee-b27c-aa68e1c3607f","0",,"Horus Live","2816","2816","250","Horus Live","0","0","1309562","1309312",,,,,"web"
"v2.5.4","680","0",,"Safari","13","0","97",,"berlin","1571404000000","DE","801b8947-e37b-4c45-b147-d55167fd007d","Mozilla/5.0 (Macintosh; Intel Mac OS X 10_14_6) AppleWebKit/605.1.15 (KHTML, like Gecko) Version/13.0.1 Safari/605.1.15",,,,"002505dc-1a54-4fd1-83af-5ceee036005e","1571356800000","Other","panoplay.duckdns.org",,,"0","97",,,"Festival of Lights - Demo","1571403600000","1abb12e2-cb95-49f9-9634-7139df2585d8","193.175.2.0","false","true","true","Verein zur Foerderung eines Deutschen Forschungsne","en-US","./livestream/master.m3u8","1571403960000","1569888000000",,"Mac OS X","10","14","0","2",,"0","0","videojs",,"0","html5","videojs-7.6.0",,"BE","1050","1680","0","WINDOW","0","rebuffering","hls","1571404000000","c3e49375-d6ff-49ee-b27c-aa68e1c3607f","0",,"Horus Live","2816","2816","0","Horus Live","0","0","1316323","1316226",,,,,"web"
"v2.5.4","680","0",,"Safari","13","0","0",,"berlin","1571404000000","DE","801b8947-e37b-4c45-b147-d55167fd007d","Mozilla/5.0 (Macintosh; Intel Mac OS X 10_14_6) AppleWebKit/605.1.15 (KHTML, like Gecko) Version/13.0.1 Safari/605.1.15",,,,"002505dc-1a54-4fd1-83af-5ceee036005e","1571356800000","Other","panoplay.duckdns.org",,,"0","6664",,,"Festival of Lights - Demo","1571403600000","1abb12e2-cb95-49f9-9634-7139df2585d8","193.175.2.0","false","true","true","Verein zur Foerderung eines Deutschen Forschungsne","en-US","./livestream/master.m3u8","1571403960000","1569888000000",,"Mac OS X","10","14","0","2",,"0","6664","videojs",,"0","html5","videojs-7.6.0",,"BE","1050","1680","0","WINDOW","0","playing","hls","1571404000000","c3e49375-d6ff-49ee-b27c-aa68e1c3607f","0",,"Horus Live","2816","2816","0","Horus Live","0","0","1316226","1309562",,,,,"web"
"v2.5.4","680","0",,"Safari","13","0","152",,"berlin","1571404004000","DE","801b8947-e37b-4c45-b147-d55167fd007d","Mozilla/5.0 (Macintosh; Intel Mac OS X 10_14_6) AppleWebKit/605.1.15 (KHTML, like Gecko) Version/13.0.1 Safari/605.1.15",,,,"002505dc-1a54-4fd1-83af-5ceee036005e","1571356800000","Other","panoplay.duckdns.org",,,"0","152",,,"Festival of Lights - Demo","1571403600000","1abb12e2-cb95-49f9-9634-7139df2585d8","193.175.2.0","false","true","true","Verein zur Foerderung eines Deutschen Forschungsne","en-US","./livestream/master.m3u8","1571403960000","1569888000000",,"Mac OS X","10","14","0","2",,"0","0","videojs",,"0","html5","videojs-7.6.0",,"BE","1050","1680","0","WINDOW","0","rebuffering","hls","1571404004000","c3e49375-d6ff-49ee-b27c-aa68e1c3607f","0",,"Horus Live","2816","2816","0","Horus Live","0","0","1320592","1320441",,,,,"web"
"v2.5.4","680","0",,"Safari","13","0","0",,"berlin","1571404004000","DE","801b8947-e37b-4c45-b147-d55167fd007d","Mozilla/5.0 (Macintosh; Intel Mac OS X 10_14_6) AppleWebKit/605.1.15 (KHTML, like Gecko) Version/13.0.1 Safari/605.1.15",,,,"002505dc-1a54-4fd1-83af-5ceee036005e","1571356800000","Other","panoplay.duckdns.org",,,"0","4118",,,"Festival of Lights - Demo","1571403600000","1abb12e2-cb95-49f9-9634-7139df2585d8","193.175.2.0","false","true","true","Verein zur Foerderung eines Deutschen Forschungsne","en-US","./livestream/master.m3u8","1571403960000","1569888000000",,"Mac OS X","10","14","0","2",,"0","4118","videojs",,"0","html5","videojs-7.6.0",,"BE","1050","1680","0","WINDOW","0","playing","hls","1571404004000","c3e49375-d6ff-49ee-b27c-aa68e1c3607f","0",,"Horus Live","2816","2816","0","Horus Live","0","0","1320441","1316323",,,,,"web"
"v2.5.4","680","0",,"Safari","13","0","192",,"berlin","1571404010000","DE","801b8947-e37b-4c45-b147-d55167fd007d","Mozilla/5.0 (Macintosh; Intel Mac OS X 10_14_6) AppleWebKit/605.1.15 (KHTML, like Gecko) Version/13.0.1 Safari/605.1.15",,,,"002505dc-1a54-4fd1-83af-5ceee036005e","1571356800000","Other","panoplay.duckdns.org",,,"0","192",,,"Festival of Lights - Demo","1571403600000","1abb12e2-cb95-49f9-9634-7139df2585d8","193.175.2.0","false","true","true","Verein zur Foerderung eines Deutschen Forschungsne","en-US","./livestream/master.m3u8","1571403960000","1569888000000",,"Mac OS X","10","14","0","2",,"0","0","videojs",,"0","html5","videojs-7.6.0",,"BE","1050","1680","0","WINDOW","0","rebuffering","hls","1571404010000","c3e49375-d6ff-49ee-b27c-aa68e1c3607f","0",,"Horus Live","2816","2816","0","Horus Live","0","0","1326633","1326441",,,,,"web"
"v2.5.4","680","0",,"Safari","13","0","0",,"berlin","1571404010000","DE","801b8947-e37b-4c45-b147-d55167fd007d","Mozilla/5.0 (Macintosh; Intel Mac OS X 10_14_6) AppleWebKit/605.1.15 (KHTML, like Gecko) Version/13.0.1 Safari/605.1.15",,,,"002505dc-1a54-4fd1-83af-5ceee036005e","1571356800000","Other","panoplay.duckdns.org",,,"0","5849",,,"Festival of Lights - Demo","1571403600000","1abb12e2-cb95-49f9-9634-7139df2585d8","193.175.2.0","false","true","true","Verein zur Foerderung eines Deutschen Forschungsne","en-US","./livestream/master.m3u8","1571403960000","1569888000000",,"Mac OS X","10","14","0","2",,"0","5849","videojs",,"0","html5","videojs-7.6.0",,"BE","1050","1680","0","WINDOW","0","playing","hls","1571404010000","c3e49375-d6ff-49ee-b27c-aa68e1c3607f","0",,"Horus Live","2816","2816","0","Horus Live","0","0","1326441","1320592",,,,,"web"
"v2.5.4","680","0",,"Firefox","69","0","0",,"berlin","1571404010000","DE","761d236d-ca56-4a07-86d8-b4cf9878e0cd","Mozilla/5.0 (X11; Ubuntu; Linux x86_64; rv:69.0) Gecko/20100101 Firefox/69.0",,,,"a355838f-adef-43a0-b106-0fda819fc4bb","1571356800000","Other","localhost",,,"0","59866",,,"Festival of Lights - Demo","1571403600000","9c1dfcea-767c-49ee-b9a7-62f227578ec2","193.175.2.0","false","true","true","Verein zur Foerderung eines Deutschen Forschungsne","en-US","./livestream/master.m3u8","1571403960000","1569888000000",,"Ubuntu",,,"0","1",,"0","59866","videojs",,"0","html5","videojs-7.6.0",,"BE","1200","1920","0","WINDOW","0","playing","hls","1571404010000","348f375f-32b3-4550-bc69-c49eb529d468","8000000",,"Horus Live","2816","2816","0","Horus Live","0","0","1317183","1257318",,,,,"web"
"v2.5.4","680","0",,"Safari","13","0","0",,"berlin","1571404016000","DE","801b8947-e37b-4c45-b147-d55167fd007d","Mozilla/5.0 (Macintosh; Intel Mac OS X 10_14_6) AppleWebKit/605.1.15 (KHTML, like Gecko) Version/13.0.1 Safari/605.1.15",,,,"002505dc-1a54-4fd1-83af-5ceee036005e","1571356800000","Other","panoplay.duckdns.org",,,"0","5770",,,"Festival of Lights - Demo","1571403600000","1abb12e2-cb95-49f9-9634-7139df2585d8","193.175.2.0","false","true","true","Verein zur Foerderung eines Deutschen Forschungsne","en-US","./livestream/master.m3u8","1571403960000","1569888000000",,"Mac OS X","10","14","0","2",,"0","5770","videojs",,"0","html5","videojs-7.6.0",,"BE","1050","1680","0","WINDOW","0","playing","hls","1571404016000","c3e49375-d6ff-49ee-b27c-aa68e1c3607f","0",,"Horus Live","2816","2816","0","Horus Live","0","0","1332404","1326633",,,,,"web"
"v2.5.4","680","0",,"Safari","13","0","243",,"berlin","1571404016000","DE","801b8947-e37b-4c45-b147-d55167fd007d","Mozilla/5.0 (Macintosh; Intel Mac OS X 10_14_6) AppleWebKit/605.1.15 (KHTML, like Gecko) Version/13.0.1 Safari/605.1.15",,,,"002505dc-1a54-4fd1-83af-5ceee036005e","1571356800000","Other","panoplay.duckdns.org",,,"0","243",,,"Festival of Lights - Demo","1571403600000","1abb12e2-cb95-49f9-9634-7139df2585d8","193.175.2.0","false","true","true","Verein zur Foerderung eines Deutschen Forschungsne","en-US","./livestream/master.m3u8","1571403960000","1569888000000",,"Mac OS X","10","14","0","2",,"0","0","videojs",,"0","html5","videojs-7.6.0",,"BE","1050","1680","0","WINDOW","0","rebuffering","hls","1571404016000","c3e49375-d6ff-49ee-b27c-aa68e1c3607f","0",,"Horus Live","2816","2816","0","Horus Live","0","0","1332647","1332404",,,,,"web"
"v2.5.4","680","0",,"Safari","13","0","0",,"berlin","1571404022000","DE","801b8947-e37b-4c45-b147-d55167fd007d","Mozilla/5.0 (Macintosh; Intel Mac OS X 10_14_6) AppleWebKit/605.1.15 (KHTML, like Gecko) Version/13.0.1 Safari/605.1.15",,,,"002505dc-1a54-4fd1-83af-5ceee036005e","1571356800000","Other","panoplay.duckdns.org",,,"0","5718",,,"Festival of Lights - Demo","1571403600000","1abb12e2-cb95-49f9-9634-7139df2585d8","193.175.2.0","false","true","true","Verein zur Foerderung eines Deutschen Forschungsne","en-US","./livestream/master.m3u8","1571404020000","1569888000000",,"Mac OS X","10","14","0","2",,"0","5718","videojs",,"0","html5","videojs-7.6.0",,"BE","1050","1680","0","WINDOW","0","playing","hls","1571404022000","c3e49375-d6ff-49ee-b27c-aa68e1c3607f","0",,"Horus Live","2816","2816","0","Horus Live","0","0","1338364","1332647",,,,,"web"
"v2.5.4","680","0",,"Safari","13","0","47",,"berlin","1571404022000","DE","801b8947-e37b-4c45-b147-d55167fd007d","Mozilla/5.0 (Macintosh; Intel Mac OS X 10_14_6) AppleWebKit/605.1.15 (KHTML, like Gecko) Version/13.0.1 Safari/605.1.15",,,,"002505dc-1a54-4fd1-83af-5ceee036005e","1571356800000","Other","panoplay.duckdns.org",,,"0","47",,,"Festival of Lights - Demo","1571403600000","1abb12e2-cb95-49f9-9634-7139df2585d8","193.175.2.0","false","true","true","Verein zur Foerderung eines Deutschen Forschungsne","en-US","./livestream/master.m3u8","1571404020000","1569888000000",,"Mac OS X","10","14","0","2",,"0","0","videojs",,"0","html5","videojs-7.6.0",,"BE","1050","1680","0","WINDOW","0","rebuffering","hls","1571404022000","c3e49375-d6ff-49ee-b27c-aa68e1c3607f","0",,"Horus Live","2816","2816","0","Horus Live","0","0","1338412","1338364",,,,,"web"
"v2.5.4","680","0",,"Safari","13","0","1",,"berlin","1571404030000","DE","801b8947-e37b-4c45-b147-d55167fd007d","Mozilla/5.0 (Macintosh; Intel Mac OS X 10_14_6) AppleWebKit/605.1.15 (KHTML, like Gecko) Version/13.0.1 Safari/605.1.15",,,,"002505dc-1a54-4fd1-83af-5ceee036005e","1571356800000","Other","panoplay.duckdns.org",,,"0","1",,,"Festival of Lights - Demo","1571403600000","1abb12e2-cb95-49f9-9634-7139df2585d8","193.175.2.0","false","true","true","Verein zur Foerderung eines Deutschen Forschungsne","en-US","./livestream/master.m3u8","1571404020000","1569888000000",,"Mac OS X","10","14","0","2",,"0","0","videojs",,"0","html5","videojs-7.6.0",,"BE","1050","1680","0","WINDOW","0","rebuffering","hls","1571404030000","c3e49375-d6ff-49ee-b27c-aa68e1c3607f","0",,"Horus Live","2816","2816","0","Horus Live","0","0","1346430","1346428",,,,,"web"
"v2.5.4","680","0",,"Safari","13","0","0",,"berlin","1571404030000","DE","801b8947-e37b-4c45-b147-d55167fd007d","Mozilla/5.0 (Macintosh; Intel Mac OS X 10_14_6) AppleWebKit/605.1.15 (KHTML, like Gecko) Version/13.0.1 Safari/605.1.15",,,,"002505dc-1a54-4fd1-83af-5ceee036005e","1571356800000","Other","panoplay.duckdns.org",,,"0","8017",,,"Festival of Lights - Demo","1571403600000","1abb12e2-cb95-49f9-9634-7139df2585d8","193.175.2.0","false","true","true","Verein zur Foerderung eines Deutschen Forschungsne","en-US","./livestream/master.m3u8","1571404020000","1569888000000",,"Mac OS X","10","14","0","2",,"0","8017","videojs",,"0","html5","videojs-7.6.0",,"BE","1050","1680","0","WINDOW","0","playing","hls","1571404030000","c3e49375-d6ff-49ee-b27c-aa68e1c3607f","0",,"Horus Live","2816","2816","0","Horus Live","0","0","1346428","1338412",,,,,"web"
"v2.5.4","680","0",,"Safari","13","0","106",,"berlin","1571404040000","DE","801b8947-e37b-4c45-b147-d55167fd007d","Mozilla/5.0 (Macintosh; Intel Mac OS X 10_14_6) AppleWebKit/605.1.15 (KHTML, like Gecko) Version/13.0.1 Safari/605.1.15",,,,"002505dc-1a54-4fd1-83af-5ceee036005e","1571356800000","Other","panoplay.duckdns.org",,,"0","106",,,"Festival of Lights - Demo","1571403600000","1abb12e2-cb95-49f9-9634-7139df2585d8","193.175.2.0","false","true","true","Verein zur Foerderung eines Deutschen Forschungsne","en-US","./livestream/master.m3u8","1571404020000","1569888000000",,"Mac OS X","10","14","0","2",,"0","0","videojs",,"0","html5","videojs-7.6.0",,"BE","1050","1680","0","WINDOW","0","rebuffering","hls","1571404040000","c3e49375-d6ff-49ee-b27c-aa68e1c3607f","0",,"Horus Live","2816","2816","0","Horus Live","0","0","1356702","1356595",,,,,"web"
"v2.5.4","680","0",,"Safari","13","0","0",,"berlin","1571404040000","DE","801b8947-e37b-4c45-b147-d55167fd007d","Mozilla/5.0 (Macintosh; Intel Mac OS X 10_14_6) AppleWebKit/605.1.15 (KHTML, like Gecko) Version/13.0.1 Safari/605.1.15",,,,"002505dc-1a54-4fd1-83af-5ceee036005e","1571356800000","Other","panoplay.duckdns.org",,,"0","10166",,,"Festival of Lights - Demo","1571403600000","1abb12e2-cb95-49f9-9634-7139df2585d8","193.175.2.0","false","true","true","Verein zur Foerderung eines Deutschen Forschungsne","en-US","./livestream/master.m3u8","1571404020000","1569888000000",,"Mac OS X","10","14","0","2",,"0","10166","videojs",,"0","html5","videojs-7.6.0",,"BE","1050","1680","0","WINDOW","0","playing","hls","1571404040000","c3e49375-d6ff-49ee-b27c-aa68e1c3607f","0",,"Horus Live","2816","2816","0","Horus Live","0","0","1356595","1346430",,,,,"web"
"v2.5.4","680","0",,"Safari","13","0","4",,"berlin","1571404044000","DE","801b8947-e37b-4c45-b147-d55167fd007d","Mozilla/5.0 (Macintosh; Intel Mac OS X 10_14_6) AppleWebKit/605.1.15 (KHTML, like Gecko) Version/13.0.1 Safari/605.1.15",,,,"002505dc-1a54-4fd1-83af-5ceee036005e","1571356800000","Other","panoplay.duckdns.org",,,"0","4",,,"Festival of Lights - Demo","1571403600000","1abb12e2-cb95-49f9-9634-7139df2585d8","193.175.2.0","false","true","true","Verein zur Foerderung eines Deutschen Forschungsne","en-US","./livestream/master.m3u8","1571404020000","1569888000000",,"Mac OS X","10","14","0","2",,"0","0","videojs",,"0","html5","videojs-7.6.0",,"BE","1050","1680","0","WINDOW","0","rebuffering","hls","1571404044000","c3e49375-d6ff-49ee-b27c-aa68e1c3607f","0",,"Horus Live","2816","2816","0","Horus Live","0","0","1360458","1360453",,,,,"web"
"v2.5.4","680","0",,"Safari","13","0","0",,"berlin","1571404044000","DE","801b8947-e37b-4c45-b147-d55167fd007d","Mozilla/5.0 (Macintosh; Intel Mac OS X 10_14_6) AppleWebKit/605.1.15 (KHTML, like Gecko) Version/13.0.1 Safari/605.1.15",,,,"002505dc-1a54-4fd1-83af-5ceee036005e","1571356800000","Other","panoplay.duckdns.org",,,"0","3752",,,"Festival of Lights - Demo","1571403600000","1abb12e2-cb95-49f9-9634-7139df2585d8","193.175.2.0","false","true","true","Verein zur Foerderung eines Deutschen Forschungsne","en-US","./livestream/master.m3u8","1571404020000","1569888000000",,"Mac OS X","10","14","0","2",,"0","3752","videojs",,"0","html5","videojs-7.6.0",,"BE","1050","1680","0","WINDOW","0","playing","hls","1571404044000","c3e49375-d6ff-49ee-b27c-aa68e1c3607f","0",,"Horus Live","2816","2816","0","Horus Live","0","0","1360453","1356702",,,,,"web"
"v2.5.4","680","0",,"Safari","13","0","87",,"berlin","1571404056000","DE","801b8947-e37b-4c45-b147-d55167fd007d","Mozilla/5.0 (Macintosh; Intel Mac OS X 10_14_6) AppleWebKit/605.1.15 (KHTML, like Gecko) Version/13.0.1 Safari/605.1.15",,,,"002505dc-1a54-4fd1-83af-5ceee036005e","1571356800000","Other","panoplay.duckdns.org",,,"0","87",,,"Festival of Lights - Demo","1571403600000","1abb12e2-cb95-49f9-9634-7139df2585d8","193.175.2.0","false","true","true","Verein zur Foerderung eines Deutschen Forschungsne","en-US","./livestream/master.m3u8","1571404020000","1569888000000",,"Mac OS X","10","14","0","2",,"0","0","videojs",,"0","html5","videojs-7.6.0",,"BE","1050","1680","0","WINDOW","0","rebuffering","hls","1571404056000","c3e49375-d6ff-49ee-b27c-aa68e1c3607f","0",,"Horus Live","2816","2816","0","Horus Live","0","0","1372493","1372405",,,,,"web"
"v2.5.4","680","0",,"Safari","13","0","0",,"berlin","1571404056000","DE","801b8947-e37b-4c45-b147-d55167fd007d","Mozilla/5.0 (Macintosh; Intel Mac OS X 10_14_6) AppleWebKit/605.1.15 (KHTML, like Gecko) Version/13.0.1 Safari/605.1.15",,,,"002505dc-1a54-4fd1-83af-5ceee036005e","1571356800000","Other","panoplay.duckdns.org",,,"0","11948",,,"Festival of Lights - Demo","1571403600000","1abb12e2-cb95-49f9-9634-7139df2585d8","193.175.2.0","false","true","true","Verein zur Foerderung eines Deutschen Forschungsne","en-US","./livestream/master.m3u8","1571404020000","1569888000000",,"Mac OS X","10","14","0","2",,"0","11948","videojs",,"0","html5","videojs-7.6.0",,"BE","1050","1680","0","WINDOW","0","playing","hls","1571404056000","c3e49375-d6ff-49ee-b27c-aa68e1c3607f","0",,"Horus Live","2816","2816","0","Horus Live","0","0","1372405","1360458",,,,,"web"
"v2.5.4","680","0",,"Safari","13","0","143",,"berlin","1571404060000","DE","801b8947-e37b-4c45-b147-d55167fd007d","Mozilla/5.0 (Macintosh; Intel Mac OS X 10_14_6) AppleWebKit/605.1.15 (KHTML, like Gecko) Version/13.0.1 Safari/605.1.15",,,,"002505dc-1a54-4fd1-83af-5ceee036005e","1571356800000","Other","panoplay.duckdns.org",,,"0","143",,,"Festival of Lights - Demo","1571403600000","1abb12e2-cb95-49f9-9634-7139df2585d8","193.175.2.0","false","true","true","Verein zur Foerderung eines Deutschen Forschungsne","en-US","./livestream/master.m3u8","1571404020000","1569888000000",,"Mac OS X","10","14","0","2",,"0","0","videojs",,"0","html5","videojs-7.6.0",,"BE","1050","1680","0","WINDOW","0","rebuffering","hls","1571404060000","c3e49375-d6ff-49ee-b27c-aa68e1c3607f","0",,"Horus Live","2816","2816","0","Horus Live","0","0","1376755","1376612",,,,,"web"
"v2.5.4","680","0",,"Safari","13","0","0",,"berlin","1571404060000","DE","801b8947-e37b-4c45-b147-d55167fd007d","Mozilla/5.0 (Macintosh; Intel Mac OS X 10_14_6) AppleWebKit/605.1.15 (KHTML, like Gecko) Version/13.0.1 Safari/605.1.15",,,,"002505dc-1a54-4fd1-83af-5ceee036005e","1571356800000","Other","panoplay.duckdns.org",,,"0","4120",,,"Festival of Lights - Demo","1571403600000","1abb12e2-cb95-49f9-9634-7139df2585d8","193.175.2.0","false","true","true","Verein zur Foerderung eines Deutschen Forschungsne","en-US","./livestream/master.m3u8","1571404020000","1569888000000",,"Mac OS X","10","14","0","2",,"0","4120","videojs",,"0","html5","videojs-7.6.0",,"BE","1050","1680","0","WINDOW","0","playing","hls","1571404060000","c3e49375-d6ff-49ee-b27c-aa68e1c3607f","0",,"Horus Live","2816","2816","0","Horus Live","0","0","1376612","1372493",,,,,"web"
"v2.5.4","680","0",,"Safari","13","0","0",,"berlin","1571404068000","DE","801b8947-e37b-4c45-b147-d55167fd007d","Mozilla/5.0 (Macintosh; Intel Mac OS X 10_14_6) AppleWebKit/605.1.15 (KHTML, like Gecko) Version/13.0.1 Safari/605.1.15",,,,"002505dc-1a54-4fd1-83af-5ceee036005e","1571356800000","Other","panoplay.duckdns.org",,,"0","7920",,,"Festival of Lights - Demo","1571403600000","1abb12e2-cb95-49f9-9634-7139df2585d8","193.175.2.0","false","true","true","Verein zur Foerderung eines Deutschen Forschungsne","en-US","./livestream/master.m3u8","1571404020000","1569888000000",,"Mac OS X","10","14","0","2",,"0","7920","videojs",,"0","html5","videojs-7.6.0",,"BE","1050","1680","0","WINDOW","0","playing","hls","1571404068000","c3e49375-d6ff-49ee-b27c-aa68e1c3607f","0",,"Horus Live","2816","2816","0","Horus Live","0","0","1384675","1376755",,,,,"web"
"v2.5.4","680","0",,"Safari","13","0","140",,"berlin","1571404068000","DE","801b8947-e37b-4c45-b147-d55167fd007d","Mozilla/5.0 (Macintosh; Intel Mac OS X 10_14_6) AppleWebKit/605.1.15 (KHTML, like Gecko) Version/13.0.1 Safari/605.1.15",,,,"002505dc-1a54-4fd1-83af-5ceee036005e","1571356800000","Other","panoplay.duckdns.org",,,"0","140",,,"Festival of Lights - Demo","1571403600000","1abb12e2-cb95-49f9-9634-7139df2585d8","193.175.2.0","false","true","true","Verein zur Foerderung eines Deutschen Forschungsne","en-US","./livestream/master.m3u8","1571404020000","1569888000000",,"Mac OS X","10","14","0","2",,"0","0","videojs",,"0","html5","videojs-7.6.0",,"BE","1050","1680","0","WINDOW","0","rebuffering","hls","1571404068000","c3e49375-d6ff-49ee-b27c-aa68e1c3607f","0",,"Horus Live","2816","2816","0","Horus Live","0","0","1384815","1384675",,,,,"web"
"v2.5.4","680","0",,"Firefox","69","0","0",,"berlin","1571404070000","DE","761d236d-ca56-4a07-86d8-b4cf9878e0cd","Mozilla/5.0 (X11; Ubuntu; Linux x86_64; rv:69.0) Gecko/20100101 Firefox/69.0",,,,"a355838f-adef-43a0-b106-0fda819fc4bb","1571356800000","Other","localhost",,,"0","59897",,,"Festival of Lights - Demo","1571403600000","9c1dfcea-767c-49ee-b9a7-62f227578ec2","193.175.2.0","false","true","true","Verein zur Foerderung eines Deutschen Forschungsne","en-US","./livestream/master.m3u8","1571404020000","1569888000000",,"Ubuntu",,,"0","1",,"0","59897","videojs",,"0","html5","videojs-7.6.0",,"BE","1200","1920","0","WINDOW","0","playing","hls","1571404070000","348f375f-32b3-4550-bc69-c49eb529d468","8000000",,"Horus Live","2816","2816","0","Horus Live","0","0","1377072","1317183",,,,,"web"
"v2.5.4","680","0",,"Safari","13","0","0",,"berlin","1571404073000","DE","801b8947-e37b-4c45-b147-d55167fd007d","Mozilla/5.0 (Macintosh; Intel Mac OS X 10_14_6) AppleWebKit/605.1.15 (KHTML, like Gecko) Version/13.0.1 Safari/605.1.15",,,,"002505dc-1a54-4fd1-83af-5ceee036005e","1571356800000","Other","panoplay.duckdns.org",,,"0","4491",,,"Festival of Lights - Demo","1571403600000","1abb12e2-cb95-49f9-9634-7139df2585d8","193.175.2.0","false","true","true","Verein zur Foerderung eines Deutschen Forschungsne","en-US","./livestream/master.m3u8","1571404020000","1569888000000",,"Mac OS X","10","14","0","2",,"0","4491","videojs",,"0","html5","videojs-7.6.0",,"BE","1050","1680","0","WINDOW","0","playing","hls","1571404073000","c3e49375-d6ff-49ee-b27c-aa68e1c3607f","0",,"Horus Live","2816","2816","0","Horus Live","0","0","1389322","1384815",,,,,"web"
"v2.5.4","680","0","true","Safari","13","0","0",,"berlin","1571404076000","DE","693fae52-ccf9-40ff-9652-97df6f96ffb1","Mozilla/5.0 (Macintosh; Intel Mac OS X 10_14_6) AppleWebKit/605.1.15 (KHTML, like Gecko) Version/13.0.1 Safari/605.1.15",,,,"002505dc-1a54-4fd1-83af-5ceee036005e","1571356800000","Other","panoplay.duckdns.org",,,"0","250",,,"Festival of Lights - Demo","1571403600000","c4b0efb6-c1af-4e8f-bffa-4bab0107ae41","193.175.2.0","false","true","true","Verein zur Foerderung eines Deutschen Forschungsne","en-US","./livestream/master.m3u8","1571404020000","1569888000000",,"Mac OS X","10","14","0","1",,"0","0","videojs",,"0","html5","videojs-7.6.0",,"BE","1050","1680","0","WINDOW","304","startup","hls","1571404076000","c3e49375-d6ff-49ee-b27c-aa68e1c3607f","0",,"Horus Live","2816","2816","250","Horus Live","0","0","1391641","1391391",,,,,"web"
"v2.5.4","680","0",,"Safari","13","0","0",,"berlin","1571404076000","DE","693fae52-ccf9-40ff-9652-97df6f96ffb1","Mozilla/5.0 (Macintosh; Intel Mac OS X 10_14_6) AppleWebKit/605.1.15 (KHTML, like Gecko) Version/13.0.1 Safari/605.1.15",,,,"002505dc-1a54-4fd1-83af-5ceee036005e","1571356800000","Other","panoplay.duckdns.org",,,"0","54",,,"Festival of Lights - Demo","1571403600000","c4b0efb6-c1af-4e8f-bffa-4bab0107ae41","193.175.2.0","false","false","true","Verein zur Foerderung eines Deutschen Forschungsne","en-US","./livestream/master.m3u8","1571404020000","1569888000000",,"Mac OS X","10","14","673","1",,"0","0","videojs",,"54","html5","videojs-7.6.0",,"BE","1050","1680","0","WINDOW","0","setup","hls","1571404076000","c3e49375-d6ff-49ee-b27c-aa68e1c3607f","0","0","Horus Live","0","0","0","Horus Live","0","0","0","0",,,,,"web"
"v2.5.4","680","0",,"Safari","13","0","0",,"berlin","1571404082000","DE","693fae52-ccf9-40ff-9652-97df6f96ffb1","Mozilla/5.0 (Macintosh; Intel Mac OS X 10_14_6) AppleWebKit/605.1.15 (KHTML, like Gecko) Version/13.0.1 Safari/605.1.15",,,,"002505dc-1a54-4fd1-83af-5ceee036005e","1571356800000","Other","panoplay.duckdns.org",,,"0","5965",,,"Festival of Lights - Demo","1571403600000","c4b0efb6-c1af-4e8f-bffa-4bab0107ae41","193.175.2.0","false","true","true","Verein zur Foerderung eines Deutschen Forschungsne","en-US","./livestream/master.m3u8","1571404080000","1569888000000",,"Mac OS X","10","14","0","1",,"0","5965","videojs",,"0","html5","videojs-7.6.0",,"BE","1050","1680","0","WINDOW","0","playing","hls","1571404082000","c3e49375-d6ff-49ee-b27c-aa68e1c3607f","0",,"Horus Live","2816","2816","0","Horus Live","0","0","1401403","1391641",,,,,"web"
"v2.5.4","680","0",,"Safari","13","0","1",,"berlin","1571404082000","DE","693fae52-ccf9-40ff-9652-97df6f96ffb1","Mozilla/5.0 (Macintosh; Intel Mac OS X 10_14_6) AppleWebKit/605.1.15 (KHTML, like Gecko) Version/13.0.1 Safari/605.1.15",,,,"002505dc-1a54-4fd1-83af-5ceee036005e","1571356800000","Other","panoplay.duckdns.org",,,"0","1",,,"Festival of Lights - Demo","1571403600000","c4b0efb6-c1af-4e8f-bffa-4bab0107ae41","193.175.2.0","false","true","true","Verein zur Foerderung eines Deutschen Forschungsne","en-US","./livestream/master.m3u8","1571404080000","1569888000000",,"Mac OS X","10","14","0","1",,"0","0","videojs",,"0","html5","videojs-7.6.0",,"BE","1050","1680","0","WINDOW","0","rebuffering","hls","1571404082000","c3e49375-d6ff-49ee-b27c-aa68e1c3607f","0",,"Horus Live","2816","2816","0","Horus Live","0","0","1401403","1401403",,,,,"web"
"v2.5.4","680","0",,"Safari","13","0","13",,"berlin","1571404083000","DE","693fae52-ccf9-40ff-9652-97df6f96ffb1","Mozilla/5.0 (Macintosh; Intel Mac OS X 10_14_6) AppleWebKit/605.1.15 (KHTML, like Gecko) Version/13.0.1 Safari/605.1.15",,,,"002505dc-1a54-4fd1-83af-5ceee036005e","1571356800000","Other","panoplay.duckdns.org",,,"0","13",,,"Festival of Lights - Demo","1571403600000","c4b0efb6-c1af-4e8f-bffa-4bab0107ae41","193.175.2.0","false","true","true","Verein zur Foerderung eines Deutschen Forschungsne","en-US","./livestream/master.m3u8","1571404080000","1569888000000",,"Mac OS X","10","14","0","1",,"0","0","videojs",,"0","html5","videojs-7.6.0",,"BE","1050","1680","0","WINDOW","0","rebuffering","hls","1571404083000","c3e49375-d6ff-49ee-b27c-aa68e1c3607f","0",,"Horus Live","2816","2816","0","Horus Live","0","0","1402011","1401998",,,,,"web"
"v2.5.4","680","0",,"Safari","13","0","0",,"berlin","1571404083000","DE","693fae52-ccf9-40ff-9652-97df6f96ffb1","Mozilla/5.0 (Macintosh; Intel Mac OS X 10_14_6) AppleWebKit/605.1.15 (KHTML, like Gecko) Version/13.0.1 Safari/605.1.15",,,,"002505dc-1a54-4fd1-83af-5ceee036005e","1571356800000","Other","panoplay.duckdns.org",,,"0","788",,,"Festival of Lights - Demo","1571403600000","c4b0efb6-c1af-4e8f-bffa-4bab0107ae41","193.175.2.0","false","true","true","Verein zur Foerderung eines Deutschen Forschungsne","en-US","./livestream/master.m3u8","1571404080000","1569888000000",,"Mac OS X","10","14","0","1",,"0","788","videojs",,"0","html5","videojs-7.6.0",,"BE","1050","1680","0","WINDOW","0","playing","hls","1571404083000","c3e49375-d6ff-49ee-b27c-aa68e1c3607f","0",,"Horus Live","2816","2816","0","Horus Live","0","0","1401998","1401403",,,,,"web"
"v2.5.4","680","0",,"Safari","13","0","0",,"berlin","1571404091000","DE","693fae52-ccf9-40ff-9652-97df6f96ffb1","Mozilla/5.0 (Macintosh; Intel Mac OS X 10_14_6) AppleWebKit/605.1.15 (KHTML, like Gecko) Version/13.0.1 Safari/605.1.15",,,,"002505dc-1a54-4fd1-83af-5ceee036005e","1571356800000","Other","panoplay.duckdns.org",,,"0","8047",,,"Festival of Lights - Demo","1571403600000","c4b0efb6-c1af-4e8f-bffa-4bab0107ae41","193.175.2.0","false","true","true","Verein zur Foerderung eines Deutschen Forschungsne","en-US","./livestream/master.m3u8","1571404080000","1569888000000",,"Mac OS X","10","14","0","1",,"0","8047","videojs",,"0","html5","videojs-7.6.0",,"BE","1050","1680","0","WINDOW","0","playing","hls","1571404091000","c3e49375-d6ff-49ee-b27c-aa68e1c3607f","0",,"Horus Live","2816","2816","0","Horus Live","0","0","1410058","1402011",,,,,"web"
"v2.5.4","680","0",,"Safari","13","0","223",,"berlin","1571404092000","DE","693fae52-ccf9-40ff-9652-97df6f96ffb1","Mozilla/5.0 (Macintosh; Intel Mac OS X 10_14_6) AppleWebKit/605.1.15 (KHTML, like Gecko) Version/13.0.1 Safari/605.1.15",,,,"002505dc-1a54-4fd1-83af-5ceee036005e","1571356800000","Other","panoplay.duckdns.org",,,"0","223",,,"Festival of Lights - Demo","1571403600000","c4b0efb6-c1af-4e8f-bffa-4bab0107ae41","193.175.2.0","false","true","true","Verein zur Foerderung eines Deutschen Forschungsne","en-US","./livestream/master.m3u8","1571404080000","1569888000000",,"Mac OS X","10","14","0","1",,"0","0","videojs",,"0","html5","videojs-7.6.0",,"BE","1050","1680","0","WINDOW","0","rebuffering","hls","1571404092000","c3e49375-d6ff-49ee-b27c-aa68e1c3607f","0",,"Horus Live","2816","2816","0","Horus Live","0","0","1410281","1410058",,,,,"web"
"v2.5.4","680","0",,"Safari","13","0","33",,"berlin","1571404096000","DE","693fae52-ccf9-40ff-9652-97df6f96ffb1","Mozilla/5.0 (Macintosh; Intel Mac OS X 10_14_6) AppleWebKit/605.1.15 (KHTML, like Gecko) Version/13.0.1 Safari/605.1.15",,,,"002505dc-1a54-4fd1-83af-5ceee036005e","1571356800000","Other","panoplay.duckdns.org",,,"0","33",,,"Festival of Lights - Demo","1571403600000","c4b0efb6-c1af-4e8f-bffa-4bab0107ae41","193.175.2.0","false","true","true","Verein zur Foerderung eines Deutschen Forschungsne","en-US","./livestream/master.m3u8","1571404080000","1569888000000",,"Mac OS X","10","14","0","1",,"0","0","videojs",,"0","html5","videojs-7.6.0",,"BE","1050","1680","0","WINDOW","0","rebuffering","hls","1571404096000","c3e49375-d6ff-49ee-b27c-aa68e1c3607f","0",,"Horus Live","2816","2816","0","Horus Live","0","0","1414297","1414263",,,,,"web"
"v2.5.4","680","0",,"Safari","13","0","0",,"berlin","1571404096000","DE","693fae52-ccf9-40ff-9652-97df6f96ffb1","Mozilla/5.0 (Macintosh; Intel Mac OS X 10_14_6) AppleWebKit/605.1.15 (KHTML, like Gecko) Version/13.0.1 Safari/605.1.15",,,,"002505dc-1a54-4fd1-83af-5ceee036005e","1571356800000","Other","panoplay.duckdns.org",,,"0","3983",,,"Festival of Lights - Demo","1571403600000","c4b0efb6-c1af-4e8f-bffa-4bab0107ae41","193.175.2.0","false","true","true","Verein zur Foerderung eines Deutschen Forschungsne","en-US","./livestream/master.m3u8","1571404080000","1569888000000",,"Mac OS X","10","14","0","1",,"0","3983","videojs",,"0","html5","videojs-7.6.0",,"BE","1050","1680","0","WINDOW","0","playing","hls","1571404096000","c3e49375-d6ff-49ee-b27c-aa68e1c3607f","0",,"Horus Live","2816","2816","0","Horus Live","0","0","1414263","1410281",,,,,"web"
"v2.5.4","680","0",,"Safari","13","0","0",,"berlin","1571404098000","DE","693fae52-ccf9-40ff-9652-97df6f96ffb1","Mozilla/5.0 (Macintosh; Intel Mac OS X 10_14_6) AppleWebKit/605.1.15 (KHTML, like Gecko) Version/13.0.1 Safari/605.1.15",,,,"002505dc-1a54-4fd1-83af-5ceee036005e","1571356800000","Other","panoplay.duckdns.org",,,"0","23",,,"Festival of Lights - Demo","1571403600000","c4b0efb6-c1af-4e8f-bffa-4bab0107ae41","193.175.2.0","false","true","true","Verein zur Foerderung eines Deutschen Forschungsne","en-US","./livestream/master.m3u8","1571404080000","1569888000000",,"Mac OS X","10","14","0","1",,"23","0","videojs",,"0","html5","videojs-7.6.0",,"BE","1050","1680","0","FULLSCREEN","0","pause","hls","1571404098000","c3e49375-d6ff-49ee-b27c-aa68e1c3607f","0",,"Horus Live","2816","2816","0","Horus Live","0","0","1416296","1416296",,,,,"web"
"v2.5.4","680","0",,"Safari","13","0","0",,"berlin","1571404098000","DE","693fae52-ccf9-40ff-9652-97df6f96ffb1","Mozilla/5.0 (Macintosh; Intel Mac OS X 10_14_6) AppleWebKit/605.1.15 (KHTML, like Gecko) Version/13.0.1 Safari/605.1.15",,,,"002505dc-1a54-4fd1-83af-5ceee036005e","1571356800000","Other","panoplay.duckdns.org",,,"0","2004",,,"Festival of Lights - Demo","1571403600000","c4b0efb6-c1af-4e8f-bffa-4bab0107ae41","193.175.2.0","false","true","true","Verein zur Foerderung eines Deutschen Forschungsne","en-US","./livestream/master.m3u8","1571404080000","1569888000000",,"Mac OS X","10","14","0","1",,"0","2004","videojs",,"0","html5","videojs-7.6.0",,"BE","1050","1680","0","FULLSCREEN","0","playing","hls","1571404098000","c3e49375-d6ff-49ee-b27c-aa68e1c3607f","0",,"Horus Live","2816","2816","0","Horus Live","0","0","1416296","1414297",,,,,"web"
"v2.5.4","680","0",,"Safari","13","0","0",,"berlin","1571404104000","DE","693fae52-ccf9-40ff-9652-97df6f96ffb1","Mozilla/5.0 (Macintosh; Intel Mac OS X 10_14_6) AppleWebKit/605.1.15 (KHTML, like Gecko) Version/13.0.1 Safari/605.1.15",,,,"002505dc-1a54-4fd1-83af-5ceee036005e","1571356800000","Other","panoplay.duckdns.org",,,"0","6597",,,"Festival of Lights - Demo","1571403600000","c4b0efb6-c1af-4e8f-bffa-4bab0107ae41","193.175.2.0","false","true","true","Verein zur Foerderung eines Deutschen Forschungsne","en-US","./livestream/master.m3u8","1571404080000","1569888000000",,"Mac OS X","10","14","0","1",,"0","6597","videojs",,"0","html5","videojs-7.6.0",,"BE","1050","1680","0","FULLSCREEN","0","playing","hls","1571404104000","c3e49375-d6ff-49ee-b27c-aa68e1c3607f","0",,"Horus Live","2816","2816","0","Horus Live","0","0","1423449","1416296",,,,,"web"
"v2.5.4","680","0",,"Safari","13","0","3",,"berlin","1571404104000","DE","693fae52-ccf9-40ff-9652-97df6f96ffb1","Mozilla/5.0 (Macintosh; Intel Mac OS X 10_14_6) AppleWebKit/605.1.15 (KHTML, like Gecko) Version/13.0.1 Safari/605.1.15",,,,"002505dc-1a54-4fd1-83af-5ceee036005e","1571356800000","Other","panoplay.duckdns.org",,,"0","3",,,"Festival of Lights - Demo","1571403600000","c4b0efb6-c1af-4e8f-bffa-4bab0107ae41","193.175.2.0","false","true","true","Verein zur Foerderung eines Deutschen Forschungsne","en-US","./livestream/master.m3u8","1571404080000","1569888000000",,"Mac OS X","10","14","0","1",,"0","0","videojs",,"0","html5","videojs-7.6.0",,"BE","1050","1680","0","FULLSCREEN","0","rebuffering","hls","1571404104000","c3e49375-d6ff-49ee-b27c-aa68e1c3607f","0",,"Horus Live","2816","2816","0","Horus Live","0","0","1423449","1423449",,,,,"web"
"v2.5.4","680","0",,"Safari","13","0","0",,"berlin","1571404105000","DE","693fae52-ccf9-40ff-9652-97df6f96ffb1","Mozilla/5.0 (Macintosh; Intel Mac OS X 10_14_6) AppleWebKit/605.1.15 (KHTML, like Gecko) Version/13.0.1 Safari/605.1.15",,,,"002505dc-1a54-4fd1-83af-5ceee036005e","1571356800000","Other","panoplay.duckdns.org",,,"0","807",,,"Festival of Lights - Demo","1571403600000","c4b0efb6-c1af-4e8f-bffa-4bab0107ae41","193.175.2.0","false","true","true","Verein zur Foerderung eines Deutschen Forschungsne","en-US","./livestream/master.m3u8","1571404080000","1569888000000",,"Mac OS X","10","14","0","1",,"0","807","videojs",,"0","html5","videojs-7.6.0",,"BE","1050","1680","0","FULLSCREEN","0","playing","hls","1571404105000","c3e49375-d6ff-49ee-b27c-aa68e1c3607f","0",,"Horus Live","2816","2816","0","Horus Live","0","0","1424063","1423449",,,,,"web"
"v2.5.4","680","0",,"Safari","13","0","105",,"berlin","1571404105000","DE","693fae52-ccf9-40ff-9652-97df6f96ffb1","Mozilla/5.0 (Macintosh; Intel Mac OS X 10_14_6) AppleWebKit/605.1.15 (KHTML, like Gecko) Version/13.0.1 Safari/605.1.15",,,,"002505dc-1a54-4fd1-83af-5ceee036005e","1571356800000","Other","panoplay.duckdns.org",,,"0","105",,,"Festival of Lights - Demo","1571403600000","c4b0efb6-c1af-4e8f-bffa-4bab0107ae41","193.175.2.0","false","true","true","Verein zur Foerderung eines Deutschen Forschungsne","en-US","./livestream/master.m3u8","1571404080000","1569888000000",,"Mac OS X","10","14","0","1",,"0","0","videojs",,"0","html5","videojs-7.6.0",,"BE","1050","1680","0","FULLSCREEN","0","rebuffering","hls","1571404105000","c3e49375-d6ff-49ee-b27c-aa68e1c3607f","0",,"Horus Live","2816","2816","0","Horus Live","0","0","1424168","1424063",,,,,"web"
"v2.5.4","680","0",,"Safari","13","0","0",,"berlin","1571404111000","DE","693fae52-ccf9-40ff-9652-97df6f96ffb1","Mozilla/5.0 (Macintosh; Intel Mac OS X 10_14_6) AppleWebKit/605.1.15 (KHTML, like Gecko) Version/13.0.1 Safari/605.1.15",,,,"002505dc-1a54-4fd1-83af-5ceee036005e","1571356800000","Other","panoplay.duckdns.org",,,"0","6221",,,"Festival of Lights - Demo","1571403600000","c4b0efb6-c1af-4e8f-bffa-4bab0107ae41","193.175.2.0","false","true","true","Verein zur Foerderung eines Deutschen Forschungsne","en-US","./livestream/master.m3u8","1571404080000","1569888000000",,"Mac OS X","10","14","0","1",,"0","6221","videojs",,"0","html5","videojs-7.6.0",,"BE","1050","1680","0","WINDOW","0","playing","hls","1571404111000","c3e49375-d6ff-49ee-b27c-aa68e1c3607f","0",,"Horus Live","2816","2816","0","Horus Live","0","0","1430389","1424168",,,,,"web"
"v2.5.4","680","0",,"Safari","13","0","42",,"berlin","1571404111000","DE","693fae52-ccf9-40ff-9652-97df6f96ffb1","Mozilla/5.0 (Macintosh; Intel Mac OS X 10_14_6) AppleWebKit/605.1.15 (KHTML, like Gecko) Version/13.0.1 Safari/605.1.15",,,,"002505dc-1a54-4fd1-83af-5ceee036005e","1571356800000","Other","panoplay.duckdns.org",,,"0","42",,,"Festival of Lights - Demo","1571403600000","c4b0efb6-c1af-4e8f-bffa-4bab0107ae41","193.175.2.0","false","true","true","Verein zur Foerderung eines Deutschen Forschungsne","en-US","./livestream/master.m3u8","1571404080000","1569888000000",,"Mac OS X","10","14","0","1",,"0","0","videojs",,"0","html5","videojs-7.6.0",,"BE","1050","1680","0","WINDOW","0","rebuffering","hls","1571404111000","c3e49375-d6ff-49ee-b27c-aa68e1c3607f","0",,"Horus Live","2816","2816","0","Horus Live","0","0","1430431","1430389",,,,,"web"
"v2.5.4","680","0",,"Safari","13","0","0",,"berlin","1571404112000","DE","7e306f0e-d280-4eb4-b3ca-e7ab02a5fa93","Mozilla/5.0 (Macintosh; Intel Mac OS X 10_14_6) AppleWebKit/605.1.15 (KHTML, like Gecko) Version/13.0.1 Safari/605.1.15",,,,"002505dc-1a54-4fd1-83af-5ceee036005e","1571356800000","Other","panoplay.duckdns.org",,,"0","29",,,"Festival of Lights - Demo","1571403600000","20fff020-a711-4925-998b-f22b3a7ee824","193.175.2.0","false","false","true","Verein zur Foerderung eines Deutschen Forschungsne","en-US","./livestream/master.m3u8","1571404080000","1569888000000",,"Mac OS X","10","14","651","1",,"0","0","videojs",,"29","html5","videojs-7.6.0",,"BE","1050","1680","0","WINDOW","0","setup","hls","1571404112000","c3e49375-d6ff-49ee-b27c-aa68e1c3607f","0","0","Horus Live","0","0","0","Horus Live","0","0","0","0",,,,,"web"
"v2.5.4","680","0",,"Safari","13","0","0",,"berlin","1571404112000","DE","693fae52-ccf9-40ff-9652-97df6f96ffb1","Mozilla/5.0 (Macintosh; Intel Mac OS X 10_14_6) AppleWebKit/605.1.15 (KHTML, like Gecko) Version/13.0.1 Safari/605.1.15",,,,"002505dc-1a54-4fd1-83af-5ceee036005e","1571356800000","Other","panoplay.duckdns.org",,,"0","384",,,"Festival of Lights - Demo","1571403600000","c4b0efb6-c1af-4e8f-bffa-4bab0107ae41","193.175.2.0","false","true","true","Verein zur Foerderung eines Deutschen Forschungsne","en-US","./livestream/master.m3u8","1571404080000","1569888000000",,"Mac OS X","10","14","0","1",,"0","384","videojs",,"0","html5","videojs-7.6.0",,"BE","1050","1680","0","WINDOW","0","playing","hls","1571404112000","c3e49375-d6ff-49ee-b27c-aa68e1c3607f","0",,"Horus Live","2816","2816","0","Horus Live","0","0","1430815","1430431",,,,,"web"
"v2.5.4","680","0","true","Safari","13","0","0",,"berlin","1571404113000","DE","7e306f0e-d280-4eb4-b3ca-e7ab02a5fa93","Mozilla/5.0 (Macintosh; Intel Mac OS X 10_14_6) AppleWebKit/605.1.15 (KHTML, like Gecko) Version/13.0.1 Safari/605.1.15",,,,"002505dc-1a54-4fd1-83af-5ceee036005e","1571356800000","Other","panoplay.duckdns.org",,,"0","251",,,"Festival of Lights - Demo","1571403600000","20fff020-a711-4925-998b-f22b3a7ee824","193.175.2.0","false","true","true","Verein zur Foerderung eines Deutschen Forschungsne","en-US","./livestream/master.m3u8","1571404080000","1569888000000",,"Mac OS X","10","14","0","1",,"0","0","videojs",,"0","html5","videojs-7.6.0",,"BE","1050","1680","0","WINDOW","280","startup","hls","1571404113000","c3e49375-d6ff-49ee-b27c-aa68e1c3607f","0",,"Horus Live","2816","2816","251","Horus Live","0","0","1429680","1429430",,,,,"web"
"v2.5.4","680","0",,"Safari","13","0","0",,"berlin","1571404114000","DE","7e306f0e-d280-4eb4-b3ca-e7ab02a5fa93","Mozilla/5.0 (Macintosh; Intel Mac OS X 10_14_6) AppleWebKit/605.1.15 (KHTML, like Gecko) Version/13.0.1 Safari/605.1.15",,,,"002505dc-1a54-4fd1-83af-5ceee036005e","1571356800000","Other","panoplay.duckdns.org",,,"0","35",,,"Festival of Lights - Demo","1571403600000","20fff020-a711-4925-998b-f22b3a7ee824","193.175.2.0","false","true","true","Verein zur Foerderung eines Deutschen Forschungsne","en-US","./livestream/master.m3u8","1571404080000","1569888000000",,"Mac OS X","10","14","0","1",,"35","0","videojs",,"0","html5","videojs-7.6.0",,"BE","1050","1680","0","FULLSCREEN","0","pause","hls","1571404114000","c3e49375-d6ff-49ee-b27c-aa68e1c3607f","0",,"Horus Live","2816","2816","0","Horus Live","0","0","1430961","1430961",,,,,"web"
"v2.5.4","680","0",,"Safari","13","0","0",,"berlin","1571404114000","DE","7e306f0e-d280-4eb4-b3ca-e7ab02a5fa93","Mozilla/5.0 (Macintosh; Intel Mac OS X 10_14_6) AppleWebKit/605.1.15 (KHTML, like Gecko) Version/13.0.1 Safari/605.1.15",,,,"002505dc-1a54-4fd1-83af-5ceee036005e","1571356800000","Other","panoplay.duckdns.org",,,"0","1283",,,"Festival of Lights - Demo","1571403600000","20fff020-a711-4925-998b-f22b3a7ee824","193.175.2.0","false","true","true","Verein zur Foerderung eines Deutschen Forschungsne","en-US","./livestream/master.m3u8","1571404080000","1569888000000",,"Mac OS X","10","14","0","1",,"0","1283","videojs",,"0","html5","videojs-7.6.0",,"BE","1050","1680","0","FULLSCREEN","0","playing","hls","1571404114000","c3e49375-d6ff-49ee-b27c-aa68e1c3607f","0",,"Horus Live","2816","2816","0","Horus Live","0","0","1430961","1429680",,,,,"web"
"v2.5.4","680","0",,"Safari","13","0","0",,"berlin","1571404119000","DE","7e306f0e-d280-4eb4-b3ca-e7ab02a5fa93","Mozilla/5.0 (Macintosh; Intel Mac OS X 10_14_6) AppleWebKit/605.1.15 (KHTML, like Gecko) Version/13.0.1 Safari/605.1.15",,,,"002505dc-1a54-4fd1-83af-5ceee036005e","1571356800000","Other","panoplay.duckdns.org",,,"0","5239",,,"Festival of Lights - Demo","1571403600000","20fff020-a711-4925-998b-f22b3a7ee824","193.175.2.0","false","true","true","Verein zur Foerderung eines Deutschen Forschungsne","en-US","./livestream/master.m3u8","1571404080000","1569888000000",,"Mac OS X","10","14","0","1",,"0","5239","videojs",,"0","html5","videojs-7.6.0",,"BE","1050","1680","0","FULLSCREEN","0","playing","hls","1571404119000","c3e49375-d6ff-49ee-b27c-aa68e1c3607f","0",,"Horus Live","2816","2816","0","Horus Live","0","0","1435848","1430961",,,,,"web"
"v2.5.4","680","0",,"Safari","13","0","22",,"berlin","1571404119000","DE","7e306f0e-d280-4eb4-b3ca-e7ab02a5fa93","Mozilla/5.0 (Macintosh; Intel Mac OS X 10_14_6) AppleWebKit/605.1.15 (KHTML, like Gecko) Version/13.0.1 Safari/605.1.15",,,,"002505dc-1a54-4fd1-83af-5ceee036005e","1571356800000","Other","panoplay.duckdns.org",,,"0","22",,,"Festival of Lights - Demo","1571403600000","20fff020-a711-4925-998b-f22b3a7ee824","193.175.2.0","false","true","true","Verein zur Foerderung eines Deutschen Forschungsne","en-US","./livestream/master.m3u8","1571404080000","1569888000000",,"Mac OS X","10","14","0","1",,"0","0","videojs",,"0","html5","videojs-7.6.0",,"BE","1050","1680","0","FULLSCREEN","0","rebuffering","hls","1571404119000","c3e49375-d6ff-49ee-b27c-aa68e1c3607f","0",,"Horus Live","2816","2816","0","Horus Live","0","0","1435870","1435848",,,,,"web"
"v2.5.4","680","0",,"Safari","13","0","0",,"berlin","1571404128000","DE","7e306f0e-d280-4eb4-b3ca-e7ab02a5fa93","Mozilla/5.0 (Macintosh; Intel Mac OS X 10_14_6) AppleWebKit/605.1.15 (KHTML, like Gecko) Version/13.0.1 Safari/605.1.15",,,,"002505dc-1a54-4fd1-83af-5ceee036005e","1571356800000","Other","panoplay.duckdns.org",,,"0","8394",,,"Festival of Lights - Demo","1571403600000","20fff020-a711-4925-998b-f22b3a7ee824","193.175.2.0","false","true","true","Verein zur Foerderung eines Deutschen Forschungsne","en-US","./livestream/master.m3u8","1571404080000","1569888000000",,"Mac OS X","10","14","0","1",,"0","8394","videojs",,"0","html5","videojs-7.6.0",,"BE","1050","1680","0","FULLSCREEN","0","playing","hls","1571404128000","c3e49375-d6ff-49ee-b27c-aa68e1c3607f","0",,"Horus Live","2816","2816","0","Horus Live","0","0","1444264","1435870",,,,,"web"
"v2.5.4","680","0",,"Safari","13","0","124",,"berlin","1571404128000","DE","7e306f0e-d280-4eb4-b3ca-e7ab02a5fa93","Mozilla/5.0 (Macintosh; Intel Mac OS X 10_14_6) AppleWebKit/605.1.15 (KHTML, like Gecko) Version/13.0.1 Safari/605.1.15",,,,"002505dc-1a54-4fd1-83af-5ceee036005e","1571356800000","Other","panoplay.duckdns.org",,,"0","124",,,"Festival of Lights - Demo","1571403600000","20fff020-a711-4925-998b-f22b3a7ee824","193.175.2.0","false","true","true","Verein zur Foerderung eines Deutschen Forschungsne","en-US","./livestream/master.m3u8","1571404080000","1569888000000",,"Mac OS X","10","14","0","1",,"0","0","videojs",,"0","html5","videojs-7.6.0",,"BE","1050","1680","0","FULLSCREEN","0","rebuffering","hls","1571404128000","c3e49375-d6ff-49ee-b27c-aa68e1c3607f","0",,"Horus Live","2816","2816","0","Horus Live","0","0","1444388","1444264",,,,,"web"
"v2.5.4","680","0",,"Chrome Mobile","77","0","0",,"berlin","1571404129000","DE","ada5539e-a56b-4154-833d-508c950b273d","Mozilla/5.0 (Linux; Android 9; Nokia 6.1) AppleWebKit/537.36 (KHTML, like Gecko) Chrome/77.0.3865.116 Mobile Safari/537.36",,,,"b078ba57-f5c6-4cc1-a8d6-bb2bf8d83c14","1571356800000","Nokia 6","panoplay.duckdns.org",,,"0","205",,,"Festival of Lights - Demo","1571403600000","0833ee17-f3cf-463e-b869-72156dc67ec6","193.175.2.0","false","false","true","Verein zur Foerderung eines Deutschen Forschungsne","en-US","./livestream/master.m3u8","1571404080000","1569888000000",,"Android","9",,"2609","1",,"0","0","videojs",,"205","html5","videojs-7.6.0",,"BE","732","412","0","WINDOW","0","setup","hls","1571404129000","2310127a-8b7b-47e2-a5ff-2a5041b1ed05","0","0","Horus Live","0","0","0","Horus Live","0","0","0","0",,,,,"web"
"v2.5.4","680","0",,"Safari","13","0","0",,"berlin","1571404129000","DE","7e306f0e-d280-4eb4-b3ca-e7ab02a5fa93","Mozilla/5.0 (Macintosh; Intel Mac OS X 10_14_6) AppleWebKit/605.1.15 (KHTML, like Gecko) Version/13.0.1 Safari/605.1.15",,,,"002505dc-1a54-4fd1-83af-5ceee036005e","1571356800000","Other","panoplay.duckdns.org",,,"0","1481",,,"Festival of Lights - Demo","1571403600000","20fff020-a711-4925-998b-f22b3a7ee824","193.175.2.0","false","true","true","Verein zur Foerderung eines Deutschen Forschungsne","en-US","./livestream/master.m3u8","1571404080000","1569888000000",,"Mac OS X","10","14","0","1",,"0","1481","videojs",,"0","html5","videojs-7.6.0",,"BE","1050","1680","0","FULLSCREEN","0","playing","hls","1571404129000","c3e49375-d6ff-49ee-b27c-aa68e1c3607f","0",,"Horus Live","2816","2816","0","Horus Live","0","0","1445868","1444388",,,,,"web"
"v2.5.4","680","0",,"Firefox","69","0","0",,"berlin","1571404129000","DE","761d236d-ca56-4a07-86d8-b4cf9878e0cd","Mozilla/5.0 (X11; Ubuntu; Linux x86_64; rv:69.0) Gecko/20100101 Firefox/69.0",,,,"a355838f-adef-43a0-b106-0fda819fc4bb","1571356800000","Other","localhost",,,"0","59784",,,"Festival of Lights - Demo","1571403600000","9c1dfcea-767c-49ee-b9a7-62f227578ec2","193.175.2.0","false","true","true","Verein zur Foerderung eines Deutschen Forschungsne","en-US","./livestream/master.m3u8","1571404080000","1569888000000",,"Ubuntu",,,"0","1",,"0","59784","videojs",,"0","html5","videojs-7.6.0",,"BE","1200","1920","0","WINDOW","0","playing","hls","1571404129000","348f375f-32b3-4550-bc69-c49eb529d468","8000000",,"Horus Live","2816","2816","0","Horus Live","0","0","1436865","1377072",,,,,"web"
"v2.5.4","680","0",,"Chrome Mobile","77","0","0",,"berlin","1571404130000","DE","ada5539e-a56b-4154-833d-508c950b273d","Mozilla/5.0 (Linux; Android 9; Nokia 6.1) AppleWebKit/537.36 (KHTML, like Gecko) Chrome/77.0.3865.116 Mobile Safari/537.36",,,,"b078ba57-f5c6-4cc1-a8d6-bb2bf8d83c14","1571356800000","Nokia 6","panoplay.duckdns.org",,,"0","0","3","The media playback was aborted due to a corruption problem or because the media used features your browser did not support.","Festival of Lights - Demo","1571403600000","0833ee17-f3cf-463e-b869-72156dc67ec6","193.175.2.0","false","false","true","Verein zur Foerderung eines Deutschen Forschungsne","en-US","./livestream/master.m3u8","1571404080000","1569888000000",,"Android","9",,"0","1",,"0","0","videojs",,"0","html5","videojs-7.6.0",,"BE","732","412","0","WINDOW","0","error","hls","1571404130000","2310127a-8b7b-47e2-a5ff-2a5041b1ed05","0","0","Horus Live","0","0","0","Horus Live","0","0","0","0",,,,,"web"
"v2.5.4","680","0",,"Firefox Mobile","68","0","0",,"berlin","1571404162000","DE","91813efe-6eee-40e2-baaa-d3dfdece6845","Mozilla/5.0 (Android 9; Mobile; rv:68.0) Gecko/68.0 Firefox/68.0",,,,"d8885456-8d29-43b9-8c2c-9caa839e8ea5","1571356800000","Generic Smartphone","192.168.247.92",,,"0","334",,,"Festival of Lights - Demo","1571403600000","5ab4eb12-852a-4c40-a5cd-09b676b6596a","193.175.2.0","false","false","true","Verein zur Foerderung eines Deutschen Forschungsne","en-US","./livestream/master.m3u8","1571404140000","1569888000000",,"Android","9",,"2319","1",,"0","0","videojs",,"334","html5","videojs-7.6.0",,"BE","688","414","0","WINDOW","0","setup","hls","1571404162000","c2215219-f73a-4a68-8875-93c4fa782f61","0","0","Horus Live","0","0","0","Horus Live","0","0","0","0",,,,,"web"
"v2.5.4","680","0",,"Firefox Mobile","68","0","0",,"berlin","1571404165000","DE","91813efe-6eee-40e2-baaa-d3dfdece6845","Mozilla/5.0 (Android 9; Mobile; rv:68.0) Gecko/68.0 Firefox/68.0",,,,"d8885456-8d29-43b9-8c2c-9caa839e8ea5","1571356800000","Generic Smartphone","192.168.247.92",,,"0","11",,,"Festival of Lights - Demo","1571403600000","5ab4eb12-852a-4c40-a5cd-09b676b6596a","193.175.2.0","false","false","true","Verein zur Foerderung eines Deutschen Forschungsne","en-US","./livestream/master.m3u8","1571404140000","1569888000000",,"Android","9",,"0","1",,"0","11","videojs",,"0","html5","videojs-7.6.0",,"BE","688","414","0","WINDOW","0","playing","hls","1571404165000","c2215219-f73a-4a68-8875-93c4fa782f61","0","1479477","Horus Live","2816","2816","0","Horus Live","0","0","0","0",,,,,"web"
"v2.5.4","680","0","true","Firefox Mobile","68","0","0",,"berlin","1571404165000","DE","91813efe-6eee-40e2-baaa-d3dfdece6845","Mozilla/5.0 (Android 9; Mobile; rv:68.0) Gecko/68.0 Firefox/68.0",,,,"d8885456-8d29-43b9-8c2c-9caa839e8ea5","1571356800000","Generic Smartphone","192.168.247.92",,,"0","40",,,"Festival of Lights - Demo","1571403600000","5ab4eb12-852a-4c40-a5cd-09b676b6596a","193.175.2.0","false","false","true","Verein zur Foerderung eines Deutschen Forschungsne","en-US","./livestream/master.m3u8","1571404140000","1569888000000",,"Android","9",,"0","1",,"0","0","videojs",,"0","html5","videojs-7.6.0",,"BE","688","414","0","WINDOW","374","startup","hls","1571404165000","c2215219-f73a-4a68-8875-93c4fa782f61","0","1479477","Horus Live","2816","2816","40","Horus Live","0","0","0","0",,,,,"web"
"v2.5.4","680","0",,"Firefox Mobile","68","0","256",,"berlin","1571404165000","DE","91813efe-6eee-40e2-baaa-d3dfdece6845","Mozilla/5.0 (Android 9; Mobile; rv:68.0) Gecko/68.0 Firefox/68.0",,,,"d8885456-8d29-43b9-8c2c-9caa839e8ea5","1571356800000","Generic Smartphone","192.168.247.92",,,"0","256",,,"Festival of Lights - Demo","1571403600000","5ab4eb12-852a-4c40-a5cd-09b676b6596a","193.175.2.0","false","false","true","Verein zur Foerderung eines Deutschen Forschungsne","en-US","./livestream/master.m3u8","1571404140000","1569888000000",,"Android","9",,"0","1",,"0","0","videojs",,"0","html5","videojs-7.6.0",,"BE","688","414","0","WINDOW","0","rebuffering","hls","1571404165000","c2215219-f73a-4a68-8875-93c4fa782f61","0","1479477","Horus Live","2816","2816","0","Horus Live","0","0","124","0",,,,,"web"
"v2.5.4","680","0",,"Firefox Mobile","68","0","277",,"berlin","1571404166000","DE","91813efe-6eee-40e2-baaa-d3dfdece6845","Mozilla/5.0 (Android 9; Mobile; rv:68.0) Gecko/68.0 Firefox/68.0",,,,"d8885456-8d29-43b9-8c2c-9caa839e8ea5","1571356800000","Generic Smartphone","192.168.247.92",,,"0","277",,,"Festival of Lights - Demo","1571403600000","5ab4eb12-852a-4c40-a5cd-09b676b6596a","193.175.2.0","false","false","true","Verein zur Foerderung eines Deutschen Forschungsne","en-US","./livestream/master.m3u8","1571404140000","1569888000000",,"Android","9",,"0","1",,"0","0","videojs",,"0","html5","videojs-7.6.0",,"BE","688","414","0","WINDOW","0","rebuffering","hls","1571404166000","c2215219-f73a-4a68-8875-93c4fa782f61","0","1479477","Horus Live","2816","2816","0","Horus Live","0","0","1549","1262",,,,,"web"
"v2.5.4","680","0",,"Firefox Mobile","68","0","0",,"berlin","1571404166000","DE","91813efe-6eee-40e2-baaa-d3dfdece6845","Mozilla/5.0 (Android 9; Mobile; rv:68.0) Gecko/68.0 Firefox/68.0",,,,"d8885456-8d29-43b9-8c2c-9caa839e8ea5","1571356800000","Generic Smartphone","192.168.247.92",,,"0","1087",,,"Festival of Lights - Demo","1571403600000","5ab4eb12-852a-4c40-a5cd-09b676b6596a","193.175.2.0","false","false","true","Verein zur Foerderung eines Deutschen Forschungsne","en-US","./livestream/master.m3u8","1571404140000","1569888000000",,"Android","9",,"0","1",,"0","1087","videojs",,"0","html5","videojs-7.6.0",,"BE","688","414","0","WINDOW","0","playing","hls","1571404166000","c2215219-f73a-4a68-8875-93c4fa782f61","0","1479477","Horus Live","2816","2816","0","Horus Live","0","0","1262","124",,,,,"web"
"v2.5.4","680","0",,"Firefox Mobile","68","0","0",,"berlin","1571404174000","DE","91813efe-6eee-40e2-baaa-d3dfdece6845","Mozilla/5.0 (Android 9; Mobile; rv:68.0) Gecko/68.0 Firefox/68.0",,,,"d8885456-8d29-43b9-8c2c-9caa839e8ea5","1571356800000","Generic Smartphone","192.168.247.92",,,"0","7913",,,"Festival of Lights - Demo","1571403600000","5ab4eb12-852a-4c40-a5cd-09b676b6596a","193.175.2.0","false","false","true","Verein zur Foerderung eines Deutschen Forschungsne","en-US","./livestream/master.m3u8","1571404140000","1569888000000",,"Android","9",,"0","1",,"0","7913","videojs",,"0","html5","videojs-7.6.0",,"BE","688","414","0","WINDOW","0","playing","hls","1571404174000","c2215219-f73a-4a68-8875-93c4fa782f61","0","1479477","Horus Live","2816","2816","0","Horus Live","0","0","9449","1549",,,,,"web"
"v2.5.4","680","0",,"Firefox","69","0","349",,"berlin","1571404180000","DE","761d236d-ca56-4a07-86d8-b4cf9878e0cd","Mozilla/5.0 (X11; Ubuntu; Linux x86_64; rv:69.0) Gecko/20100101 Firefox/69.0",,,,"a355838f-adef-43a0-b106-0fda819fc4bb","1571356800000","Other","localhost",,,"0","349",,,"Festival of Lights - Demo","1571403600000","9c1dfcea-767c-49ee-b9a7-62f227578ec2","193.175.2.0","false","true","true","Verein zur Foerderung eines Deutschen Forschungsne","en-US","./livestream/master.m3u8","1571404140000","1569888000000",,"Ubuntu",,,"0","1",,"0","0","videojs",,"0","html5","videojs-7.6.0",,"BE","1200","1920","0","WINDOW","0","rebuffering","hls","1571404180000","348f375f-32b3-4550-bc69-c49eb529d468","6000000",,"Horus Live","2816","2816","0","Horus Live","0","0","1487467","1487467",,,,,"web"
"v2.5.4","680","0",,"Firefox","69","0","0",,"berlin","1571404180000","DE","761d236d-ca56-4a07-86d8-b4cf9878e0cd","Mozilla/5.0 (X11; Ubuntu; Linux x86_64; rv:69.0) Gecko/20100101 Firefox/69.0",,,,"a355838f-adef-43a0-b106-0fda819fc4bb","1571356800000","Other","localhost",,,"0","50641",,,"Festival of Lights - Demo","1571403600000","9c1dfcea-767c-49ee-b9a7-62f227578ec2","193.175.2.0","false","true","true","Verein zur Foerderung eines Deutschen Forschungsne","en-US","./livestream/master.m3u8","1571404140000","1569888000000",,"Ubuntu",,,"0","1",,"0","50641","videojs",,"0","html5","videojs-7.6.0",,"BE","1200","1920","0","WINDOW","0","playing","hls","1571404180000","348f375f-32b3-4550-bc69-c49eb529d468","8000000",,"Horus Live","2816","2816","0","Horus Live","0","0","1487467","1436865",,,,,"web"
"v2.5.4","680","0",,"Firefox","69","0","0",,"berlin","1571404180000","DE","761d236d-ca56-4a07-86d8-b4cf9878e0cd","Mozilla/5.0 (X11; Ubuntu; Linux x86_64; rv:69.0) Gecko/20100101 Firefox/69.0",,,,"a355838f-adef-43a0-b106-0fda819fc4bb","1571356800000","Other","localhost",,,"0","0",,,"Festival of Lights - Demo","1571403600000","9c1dfcea-767c-49ee-b9a7-62f227578ec2","193.175.2.0","false","true","true","Verein zur Foerderung eines Deutschen Forschungsne","en-US","./livestream/master.m3u8","1571404140000","1569888000000",,"Ubuntu",,,"0","1",,"0","0","videojs",,"0","html5","videojs-7.6.0",,"BE","1200","1920","0","WINDOW","0","qualitychange","hls","1571404180000","348f375f-32b3-4550-bc69-c49eb529d468","6000000",,"Horus Live","2816","2816","0","Horus Live","0","0","1487467","1487467",,,,,"web"
"v2.5.4","680","0",,"Firefox","69","0","0",,"berlin","1571404180000","DE","761d236d-ca56-4a07-86d8-b4cf9878e0cd","Mozilla/5.0 (X11; Ubuntu; Linux x86_64; rv:69.0) Gecko/20100101 Firefox/69.0",,,,"a355838f-adef-43a0-b106-0fda819fc4bb","1571356800000","Other","localhost",,,"0","3",,,"Festival of Lights - Demo","1571403600000","9c1dfcea-767c-49ee-b9a7-62f227578ec2","193.175.2.0","false","true","true","Verein zur Foerderung eines Deutschen Forschungsne","en-US","./livestream/master.m3u8","1571404140000","1569888000000",,"Ubuntu",,,"0","1",,"0","3","videojs",,"0","html5","videojs-7.6.0",,"BE","1200","1920","0","WINDOW","0","playing","hls","1571404180000","348f375f-32b3-4550-bc69-c49eb529d468","6000000",,"Horus Live","2816","2816","0","Horus Live","0","0","1487467","1487467",,,,,"web"
"v2.5.4","680","0",,"Safari","13","0","0",,"berlin","1571404212000","DE","7e306f0e-d280-4eb4-b3ca-e7ab02a5fa93","Mozilla/5.0 (Macintosh; Intel Mac OS X 10_14_6) AppleWebKit/605.1.15 (KHTML, like Gecko) Version/13.0.1 Safari/605.1.15",,,,"002505dc-1a54-4fd1-83af-5ceee036005e","1571356800000","Other","panoplay.duckdns.org",,,"0","82200",,,"Festival of Lights - Demo","1571403600000","20fff020-a711-4925-998b-f22b3a7ee824","193.175.2.0","false","true","true","Verein zur Foerderung eines Deutschen Forschungsne","en-US","./livestream/master.m3u8","1571404200000","1569888000000",,"Mac OS X","10","14","0","1",,"82200","0","videojs",,"0","html5","videojs-7.6.0",,"BE","1050","1680","0","WINDOW","0","pause","hls","1571404212000","c3e49375-d6ff-49ee-b27c-aa68e1c3607f","0",,"Horus Live","2816","2816","0","Horus Live","0","0","1445868","1445868",,,,,"web"
"v2.5.4","680","0",,"Firefox Mobile","68","0","44146",,"berlin","1571404218000","DE","91813efe-6eee-40e2-baaa-d3dfdece6845","Mozilla/5.0 (Android 9; Mobile; rv:68.0) Gecko/68.0 Firefox/68.0",,,,"d8885456-8d29-43b9-8c2c-9caa839e8ea5","1571356800000","Generic Smartphone","192.168.247.92",,,"0","44146",,,"Festival of Lights - Demo","1571403600000","5ab4eb12-852a-4c40-a5cd-09b676b6596a","193.175.2.0","false","false","true","Verein zur Foerderung eines Deutschen Forschungsne","en-US","./livestream/master.m3u8","1571404200000","1569888000000",,"Android","9",,"0","1",,"0","0","videojs",,"0","html5","videojs-7.6.0",,"BE","688","414","0","WINDOW","0","rebuffering","hls","1571404218000","c2215219-f73a-4a68-8875-93c4fa782f61","0","1479477","Horus Live","2816","2816","0","Horus Live","0","0","9449","9449",,,,,"web"
"v2.5.4","680","0",,"Firefox Mobile","68","0","0",,"berlin","1571404218000","DE","91813efe-6eee-40e2-baaa-d3dfdece6845","Mozilla/5.0 (Android 9; Mobile; rv:68.0) Gecko/68.0 Firefox/68.0",,,,"d8885456-8d29-43b9-8c2c-9caa839e8ea5","1571356800000","Generic Smartphone","192.168.247.92",,,"0","10",,,"Festival of Lights - Demo","1571403600000","5ab4eb12-852a-4c40-a5cd-09b676b6596a","193.175.2.0","false","false","true","Verein zur Foerderung eines Deutschen Forschungsne","en-US","./livestream/master.m3u8","1571404200000","1569888000000",,"Android","9",,"0","1",,"0","10","videojs",,"0","html5","videojs-7.6.0",,"BE","688","414","0","WINDOW","0","playing","hls","1571404218000","c2215219-f73a-4a68-8875-93c4fa782f61","0","1479477","Horus Live","2816","2816","0","Horus Live","0","0","9449","9449",,,,,"web"
"v2.5.4","680","0",,"Firefox Mobile","68","0","0",,"berlin","1571404219000","DE","91813efe-6eee-40e2-baaa-d3dfdece6845","Mozilla/5.0 (Android 9; Mobile; rv:68.0) Gecko/68.0 Firefox/68.0",,,,"d8885456-8d29-43b9-8c2c-9caa839e8ea5","1571356800000","Generic Smartphone","192.168.247.92",,,"0","945",,,"Festival of Lights - Demo","1571403600000","5ab4eb12-852a-4c40-a5cd-09b676b6596a","193.175.2.0","false","false","true","Verein zur Foerderung eines Deutschen Forschungsne","en-US","./livestream/master.m3u8","1571404200000","1569888000000",,"Android","9",,"0","1",,"945","0","videojs",,"0","html5","videojs-7.6.0",,"BE","688","414","0","WINDOW","0","pause","hls","1571404219000","c2215219-f73a-4a68-8875-93c4fa782f61","0","1479477","Horus Live","2816","2816","0","Horus Live","0","0","9449","9449",,,,,"web"
"v2.5.4","680","0",,"Firefox Mobile","68","0","0",,"berlin","1571404219000","DE","91813efe-6eee-40e2-baaa-d3dfdece6845","Mozilla/5.0 (Android 9; Mobile; rv:68.0) Gecko/68.0 Firefox/68.0",,,,"d8885456-8d29-43b9-8c2c-9caa839e8ea5","1571356800000","Generic Smartphone","192.168.247.92",,,"0","10",,,"Festival of Lights - Demo","1571403600000","5ab4eb12-852a-4c40-a5cd-09b676b6596a","193.175.2.0","false","false","true","Verein zur Foerderung eines Deutschen Forschungsne","en-US","./livestream/master.m3u8","1571404200000","1569888000000",,"Android","9",,"0","1",,"0","10","videojs",,"0","html5","videojs-7.6.0",,"BE","688","414","0","WINDOW","0","playing","hls","1571404219000","c2215219-f73a-4a68-8875-93c4fa782f61","0","1479477","Horus Live","2816","2816","0","Horus Live","0","0","9449","9449",,,,,"web"
"v2.5.4","680","0",,"Firefox Mobile","68","0","0",,"berlin","1571404220000","DE","91813efe-6eee-40e2-baaa-d3dfdece6845","Mozilla/5.0 (Android 9; Mobile; rv:68.0) Gecko/68.0 Firefox/68.0",,,,"d8885456-8d29-43b9-8c2c-9caa839e8ea5","1571356800000","Generic Smartphone","192.168.247.92",,,"0","391",,,"Festival of Lights - Demo","1571403600000","5ab4eb12-852a-4c40-a5cd-09b676b6596a","193.175.2.0","false","false","true","Verein zur Foerderung eines Deutschen Forschungsne","en-US","./livestream/master.m3u8","1571404200000","1569888000000",,"Android","9",,"0","1",,"391","0","videojs",,"0","html5","videojs-7.6.0",,"BE","688","414","0","WINDOW","0","pause","hls","1571404220000","c2215219-f73a-4a68-8875-93c4fa782f61","0","1479477","Horus Live","2816","2816","0","Horus Live","0","0","9449","9449",,,,,"web"
"v2.5.4","680","0",,"Firefox Mobile","68","0","0",,"berlin","1571404220000","DE","91813efe-6eee-40e2-baaa-d3dfdece6845","Mozilla/5.0 (Android 9; Mobile; rv:68.0) Gecko/68.0 Firefox/68.0",,,,"d8885456-8d29-43b9-8c2c-9caa839e8ea5","1571356800000","Generic Smartphone","192.168.247.92",,,"0","12",,,"Festival of Lights - Demo","1571403600000","5ab4eb12-852a-4c40-a5cd-09b676b6596a","193.175.2.0","false","false","true","Verein zur Foerderung eines Deutschen Forschungsne","en-US","./livestream/master.m3u8","1571404200000","1569888000000",,"Android","9",,"0","1",,"0","12","videojs",,"0","html5","videojs-7.6.0",,"BE","688","414","0","WINDOW","0","playing","hls","1571404220000","c2215219-f73a-4a68-8875-93c4fa782f61","0","1479477","Horus Live","2816","2816","0","Horus Live","0","0","9449","9449",,,,,"web"
"v2.5.4","680","0",,"Firefox Mobile","68","0","737",,"berlin","1571404220000","DE","91813efe-6eee-40e2-baaa-d3dfdece6845","Mozilla/5.0 (Android 9; Mobile; rv:68.0) Gecko/68.0 Firefox/68.0",,,,"d8885456-8d29-43b9-8c2c-9caa839e8ea5","1571356800000","Generic Smartphone","192.168.247.92",,,"0","737",,,"Festival of Lights - Demo","1571403600000","5ab4eb12-852a-4c40-a5cd-09b676b6596a","193.175.2.0","false","false","true","Verein zur Foerderung eines Deutschen Forschungsne","en-US","./livestream/master.m3u8","1571404200000","1569888000000",,"Android","9",,"0","1",,"0","0","videojs",,"0","html5","videojs-7.6.0",,"BE","688","414","0","WINDOW","0","rebuffering","hls","1571404220000","c2215219-f73a-4a68-8875-93c4fa782f61","0","1479477","Horus Live","2816","2816","0","Horus Live","0","0","9449","9449",,,,,"web"
"v2.5.4","680","0",,"Firefox Mobile","68","0","0",,"berlin","1571404220000","DE","91813efe-6eee-40e2-baaa-d3dfdece6845","Mozilla/5.0 (Android 9; Mobile; rv:68.0) Gecko/68.0 Firefox/68.0",,,,"d8885456-8d29-43b9-8c2c-9caa839e8ea5","1571356800000","Generic Smartphone","192.168.247.92",,,"0","11",,,"Festival of Lights - Demo","1571403600000","5ab4eb12-852a-4c40-a5cd-09b676b6596a","193.175.2.0","false","false","true","Verein zur Foerderung eines Deutschen Forschungsne","en-US","./livestream/master.m3u8","1571404200000","1569888000000",,"Android","9",,"0","1",,"0","11","videojs",,"0","html5","videojs-7.6.0",,"BE","688","414","0","WINDOW","0","playing","hls","1571404220000","c2215219-f73a-4a68-8875-93c4fa782f61","0","1479477","Horus Live","2816","2816","0","Horus Live","0","0","9449","9449",,,,,"web"
"v2.5.4","680","0",,"Firefox Mobile","68","0","0",,"berlin","1571404222000","DE","91813efe-6eee-40e2-baaa-d3dfdece6845","Mozilla/5.0 (Android 9; Mobile; rv:68.0) Gecko/68.0 Firefox/68.0",,,,"d8885456-8d29-43b9-8c2c-9caa839e8ea5","1571356800000","Generic Smartphone","192.168.247.92",,,"0","8",,,"Festival of Lights - Demo","1571403600000","5ab4eb12-852a-4c40-a5cd-09b676b6596a","193.175.2.0","false","false","true","Verein zur Foerderung eines Deutschen Forschungsne","en-US","./livestream/master.m3u8","1571404200000","1569888000000",,"Android","9",,"0","1",,"0","8","videojs",,"0","html5","videojs-7.6.0",,"BE","688","414","0","WINDOW","0","playing","hls","1571404222000","c2215219-f73a-4a68-8875-93c4fa782f61","0","1479477","Horus Live","2816","2816","0","Horus Live","0","0","9449","9449",,,,,"web"
"v2.5.4","680","0",,"Firefox Mobile","68","0","257",,"berlin","1571404222000","DE","91813efe-6eee-40e2-baaa-d3dfdece6845","Mozilla/5.0 (Android 9; Mobile; rv:68.0) Gecko/68.0 Firefox/68.0",,,,"d8885456-8d29-43b9-8c2c-9caa839e8ea5","1571356800000","Generic Smartphone","192.168.247.92",,,"0","257",,,"Festival of Lights - Demo","1571403600000","5ab4eb12-852a-4c40-a5cd-09b676b6596a","193.175.2.0","false","false","true","Verein zur Foerderung eines Deutschen Forschungsne","en-US","./livestream/master.m3u8","1571404200000","1569888000000",,"Android","9",,"0","1",,"0","0","videojs",,"0","html5","videojs-7.6.0",,"BE","688","414","0","WINDOW","0","rebuffering","hls","1571404222000","c2215219-f73a-4a68-8875-93c4fa782f61","0","1479477","Horus Live","2816","2816","0","Horus Live","0","0","9449","9449",,,,,"web"
"v2.5.4","680","0",,"Firefox Mobile","68","0","0",,"berlin","1571404222000","DE","91813efe-6eee-40e2-baaa-d3dfdece6845","Mozilla/5.0 (Android 9; Mobile; rv:68.0) Gecko/68.0 Firefox/68.0",,,,"d8885456-8d29-43b9-8c2c-9caa839e8ea5","1571356800000","Generic Smartphone","192.168.247.92",,,"0","8",,,"Festival of Lights - Demo","1571403600000","5ab4eb12-852a-4c40-a5cd-09b676b6596a","193.175.2.0","false","false","true","Verein zur Foerderung eines Deutschen Forschungsne","en-US","./livestream/master.m3u8","1571404200000","1569888000000",,"Android","9",,"0","1",,"0","8","videojs",,"0","html5","videojs-7.6.0",,"BE","688","414","0","WINDOW","0","playing","hls","1571404222000","c2215219-f73a-4a68-8875-93c4fa782f61","0","1479477","Horus Live","2816","2816","0","Horus Live","0","0","9449","9449",,,,,"web"
"v2.5.4","680","0",,"Firefox Mobile","68","0","1442",,"berlin","1571404222000","DE","91813efe-6eee-40e2-baaa-d3dfdece6845","Mozilla/5.0 (Android 9; Mobile; rv:68.0) Gecko/68.0 Firefox/68.0",,,,"d8885456-8d29-43b9-8c2c-9caa839e8ea5","1571356800000","Generic Smartphone","192.168.247.92",,,"0","1442",,,"Festival of Lights - Demo","1571403600000","5ab4eb12-852a-4c40-a5cd-09b676b6596a","193.175.2.0","false","false","true","Verein zur Foerderung eines Deutschen Forschungsne","en-US","./livestream/master.m3u8","1571404200000","1569888000000",,"Android","9",,"0","1",,"0","0","videojs",,"0","html5","videojs-7.6.0",,"BE","688","414","0","WINDOW","0","rebuffering","hls","1571404222000","c2215219-f73a-4a68-8875-93c4fa782f61","0","1479477","Horus Live","2816","2816","0","Horus Live","0","0","9449","9449",,,,,"web"
"v2.5.4","680","0",,"Firefox Mobile","68","0","0",,"berlin","1571404222000","DE","91813efe-6eee-40e2-baaa-d3dfdece6845","Mozilla/5.0 (Android 9; Mobile; rv:68.0) Gecko/68.0 Firefox/68.0",,,,"d8885456-8d29-43b9-8c2c-9caa839e8ea5","1571356800000","Generic Smartphone","192.168.247.92",,,"0","208",,,"Festival of Lights - Demo","1571403600000","5ab4eb12-852a-4c40-a5cd-09b676b6596a","193.175.2.0","false","false","true","Verein zur Foerderung eines Deutschen Forschungsne","en-US","./livestream/master.m3u8","1571404200000","1569888000000",,"Android","9",,"0","1",,"208","0","videojs",,"0","html5","videojs-7.6.0",,"BE","688","414","0","WINDOW","0","pause","hls","1571404222000","c2215219-f73a-4a68-8875-93c4fa782f61","0","1479477","Horus Live","2816","2816","0","Horus Live","0","0","9449","9449",,,,,"web"
"v2.5.4","680","0",,"Firefox Mobile","68","0","0",,"berlin","1571404222000","DE","91813efe-6eee-40e2-baaa-d3dfdece6845","Mozilla/5.0 (Android 9; Mobile; rv:68.0) Gecko/68.0 Firefox/68.0",,,,"d8885456-8d29-43b9-8c2c-9caa839e8ea5","1571356800000","Generic Smartphone","192.168.247.92",,,"0","7",,,"Festival of Lights - Demo","1571403600000","5ab4eb12-852a-4c40-a5cd-09b676b6596a","193.175.2.0","false","false","true","Verein zur Foerderung eines Deutschen Forschungsne","en-US","./livestream/master.m3u8","1571404200000","1569888000000",,"Android","9",,"0","1",,"0","7","videojs",,"0","html5","videojs-7.6.0",,"BE","688","414","0","WINDOW","0","playing","hls","1571404222000","c2215219-f73a-4a68-8875-93c4fa782f61","0","1479477","Horus Live","2816","2816","0","Horus Live","0","0","9449","9449",,,,,"web"
"v2.5.4","680","0",,"Firefox","69","0","0",,"berlin","1571404240000","DE","761d236d-ca56-4a07-86d8-b4cf9878e0cd","Mozilla/5.0 (X11; Ubuntu; Linux x86_64; rv:69.0) Gecko/20100101 Firefox/69.0",,,,"a355838f-adef-43a0-b106-0fda819fc4bb","1571356800000","Other","localhost",,,"0","59763",,,"Festival of Lights - Demo","1571403600000","9c1dfcea-767c-49ee-b9a7-62f227578ec2","193.175.2.0","false","true","true","Verein zur Foerderung eines Deutschen Forschungsne","en-US","./livestream/master.m3u8","1571404200000","1569888000000",,"Ubuntu",,,"0","1",,"0","59763","videojs",,"0","html5","videojs-7.6.0",,"BE","1200","1920","0","WINDOW","0","playing","hls","1571404240000","348f375f-32b3-4550-bc69-c49eb529d468","6000000",,"Horus Live","2816","2816","0","Horus Live","0","0","1547245","1487467",,,,,"web"
"v2.5.4","680","0",,"Firefox","69","0","0",,"berlin","1571404300000","DE","761d236d-ca56-4a07-86d8-b4cf9878e0cd","Mozilla/5.0 (X11; Ubuntu; Linux x86_64; rv:69.0) Gecko/20100101 Firefox/69.0",,,,"a355838f-adef-43a0-b106-0fda819fc4bb","1571356800000","Other","localhost",,,"0","59881",,,"Festival of Lights - Demo","1571403600000","9c1dfcea-767c-49ee-b9a7-62f227578ec2","193.175.2.0","false","true","true","Verein zur Foerderung eines Deutschen Forschungsne","en-US","./livestream/master.m3u8","1571404260000","1569888000000",,"Ubuntu",,,"0","1",,"0","59881","videojs",,"0","html5","videojs-7.6.0",,"BE","1200","1920","0","WINDOW","0","playing","hls","1571404300000","348f375f-32b3-4550-bc69-c49eb529d468","6000000",,"Horus Live","2816","2816","0","Horus Live","0","0","1607127","1547245",,,,,"web"
"v2.5.4","680","0",,"Firefox","69","0","6447",,"berlin","1571404305000","DE","ec9e468c-ebb7-416a-8d27-994e8f954e21","Mozilla/5.0 (X11; Fedora; Linux x86_64; rv:69.0) Gecko/20100101 Firefox/69.0",,,,"2d1dc5e8-16f2-4de0-92fe-5acddeb5f0c9","1571356800000","Other","panoplay.duckdns.org",,,"0","6447",,,"Festival of Lights - Demo","1571403600000","67f64a70-c7fb-415c-9799-647046813009","193.175.2.0","false","true","true","Verein zur Foerderung eines Deutschen Forschungsne","en-US","./livestream/master.m3u8","1571404260000","1569888000000",,"Fedora",,,"0","1",,"0","0","videojs",,"0","html5","videojs-7.6.0",,"BE","900","1600","0","WINDOW","0","rebuffering","hls","1571404305000","d94c2471-d22b-4689-b4f6-7df7f7dc65d9","4000000",,"Horus Live","2816","2816","0","Horus Live","0","0","1237204","1237204",,,,,"web"
"v2.5.4","680","0",,"Firefox","69","0","0",,"berlin","1571404305000","DE","ec9e468c-ebb7-416a-8d27-994e8f954e21","Mozilla/5.0 (X11; Fedora; Linux x86_64; rv:69.0) Gecko/20100101 Firefox/69.0",,,,"2d1dc5e8-16f2-4de0-92fe-5acddeb5f0c9","1571356800000","Other","panoplay.duckdns.org",,,"0","2",,,"Festival of Lights - Demo","1571403600000","67f64a70-c7fb-415c-9799-647046813009","193.175.2.0","false","true","true","Verein zur Foerderung eines Deutschen Forschungsne","en-US","./livestream/master.m3u8","1571404260000","1569888000000",,"Fedora",,,"0","1",,"0","2","videojs",,"0","html5","videojs-7.6.0",,"BE","900","1600","0","WINDOW","0","playing","hls","1571404305000","d94c2471-d22b-4689-b4f6-7df7f7dc65d9","4000000",,"Horus Live","2816","2816","0","Horus Live","0","0","1237204","1237204",,,,,"web"
"v2.5.4","680","0",,"Firefox","69","0","0",,"berlin","1571404305000","DE","ec9e468c-ebb7-416a-8d27-994e8f954e21","Mozilla/5.0 (X11; Fedora; Linux x86_64; rv:69.0) Gecko/20100101 Firefox/69.0",,,,"2d1dc5e8-16f2-4de0-92fe-5acddeb5f0c9","1571356800000","Other","panoplay.duckdns.org",,,"0","0",,,"Festival of Lights - Demo","1571403600000","67f64a70-c7fb-415c-9799-647046813009","193.175.2.0","false","true","true","Verein zur Foerderung eines Deutschen Forschungsne","en-US","./livestream/master.m3u8","1571404260000","1569888000000",,"Fedora",,,"0","1",,"0","0","videojs",,"0","html5","videojs-7.6.0",,"BE","900","1600","0","WINDOW","0","qualitychange","hls","1571404305000","d94c2471-d22b-4689-b4f6-7df7f7dc65d9","8000000",,"Horus Live","2816","2816","0","Horus Live","0","0","1237204","1237204",,,,,"web"
"v2.5.4","680","0",,"Firefox","69","0","0",,"berlin","1571404360000","DE","761d236d-ca56-4a07-86d8-b4cf9878e0cd","Mozilla/5.0 (X11; Ubuntu; Linux x86_64; rv:69.0) Gecko/20100101 Firefox/69.0",,,,"a355838f-adef-43a0-b106-0fda819fc4bb","1571356800000","Other","localhost",,,"0","59702",,,"Festival of Lights - Demo","1571403600000","9c1dfcea-767c-49ee-b9a7-62f227578ec2","193.175.2.0","false","true","true","Verein zur Foerderung eines Deutschen Forschungsne","en-US","./livestream/master.m3u8","1571404320000","1569888000000",,"Ubuntu",,,"0","1",,"0","59702","videojs",,"0","html5","videojs-7.6.0",,"BE","1200","1920","0","WINDOW","0","playing","hls","1571404360000","348f375f-32b3-4550-bc69-c49eb529d468","6000000",,"Horus Live","2816","2816","0","Horus Live","0","0","1666837","1607127",,,,,"web"
"v2.5.4","680","0",,"Firefox","69","0","0",,"berlin","1571404365000","DE","ec9e468c-ebb7-416a-8d27-994e8f954e21","Mozilla/5.0 (X11; Fedora; Linux x86_64; rv:69.0) Gecko/20100101 Firefox/69.0",,,,"2d1dc5e8-16f2-4de0-92fe-5acddeb5f0c9","1571356800000","Other","panoplay.duckdns.org",,,"0","59751",,,"Festival of Lights - Demo","1571403600000","67f64a70-c7fb-415c-9799-647046813009","193.175.2.0","false","true","true","Verein zur Foerderung eines Deutschen Forschungsne","en-US","./livestream/master.m3u8","1571404320000","1569888000000",,"Fedora",,,"0","1",,"0","59751","videojs",,"0","html5","videojs-7.6.0",,"BE","900","1600","0","WINDOW","0","playing","hls","1571404365000","d94c2471-d22b-4689-b4f6-7df7f7dc65d9","8000000",,"Horus Live","2816","2816","0","Horus Live","0","0","1296967","1237204",,,,,"web"
"v2.5.4","680","0",,"Firefox","69","0","0",,"berlin","1571404378000","DE","ec9e468c-ebb7-416a-8d27-994e8f954e21","Mozilla/5.0 (X11; Fedora; Linux x86_64; rv:69.0) Gecko/20100101 Firefox/69.0",,,,"2d1dc5e8-16f2-4de0-92fe-5acddeb5f0c9","1571356800000","Other","panoplay.duckdns.org",,,"0","12996",,,"Festival of Lights - Demo","1571403600000","67f64a70-c7fb-415c-9799-647046813009","193.175.2.0","false","true","true","Verein zur Foerderung eines Deutschen Forschungsne","en-US","./livestream/master.m3u8","1571404320000","1569888000000",,"Fedora",,,"0","1",,"0","12996","videojs",,"0","html5","videojs-7.6.0",,"BE","900","1600","0","WINDOW","0","playing","hls","1571404378000","d94c2471-d22b-4689-b4f6-7df7f7dc65d9","8000000",,"Horus Live","2816","2816","0","Horus Live","0","0","1691690","1296967",,,,,"web"
"v2.5.4","680","0",,"Firefox","69","0","987",,"berlin","1571404379000","DE","ec9e468c-ebb7-416a-8d27-994e8f954e21","Mozilla/5.0 (X11; Fedora; Linux x86_64; rv:69.0) Gecko/20100101 Firefox/69.0",,,,"2d1dc5e8-16f2-4de0-92fe-5acddeb5f0c9","1571356800000","Other","panoplay.duckdns.org",,,"0","987",,,"Festival of Lights - Demo","1571403600000","67f64a70-c7fb-415c-9799-647046813009","193.175.2.0","false","true","true","Verein zur Foerderung eines Deutschen Forschungsne","en-US","./livestream/master.m3u8","1571404320000","1569888000000",,"Fedora",,,"0","1",,"0","0","videojs",,"0","html5","videojs-7.6.0",,"BE","900","1600","0","WINDOW","0","rebuffering","hls","1571404379000","d94c2471-d22b-4689-b4f6-7df7f7dc65d9","8000000",,"Horus Live","2816","2816","0","Horus Live","0","0","1691690","1691690",,,,,"web"
"v2.5.4","680","0",,"Firefox","69","0","495",,"berlin","1571404385000","DE","ec9e468c-ebb7-416a-8d27-994e8f954e21","Mozilla/5.0 (X11; Fedora; Linux x86_64; rv:69.0) Gecko/20100101 Firefox/69.0",,,,"2d1dc5e8-16f2-4de0-92fe-5acddeb5f0c9","1571356800000","Other","panoplay.duckdns.org",,,"0","495",,,"Festival of Lights - Demo","1571403600000","67f64a70-c7fb-415c-9799-647046813009","193.175.2.0","false","true","true","Verein zur Foerderung eines Deutschen Forschungsne","en-US","./livestream/master.m3u8","1571404380000","1569888000000",,"Fedora",,,"0","1",,"0","0","videojs",,"0","html5","videojs-7.6.0",,"BE","900","1600","0","WINDOW","0","rebuffering","hls","1571404385000","d94c2471-d22b-4689-b4f6-7df7f7dc65d9","8000000",,"Horus Live","2816","2816","0","Horus Live","0","0","1697693","1697692",,,,,"web"
"v2.5.4","680","0",,"Firefox","69","0","0",,"berlin","1571404385000","DE","ec9e468c-ebb7-416a-8d27-994e8f954e21","Mozilla/5.0 (X11; Fedora; Linux x86_64; rv:69.0) Gecko/20100101 Firefox/69.0",,,,"2d1dc5e8-16f2-4de0-92fe-5acddeb5f0c9","1571356800000","Other","panoplay.duckdns.org",,,"0","6132",,,"Festival of Lights - Demo","1571403600000","67f64a70-c7fb-415c-9799-647046813009","193.175.2.0","false","true","true","Verein zur Foerderung eines Deutschen Forschungsne","en-US","./livestream/master.m3u8","1571404380000","1569888000000",,"Fedora",,,"0","1",,"0","6132","videojs",,"0","html5","videojs-7.6.0",,"BE","900","1600","0","WINDOW","0","playing","hls","1571404385000","d94c2471-d22b-4689-b4f6-7df7f7dc65d9","8000000",,"Horus Live","2816","2816","0","Horus Live","0","0","1697692","1691690",,,,,"web"
"v2.5.4","680","0",,"Firefox","69","0","0",,"berlin","1571404401000","DE","ec9e468c-ebb7-416a-8d27-994e8f954e21","Mozilla/5.0 (X11; Fedora; Linux x86_64; rv:69.0) Gecko/20100101 Firefox/69.0",,,,"2d1dc5e8-16f2-4de0-92fe-5acddeb5f0c9","1571356800000","Other","panoplay.duckdns.org",,,"0","16004",,,"Festival of Lights - Demo","1571403600000","67f64a70-c7fb-415c-9799-647046813009","193.175.2.0","false","true","true","Verein zur Foerderung eines Deutschen Forschungsne","en-US","./livestream/master.m3u8","1571404380000","1569888000000",,"Fedora",,,"0","1",,"0","16004","videojs",,"0","html5","videojs-7.6.0",,"BE","900","1600","0","WINDOW","0","playing","hls","1571404401000","d94c2471-d22b-4689-b4f6-7df7f7dc65d9","8000000",,"Horus Live","2816","2816","0","Horus Live","0","0","1713681","1697693",,,,,"web"
"v2.5.4","680","0",,"Firefox","69","0","0",,"berlin","1571404406000","DE","ec9e468c-ebb7-416a-8d27-994e8f954e21","Mozilla/5.0 (X11; Fedora; Linux x86_64; rv:69.0) Gecko/20100101 Firefox/69.0",,,,"2d1dc5e8-16f2-4de0-92fe-5acddeb5f0c9","1571356800000","Other","panoplay.duckdns.org",,,"0","0",,,"Festival of Lights - Demo","1571403600000","67f64a70-c7fb-415c-9799-647046813009","193.175.2.0","false","true","true","Verein zur Foerderung eines Deutschen Forschungsne","en-US","./livestream/master.m3u8","1571404380000","1569888000000",,"Fedora",,,"0","1",,"0","0","videojs",,"0","html5","videojs-7.6.0",,"BE","900","1600","0","WINDOW","0","qualitychange","hls","1571404406000","d94c2471-d22b-4689-b4f6-7df7f7dc65d9","4000000",,"Horus Live","2816","2816","0","Horus Live","0","0","1713681","1713681",,,,,"web"
"v2.5.4","680","0",,"Firefox","69","0","0",,"berlin","1571404406000","DE","ec9e468c-ebb7-416a-8d27-994e8f954e21","Mozilla/5.0 (X11; Fedora; Linux x86_64; rv:69.0) Gecko/20100101 Firefox/69.0",,,,"2d1dc5e8-16f2-4de0-92fe-5acddeb5f0c9","1571356800000","Other","panoplay.duckdns.org",,,"0","1",,,"Festival of Lights - Demo","1571403600000","67f64a70-c7fb-415c-9799-647046813009","193.175.2.0","false","true","true","Verein zur Foerderung eines Deutschen Forschungsne","en-US","./livestream/master.m3u8","1571404380000","1569888000000",,"Fedora",,,"0","1",,"0","1","videojs",,"0","html5","videojs-7.6.0",,"BE","900","1600","0","WINDOW","0","playing","hls","1571404406000","d94c2471-d22b-4689-b4f6-7df7f7dc65d9","8000000",,"Horus Live","2816","2816","0","Horus Live","0","0","1713681","1713681",,,,,"web"
"v2.5.4","680","0",,"Firefox","69","0","4854",,"berlin","1571404406000","DE","ec9e468c-ebb7-416a-8d27-994e8f954e21","Mozilla/5.0 (X11; Fedora; Linux x86_64; rv:69.0) Gecko/20100101 Firefox/69.0",,,,"2d1dc5e8-16f2-4de0-92fe-5acddeb5f0c9","1571356800000","Other","panoplay.duckdns.org",,,"0","4854",,,"Festival of Lights - Demo","1571403600000","67f64a70-c7fb-415c-9799-647046813009","193.175.2.0","false","true","true","Verein zur Foerderung eines Deutschen Forschungsne","en-US","./livestream/master.m3u8","1571404380000","1569888000000",,"Fedora",,,"0","1",,"0","0","videojs",,"0","html5","videojs-7.6.0",,"BE","900","1600","0","WINDOW","0","rebuffering","hls","1571404406000","d94c2471-d22b-4689-b4f6-7df7f7dc65d9","8000000",,"Horus Live","2816","2816","0","Horus Live","0","0","1713681","1713681",,,,,"web"
"v2.5.4","680","0",,"Firefox","69","0","0",,"berlin","1571404407000","DE","761d236d-ca56-4a07-86d8-b4cf9878e0cd","Mozilla/5.0 (X11; Ubuntu; Linux x86_64; rv:69.0) Gecko/20100101 Firefox/69.0",,,,"a355838f-adef-43a0-b106-0fda819fc4bb","1571356800000","Other","localhost",,,"0","46849",,,"Festival of Lights - Demo","1571403600000","9c1dfcea-767c-49ee-b9a7-62f227578ec2","193.175.2.0","false","true","true","Verein zur Foerderung eines Deutschen Forschungsne","en-US","./livestream/master.m3u8","1571404380000","1569888000000",,"Ubuntu",,,"0","1",,"0","46849","videojs",,"0","html5","videojs-7.6.0",,"BE","1200","1920","0","WINDOW","0","playing","hls","1571404407000","348f375f-32b3-4550-bc69-c49eb529d468","6000000",,"Horus Live","2816","2816","0","Horus Live","0","0","1713682","1666837",,,,,"web"
"v2.5.4","680","0",,"Firefox","69","0","0",,"berlin","1571404407000","DE","761d236d-ca56-4a07-86d8-b4cf9878e0cd","Mozilla/5.0 (X11; Ubuntu; Linux x86_64; rv:69.0) Gecko/20100101 Firefox/69.0",,,,"a355838f-adef-43a0-b106-0fda819fc4bb","1571356800000","Other","localhost",,,"0","2",,,"Festival of Lights - Demo","1571403600000","9c1dfcea-767c-49ee-b9a7-62f227578ec2","193.175.2.0","false","true","true","Verein zur Foerderung eines Deutschen Forschungsne","en-US","./livestream/master.m3u8","1571404380000","1569888000000",,"Ubuntu",,,"0","1",,"0","2","videojs",,"0","html5","videojs-7.6.0",,"BE","1200","1920","0","WINDOW","0","playing","hls","1571404407000","348f375f-32b3-4550-bc69-c49eb529d468","6000000",,"Horus Live","2816","2816","0","Horus Live","0","0","1713682","1713682",,,,,"web"
"v2.5.4","680","0",,"Firefox","69","0","0",,"berlin","1571404407000","DE","761d236d-ca56-4a07-86d8-b4cf9878e0cd","Mozilla/5.0 (X11; Ubuntu; Linux x86_64; rv:69.0) Gecko/20100101 Firefox/69.0",,,,"a355838f-adef-43a0-b106-0fda819fc4bb","1571356800000","Other","localhost",,,"0","0",,,"Festival of Lights - Demo","1571403600000","9c1dfcea-767c-49ee-b9a7-62f227578ec2","193.175.2.0","false","true","true","Verein zur Foerderung eines Deutschen Forschungsne","en-US","./livestream/master.m3u8","1571404380000","1569888000000",,"Ubuntu",,,"0","1",,"0","0","videojs",,"0","html5","videojs-7.6.0",,"BE","1200","1920","0","WINDOW","0","qualitychange","hls","1571404407000","348f375f-32b3-4550-bc69-c49eb529d468","4000000",,"Horus Live","2816","2816","0","Horus Live","0","0","1713682","1713682",,,,,"web"
"v2.5.4","680","0",,"Firefox","69","0","535",,"berlin","1571404407000","DE","761d236d-ca56-4a07-86d8-b4cf9878e0cd","Mozilla/5.0 (X11; Ubuntu; Linux x86_64; rv:69.0) Gecko/20100101 Firefox/69.0",,,,"a355838f-adef-43a0-b106-0fda819fc4bb","1571356800000","Other","localhost",,,"0","535",,,"Festival of Lights - Demo","1571403600000","9c1dfcea-767c-49ee-b9a7-62f227578ec2","193.175.2.0","false","true","true","Verein zur Foerderung eines Deutschen Forschungsne","en-US","./livestream/master.m3u8","1571404380000","1569888000000",,"Ubuntu",,,"0","1",,"0","0","videojs",,"0","html5","videojs-7.6.0",,"BE","1200","1920","0","WINDOW","0","rebuffering","hls","1571404407000","348f375f-32b3-4550-bc69-c49eb529d468","6000000",,"Horus Live","2816","2816","0","Horus Live","0","0","1713682","1713682",,,,,"web"
"v2.5.4","680","0",,"Firefox","69","0","0",,"berlin","1571404466000","DE","ec9e468c-ebb7-416a-8d27-994e8f954e21","Mozilla/5.0 (X11; Fedora; Linux x86_64; rv:69.0) Gecko/20100101 Firefox/69.0",,,,"2d1dc5e8-16f2-4de0-92fe-5acddeb5f0c9","1571356800000","Other","panoplay.duckdns.org",,,"0","59785",,,"Festival of Lights - Demo","1571403600000","67f64a70-c7fb-415c-9799-647046813009","193.175.2.0","false","true","true","Verein zur Foerderung eines Deutschen Forschungsne","en-US","./livestream/master.m3u8","1571404440000","1569888000000",,"Fedora",,,"0","1",,"0","59785","videojs",,"0","html5","videojs-7.6.0",,"BE","900","1600","0","WINDOW","0","playing","hls","1571404466000","d94c2471-d22b-4689-b4f6-7df7f7dc65d9","4000000",,"Horus Live","2816","2816","0","Horus Live","0","0","1773312","1713681",,,,,"web"
"v2.5.4","680","0",,"Chrome Mobile","76","0","0",,"berlin","1571404466000","DE","13dc1b11-c7f7-45a6-a007-1662aac01741","Mozilla/5.0 (Linux; Android 6.0.1; ONE E1003) AppleWebKit/537.36 (KHTML, like Gecko) Chrome/76.0.3809.89 Mobile Safari/537.36",,,,"95dc1ad3-7278-4063-b85a-6cada4a95ac6","1571356800000","ONE E1003","panoplay.duckdns.org",,,"0","491",,,"Festival of Lights - Demo","1571403600000","a8927696-1c38-4b3c-ab76-f2a77d4359b2","193.175.2.0","false","false","true","Verein zur Foerderung eines Deutschen Forschungsne","es-ES","./livestream/master.m3u8","1571404440000","1569888000000",,"Android","6","0","2627","1",,"0","0","videojs",,"491","html5","videojs-7.6.0",,"BE","640","360","0","WINDOW","0","setup","hls","1571404466000","8848e23f-2d9d-491a-955e-0b69960fc013","0","0","Horus Live","0","0","0","Horus Live","0","0","0","0",,,,,"web"
"v2.5.4","680","0",,"Firefox","69","0","0",,"berlin","1571404467000","DE","761d236d-ca56-4a07-86d8-b4cf9878e0cd","Mozilla/5.0 (X11; Ubuntu; Linux x86_64; rv:69.0) Gecko/20100101 Firefox/69.0",,,,"a355838f-adef-43a0-b106-0fda819fc4bb","1571356800000","Other","localhost",,,"0","59860",,,"Festival of Lights - Demo","1571403600000","9c1dfcea-767c-49ee-b9a7-62f227578ec2","193.175.2.0","false","true","true","Verein zur Foerderung eines Deutschen Forschungsne","en-US","./livestream/master.m3u8","1571404440000","1569888000000",,"Ubuntu",,,"0","1",,"0","59860","videojs",,"0","html5","videojs-7.6.0",,"BE","1200","1920","0","WINDOW","0","playing","hls","1571404467000","348f375f-32b3-4550-bc69-c49eb529d468","4000000",,"Horus Live","2816","2816","0","Horus Live","0","0","1773568","1713682",,,,,"web"
"v2.5.4","680","0",,"Chrome Mobile","76","0","0",,"berlin","1571404467000","DE","13dc1b11-c7f7-45a6-a007-1662aac01741","Mozilla/5.0 (Linux; Android 6.0.1; ONE E1003) AppleWebKit/537.36 (KHTML, like Gecko) Chrome/76.0.3809.89 Mobile Safari/537.36",,,,"95dc1ad3-7278-4063-b85a-6cada4a95ac6","1571356800000","ONE E1003","panoplay.duckdns.org",,,"0","0","3","The media playback was aborted due to a corruption problem or because the media used features your browser did not support.","Festival of Lights - Demo","1571403600000","a8927696-1c38-4b3c-ab76-f2a77d4359b2","193.175.2.0","false","false","true","Verein zur Foerderung eines Deutschen Forschungsne","es-ES","./livestream/master.m3u8","1571404440000","1569888000000",,"Android","6","0","0","1",,"0","0","videojs",,"0","html5","videojs-7.6.0",,"BE","640","360","0","WINDOW","0","error","hls","1571404467000","8848e23f-2d9d-491a-955e-0b69960fc013","0","0","Horus Live","0","0","0","Horus Live","0","0","0","0",,,,,"web"
"v2.5.4","680","0","true","Chrome Mobile","76","0","0",,"berlin","1571404467000","DE","13dc1b11-c7f7-45a6-a007-1662aac01741","Mozilla/5.0 (Linux; Android 6.0.1; ONE E1003) AppleWebKit/537.36 (KHTML, like Gecko) Chrome/76.0.3809.89 Mobile Safari/537.36",,,,"95dc1ad3-7278-4063-b85a-6cada4a95ac6","1571356800000","ONE E1003","panoplay.duckdns.org",,,"0","43",,,"Festival of Lights - Demo","1571403600000","a8927696-1c38-4b3c-ab76-f2a77d4359b2","193.175.2.0","false","false","true","Verein zur Foerderung eines Deutschen Forschungsne","es-ES","./livestream/master.m3u8","1571404440000","1569888000000",,"Android","6","0","0","1",,"0","0","videojs",,"0","html5","videojs-7.6.0",,"BE","640","360","0","WINDOW","534","startup","hls","1571404467000","8848e23f-2d9d-491a-955e-0b69960fc013","0","0","Horus Live","0","0","43","Horus Live","0","0","0","0",,,,,"web"
"v2.5.4","680","0",,"Firefox","69","0","0",,"berlin","1571404481000","DE","761d236d-ca56-4a07-86d8-b4cf9878e0cd","Mozilla/5.0 (X11; Ubuntu; Linux x86_64; rv:69.0) Gecko/20100101 Firefox/69.0",,,,"a355838f-adef-43a0-b106-0fda819fc4bb","1571356800000","Other","localhost",,,"0","0",,,"Festival of Lights - Demo","1571403600000","9c1dfcea-767c-49ee-b9a7-62f227578ec2","193.175.2.0","false","true","true","Verein zur Foerderung eines Deutschen Forschungsne","en-US","./livestream/master.m3u8","1571404440000","1569888000000",,"Ubuntu",,,"0","1",,"0","0","videojs",,"0","html5","videojs-7.6.0",,"BE","1200","1920","0","WINDOW","0","qualitychange","hls","1571404481000","348f375f-32b3-4550-bc69-c49eb529d468","8000000",,"Horus Live","2816","2816","0","Horus Live","0","0","1787599","1787599",,,,,"web"
"v2.5.4","680","0",,"Firefox","69","0","0",,"berlin","1571404481000","DE","761d236d-ca56-4a07-86d8-b4cf9878e0cd","Mozilla/5.0 (X11; Ubuntu; Linux x86_64; rv:69.0) Gecko/20100101 Firefox/69.0",,,,"a355838f-adef-43a0-b106-0fda819fc4bb","1571356800000","Other","localhost",,,"0","14032",,,"Festival of Lights - Demo","1571403600000","9c1dfcea-767c-49ee-b9a7-62f227578ec2","193.175.2.0","false","true","true","Verein zur Foerderung eines Deutschen Forschungsne","en-US","./livestream/master.m3u8","1571404440000","1569888000000",,"Ubuntu",,,"0","1",,"0","14032","videojs",,"0","html5","videojs-7.6.0",,"BE","1200","1920","0","WINDOW","0","playing","hls","1571404481000","348f375f-32b3-4550-bc69-c49eb529d468","4000000",,"Horus Live","2816","2816","0","Horus Live","0","0","1787599","1773568",,,,,"web"
"v2.5.4","680","0",,"Chrome Mobile","76","0","0",,"berlin","1571404488000","DE","13dc1b11-c7f7-45a6-a007-1662aac01741","Mozilla/5.0 (Linux; Android 6.0.1; ONE E1003) AppleWebKit/537.36 (KHTML, like Gecko) Chrome/76.0.3809.89 Mobile Safari/537.36",,,,"95dc1ad3-7278-4063-b85a-6cada4a95ac6","1571356800000","ONE E1003","panoplay.duckdns.org",,,"0","0",,,"Festival of Lights - Demo","1571403600000","a8927696-1c38-4b3c-ab76-f2a77d4359b2","193.175.2.0","false","false","true","Verein zur Foerderung eines Deutschen Forschungsne","es-ES","./livestream/master.m3u8","1571404440000","1569888000000",,"Android","6","0","0","1",,"0","0","videojs",,"0","html5","videojs-7.6.0",,"BE","640","360","0","WINDOW","0","error","hls","1571404488000","8848e23f-2d9d-491a-955e-0b69960fc013","0","0","Horus Live","0","0","0","Horus Live","0","0","0","0",,,,,"web"
"v2.5.4","680","0",,"Chrome Mobile","76","0","0",,"berlin","1571404489000","DE","cbf0f1a1-5245-4aaa-a0bf-a8fc79c49879","Mozilla/5.0 (Linux; Android 6.0.1; ONE E1003) AppleWebKit/537.36 (KHTML, like Gecko) Chrome/76.0.3809.89 Mobile Safari/537.36",,,,"95dc1ad3-7278-4063-b85a-6cada4a95ac6","1571356800000","ONE E1003","panoplay.duckdns.org",,,"0","178",,,"Festival of Lights - Demo","1571403600000","e17c7993-f2e1-45da-886c-6f5cc9255891","193.175.2.0","false","false","true","Verein zur Foerderung eines Deutschen Forschungsne","es-ES","./livestream/master.m3u8","1571404440000","1569888000000",,"Android","6","0","1129","1",,"0","0","videojs",,"178","html5","videojs-7.6.0",,"BE","640","360","0","WINDOW","0","setup","hls","1571404489000","8848e23f-2d9d-491a-955e-0b69960fc013","0","0","Horus Live","0","0","0","Horus Live","0","0","0","0",,,,,"web"
"v2.5.4","680","0",,"Chrome Mobile","76","0","0",,"berlin","1571404490000","DE","cbf0f1a1-5245-4aaa-a0bf-a8fc79c49879","Mozilla/5.0 (Linux; Android 6.0.1; ONE E1003) AppleWebKit/537.36 (KHTML, like Gecko) Chrome/76.0.3809.89 Mobile Safari/537.36",,,,"95dc1ad3-7278-4063-b85a-6cada4a95ac6","1571356800000","ONE E1003","panoplay.duckdns.org",,,"0","0","3","The media playback was aborted due to a corruption problem or because the media used features your browser did not support.","Festival of Lights - Demo","1571403600000","e17c7993-f2e1-45da-886c-6f5cc9255891","193.175.2.0","false","false","true","Verein zur Foerderung eines Deutschen Forschungsne","es-ES","./livestream/master.m3u8","1571404440000","1569888000000",,"Android","6","0","0","1",,"0","0","videojs",,"0","html5","videojs-7.6.0",,"BE","640","360","0","WINDOW","0","error","hls","1571404490000","8848e23f-2d9d-491a-955e-0b69960fc013","0","0","Horus Live","0","0","0","Horus Live","0","0","0","0",,,,,"web"
"v2.5.4","680","0",,"Mobile Safari","12","1","0",,"berlin","1571404494000","DE","cea5ea0b-17c3-46fc-ab63-4e34af3d3e9b","Mozilla/5.0 (iPhone; CPU iPhone OS 12_4_1 like Mac OS X) AppleWebKit/605.1.15 (KHTML, like Gecko) Version/12.1.2 Mobile/15E148 Safari/604.1",,,,"5ff1d38b-aee0-4e04-940f-38bce628848a","1571356800000","iPhone","panoplay.duckdns.org",,,"0","110",,,"Festival of Lights - Demo","1571403600000","9554eb21-ff1e-4950-9586-3a167a6f1148","193.175.2.0","false","false","true","Verein zur Foerderung eines Deutschen Forschungsne","en-US","./livestream/master.m3u8","1571404440000","1569888000000",,"iOS","12","4","2212","1",,"0","0","videojs",,"110","html5","videojs-7.6.0",,"BE","667","375","0","WINDOW","0","setup","hls","1571404494000","cfda95a9-89cf-4e88-abf6-6efb3d1ea461","0","0","Horus Live","0","0","0","Horus Live","0","0","0","0",,,,,"web"
"v2.5.4","680","0",,"Chrome Mobile","76","0","0",,"berlin","1571404494000","DE","cbf0f1a1-5245-4aaa-a0bf-a8fc79c49879","Mozilla/5.0 (Linux; Android 6.0.1; ONE E1003) AppleWebKit/537.36 (KHTML, like Gecko) Chrome/76.0.3809.89 Mobile Safari/537.36",,,,"95dc1ad3-7278-4063-b85a-6cada4a95ac6","1571356800000","ONE E1003","panoplay.duckdns.org",,,"0","0",,,"Festival of Lights - Demo","1571403600000","e17c7993-f2e1-45da-886c-6f5cc9255891","193.175.2.0","false","false","true","Verein zur Foerderung eines Deutschen Forschungsne","es-ES","./livestream/master.m3u8","1571404440000","1569888000000",,"Android","6","0","0","1",,"0","0","videojs",,"0","html5","videojs-7.6.0",,"BE","640","360","0","WINDOW","0","error","hls","1571404494000","8848e23f-2d9d-491a-955e-0b69960fc013","0","0","Horus Live","0","0","0","Horus Live","0","0","0","0",,,,,"web"
"v2.5.4","680","0",,"Chrome Mobile","76","0","0",,"berlin","1571404495000","DE","0391a38f-1bc5-4822-a928-04db3cecd717","Mozilla/5.0 (Linux; Android 6.0.1; ONE E1003) AppleWebKit/537.36 (KHTML, like Gecko) Chrome/76.0.3809.89 Mobile Safari/537.36",,,,"95dc1ad3-7278-4063-b85a-6cada4a95ac6","1571356800000","ONE E1003","panoplay.duckdns.org",,,"0","160",,,"Festival of Lights - Demo","1571403600000","17d2cd62-231f-4e5a-a1b6-8b17f45500d1","193.175.2.0","false","false","true","Verein zur Foerderung eines Deutschen Forschungsne","es-ES","./livestream/master.m3u8","1571404440000","1569888000000",,"Android","6","0","787","1",,"0","0","videojs",,"160","html5","videojs-7.6.0",,"BE","640","360","0","WINDOW","0","setup","hls","1571404495000","8848e23f-2d9d-491a-955e-0b69960fc013","0","0","Horus Live","0","0","0","Horus Live","0","0","0","0",,,,,"web"
"v2.5.4","680","0",,"Chrome Mobile","76","0","0",,"berlin","1571404496000","DE","0391a38f-1bc5-4822-a928-04db3cecd717","Mozilla/5.0 (Linux; Android 6.0.1; ONE E1003) AppleWebKit/537.36 (KHTML, like Gecko) Chrome/76.0.3809.89 Mobile Safari/537.36",,,,"95dc1ad3-7278-4063-b85a-6cada4a95ac6","1571356800000","ONE E1003","panoplay.duckdns.org",,,"0","0","3","The media playback was aborted due to a corruption problem or because the media used features your browser did not support.","Festival of Lights - Demo","1571403600000","17d2cd62-231f-4e5a-a1b6-8b17f45500d1","193.175.2.0","false","false","true","Verein zur Foerderung eines Deutschen Forschungsne","es-ES","./livestream/master.m3u8","1571404440000","1569888000000",,"Android","6","0","0","1",,"0","0","videojs",,"0","html5","videojs-7.6.0",,"BE","640","360","0","WINDOW","0","error","hls","1571404496000","8848e23f-2d9d-491a-955e-0b69960fc013","0","0","Horus Live","0","0","0","Horus Live","0","0","0","0",,,,,"web"
"v2.5.4","680","0","true","Chrome Mobile","76","0","0",,"berlin","1571404496000","DE","0391a38f-1bc5-4822-a928-04db3cecd717","Mozilla/5.0 (Linux; Android 6.0.1; ONE E1003) AppleWebKit/537.36 (KHTML, like Gecko) Chrome/76.0.3809.89 Mobile Safari/537.36",,,,"95dc1ad3-7278-4063-b85a-6cada4a95ac6","1571356800000","ONE E1003","panoplay.duckdns.org",,,"0","42",,,"Festival of Lights - Demo","1571403600000","17d2cd62-231f-4e5a-a1b6-8b17f45500d1","193.175.2.0","false","false","true","Verein zur Foerderung eines Deutschen Forschungsne","es-ES","./livestream/master.m3u8","1571404440000","1569888000000",,"Android","6","0","0","1",,"0","0","videojs",,"0","html5","videojs-7.6.0",,"BE","640","360","0","WINDOW","202","startup","hls","1571404496000","8848e23f-2d9d-491a-955e-0b69960fc013","0","0","Horus Live","0","0","42","Horus Live","0","0","0","0",,,,,"web"
"v2.5.4","680","0",,"Mobile Safari","12","1","0",,"berlin","1571404508000","DE","cea5ea0b-17c3-46fc-ab63-4e34af3d3e9b","Mozilla/5.0 (iPhone; CPU iPhone OS 12_4_1 like Mac OS X) AppleWebKit/605.1.15 (KHTML, like Gecko) Version/12.1.2 Mobile/15E148 Safari/604.1",,,,"5ff1d38b-aee0-4e04-940f-38bce628848a","1571356800000","iPhone","panoplay.duckdns.org",,,"0","6015",,,"Festival of Lights - Demo","1571403600000","9554eb21-ff1e-4950-9586-3a167a6f1148","193.175.2.0","false","true","true","Verein zur Foerderung eines Deutschen Forschungsne","en-US","./livestream/master.m3u8","1571404500000","1569888000000",,"iOS","12","4","0","1",,"0","6015","videojs",,"0","html5","videojs-7.6.0",,"BE","667","375","0","FULLSCREEN","0","playing","hls","1571404508000","cfda95a9-89cf-4e88-abf6-6efb3d1ea461","0",,"Horus Live","2816","2816","382","Horus Live","0","0","1814169","1808155",,,,,"web"
"v2.5.4","680","0",,"Mobile Safari","12","1","83",,"berlin","1571404508000","DE","cea5ea0b-17c3-46fc-ab63-4e34af3d3e9b","Mozilla/5.0 (iPhone; CPU iPhone OS 12_4_1 like Mac OS X) AppleWebKit/605.1.15 (KHTML, like Gecko) Version/12.1.2 Mobile/15E148 Safari/604.1",,,,"5ff1d38b-aee0-4e04-940f-38bce628848a","1571356800000","iPhone","panoplay.duckdns.org",,,"0","83",,,"Festival of Lights - Demo","1571403600000","9554eb21-ff1e-4950-9586-3a167a6f1148","193.175.2.0","false","true","true","Verein zur Foerderung eines Deutschen Forschungsne","en-US","./livestream/master.m3u8","1571404500000","1569888000000",,"iOS","12","4","0","1",,"0","0","videojs",,"0","html5","videojs-7.6.0",,"BE","667","375","0","FULLSCREEN","0","rebuffering","hls","1571404508000","cfda95a9-89cf-4e88-abf6-6efb3d1ea461","0",,"Horus Live","2816","2816","0","Horus Live","0","0","1814253","1814169",,,,,"web"
"v2.5.4","680","0",,"Mobile Safari","12","1","0",,"berlin","1571404514000","DE","cea5ea0b-17c3-46fc-ab63-4e34af3d3e9b","Mozilla/5.0 (iPhone; CPU iPhone OS 12_4_1 like Mac OS X) AppleWebKit/605.1.15 (KHTML, like Gecko) Version/12.1.2 Mobile/15E148 Safari/604.1",,,,"5ff1d38b-aee0-4e04-940f-38bce628848a","1571356800000","iPhone","panoplay.duckdns.org",,,"0","5426",,,"Festival of Lights - Demo","1571403600000","9554eb21-ff1e-4950-9586-3a167a6f1148","193.175.2.0","false","true","true","Verein zur Foerderung eines Deutschen Forschungsne","en-US","./livestream/master.m3u8","1571404500000","1569888000000",,"iOS","12","4","0","1",,"0","5426","videojs",,"0","html5","videojs-7.6.0",,"BE","667","375","0","WINDOW","0","playing","hls","1571404514000","cfda95a9-89cf-4e88-abf6-6efb3d1ea461","0",,"Horus Live","2816","2816","0","Horus Live","0","0","1819646","1814253",,,,,"web"
"v2.5.4","680","0",,"Mobile Safari","12","1","0",,"berlin","1571404520000","DE","cea5ea0b-17c3-46fc-ab63-4e34af3d3e9b","Mozilla/5.0 (iPhone; CPU iPhone OS 12_4_1 like Mac OS X) AppleWebKit/605.1.15 (KHTML, like Gecko) Version/12.1.2 Mobile/15E148 Safari/604.1",,,,"5ff1d38b-aee0-4e04-940f-38bce628848a","1571356800000","iPhone","panoplay.duckdns.org",,,"0","6598",,,"Festival of Lights - Demo","1571403600000","9554eb21-ff1e-4950-9586-3a167a6f1148","193.175.2.0","false","true","true","Verein zur Foerderung eines Deutschen Forschungsne","en-US","./livestream/master.m3u8","1571404500000","1569888000000",,"iOS","12","4","0","1",,"6598","0","videojs",,"0","html5","videojs-7.6.0",,"BE","667","375","0","WINDOW","0","pause","hls","1571404520000","cfda95a9-89cf-4e88-abf6-6efb3d1ea461","0",,"Horus Live","2816","2816","0","Horus Live","0","0","1819701","1819646",,,,,"web"
"v2.5.4","680","0",,"Firefox","69","0","0",,"berlin","1571404523000","DE","ec9e468c-ebb7-416a-8d27-994e8f954e21","Mozilla/5.0 (X11; Fedora; Linux x86_64; rv:69.0) Gecko/20100101 Firefox/69.0",,,,"2d1dc5e8-16f2-4de0-92fe-5acddeb5f0c9","1571356800000","Other","panoplay.duckdns.org",,,"0","56553",,,"Festival of Lights - Demo","1571403600000","67f64a70-c7fb-415c-9799-647046813009","193.175.2.0","false","true","true","Verein zur Foerderung eines Deutschen Forschungsne","en-US","./livestream/master.m3u8","1571404500000","1569888000000",,"Fedora",,,"0","1",,"0","56553","videojs",,"0","html5","videojs-7.6.0",,"BE","900","1600","0","WINDOW","0","playing","hls","1571404523000","d94c2471-d22b-4689-b4f6-7df7f7dc65d9","4000000",,"Horus Live","2816","2816","0","Horus Live","0","0","1829828","1773312",,,,,"web"
"v2.5.4","680","0",,"Firefox","69","0","341",,"berlin","1571404523000","DE","ec9e468c-ebb7-416a-8d27-994e8f954e21","Mozilla/5.0 (X11; Fedora; Linux x86_64; rv:69.0) Gecko/20100101 Firefox/69.0",,,,"2d1dc5e8-16f2-4de0-92fe-5acddeb5f0c9","1571356800000","Other","panoplay.duckdns.org",,,"0","341",,,"Festival of Lights - Demo","1571403600000","67f64a70-c7fb-415c-9799-647046813009","193.175.2.0","false","true","true","Verein zur Foerderung eines Deutschen Forschungsne","en-US","./livestream/master.m3u8","1571404500000","1569888000000",,"Fedora",,,"0","1",,"0","0","videojs",,"0","html5","videojs-7.6.0",,"BE","900","1600","0","WINDOW","0","rebuffering","hls","1571404523000","d94c2471-d22b-4689-b4f6-7df7f7dc65d9","4000000",,"Horus Live","2816","2816","0","Horus Live","0","0","1829836","1829828",,,,,"web"
"v2.5.4","680","0",,"Firefox","69","0","0",,"berlin","1571404523000","DE","761d236d-ca56-4a07-86d8-b4cf9878e0cd","Mozilla/5.0 (X11; Ubuntu; Linux x86_64; rv:69.0) Gecko/20100101 Firefox/69.0",,,,"a355838f-adef-43a0-b106-0fda819fc4bb","1571356800000","Other","localhost",,,"0","42202",,,"Festival of Lights - Demo","1571403600000","9c1dfcea-767c-49ee-b9a7-62f227578ec2","193.175.2.0","false","true","true","Verein zur Foerderung eines Deutschen Forschungsne","en-US","./livestream/master.m3u8","1571404500000","1569888000000",,"Ubuntu",,,"0","1",,"0","42202","videojs",,"0","html5","videojs-7.6.0",,"BE","1200","1920","0","WINDOW","0","playing","hls","1571404523000","348f375f-32b3-4550-bc69-c49eb529d468","8000000",,"Horus Live","2816","2816","0","Horus Live","0","0","1829801","1787599",,,,,"web"
"v2.5.4","680","0",,"Firefox","69","0","412",,"berlin","1571404524000","DE","761d236d-ca56-4a07-86d8-b4cf9878e0cd","Mozilla/5.0 (X11; Ubuntu; Linux x86_64; rv:69.0) Gecko/20100101 Firefox/69.0",,,,"a355838f-adef-43a0-b106-0fda819fc4bb","1571356800000","Other","localhost",,,"0","412",,,"Festival of Lights - Demo","1571403600000","9c1dfcea-767c-49ee-b9a7-62f227578ec2","193.175.2.0","false","true","true","Verein zur Foerderung eines Deutschen Forschungsne","en-US","./livestream/master.m3u8","1571404500000","1569888000000",,"Ubuntu",,,"0","1",,"0","0","videojs",,"0","html5","videojs-7.6.0",,"BE","1200","1920","0","WINDOW","0","rebuffering","hls","1571404524000","348f375f-32b3-4550-bc69-c49eb529d468","8000000",,"Horus Live","2816","2816","0","Horus Live","0","0","1829802","1829801",,,,,"web"
"v2.5.4","680","0",,"Firefox","69","0","0",,"berlin","1571404524000","DE","761d236d-ca56-4a07-86d8-b4cf9878e0cd","Mozilla/5.0 (X11; Ubuntu; Linux x86_64; rv:69.0) Gecko/20100101 Firefox/69.0",,,,"a355838f-adef-43a0-b106-0fda819fc4bb","1571356800000","Other","localhost",,,"0","0",,,"Festival of Lights - Demo","1571403600000","9c1dfcea-767c-49ee-b9a7-62f227578ec2","193.175.2.0","false","true","true","Verein zur Foerderung eines Deutschen Forschungsne","en-US","./livestream/master.m3u8","1571404500000","1569888000000",,"Ubuntu",,,"0","1",,"0","0","videojs",,"0","html5","videojs-7.6.0",,"BE","1200","1920","0","WINDOW","0","qualitychange","hls","1571404524000","348f375f-32b3-4550-bc69-c49eb529d468","4000000",,"Horus Live","2816","2816","0","Horus Live","0","0","1829802","1829802",,,,,"web"
"v2.5.4","680","0",,"Firefox","69","0","0",,"berlin","1571404524000","DE","761d236d-ca56-4a07-86d8-b4cf9878e0cd","Mozilla/5.0 (X11; Ubuntu; Linux x86_64; rv:69.0) Gecko/20100101 Firefox/69.0",,,,"a355838f-adef-43a0-b106-0fda819fc4bb","1571356800000","Other","localhost",,,"0","0",,,"Festival of Lights - Demo","1571403600000","9c1dfcea-767c-49ee-b9a7-62f227578ec2","193.175.2.0","false","true","true","Verein zur Foerderung eines Deutschen Forschungsne","en-US","./livestream/master.m3u8","1571404500000","1569888000000",,"Ubuntu",,,"0","1",,"0","0","videojs",,"0","html5","videojs-7.6.0",,"BE","1200","1920","0","WINDOW","0","playing","hls","1571404524000","348f375f-32b3-4550-bc69-c49eb529d468","8000000",,"Horus Live","2816","2816","0","Horus Live","0","0","1829802","1829802",,,,,"web"
"v2.5.4","680","0",,"Firefox","69","0","0",,"berlin","1571404525000","DE","ec9e468c-ebb7-416a-8d27-994e8f954e21","Mozilla/5.0 (X11; Fedora; Linux x86_64; rv:69.0) Gecko/20100101 Firefox/69.0",,,,"2d1dc5e8-16f2-4de0-92fe-5acddeb5f0c9","1571356800000","Other","panoplay.duckdns.org",,,"0","2017",,,"Festival of Lights - Demo","1571403600000","67f64a70-c7fb-415c-9799-647046813009","193.175.2.0","false","true","true","Verein zur Foerderung eines Deutschen Forschungsne","en-US","./livestream/master.m3u8","1571404500000","1569888000000",,"Fedora",,,"0","1",,"0","2017","videojs",,"0","html5","videojs-7.6.0",,"BE","900","1600","0","WINDOW","0","playing","hls","1571404525000","d94c2471-d22b-4689-b4f6-7df7f7dc65d9","4000000",,"Horus Live","2816","2816","0","Horus Live","0","0","1831812","1829836",,,,,"web"
"v2.5.4","680","0",,"Firefox","69","0","236",,"berlin","1571404525000","DE","ec9e468c-ebb7-416a-8d27-994e8f954e21","Mozilla/5.0 (X11; Fedora; Linux x86_64; rv:69.0) Gecko/20100101 Firefox/69.0",,,,"2d1dc5e8-16f2-4de0-92fe-5acddeb5f0c9","1571356800000","Other","panoplay.duckdns.org",,,"0","236",,,"Festival of Lights - Demo","1571403600000","67f64a70-c7fb-415c-9799-647046813009","193.175.2.0","false","true","true","Verein zur Foerderung eines Deutschen Forschungsne","en-US","./livestream/master.m3u8","1571404500000","1569888000000",,"Fedora",,,"0","1",,"0","0","videojs",,"0","html5","videojs-7.6.0",,"BE","900","1600","0","WINDOW","0","rebuffering","hls","1571404525000","d94c2471-d22b-4689-b4f6-7df7f7dc65d9","4000000",,"Horus Live","2816","2816","0","Horus Live","0","0","1831853","1831812",,,,,"web"
"v2.5.4","680","0",,"Mobile Safari","12","1","0",,"berlin","1571404528000","DE","cea5ea0b-17c3-46fc-ab63-4e34af3d3e9b","Mozilla/5.0 (iPhone; CPU iPhone OS 12_4_1 like Mac OS X) AppleWebKit/605.1.15 (KHTML, like Gecko) Version/12.1.2 Mobile/15E148 Safari/604.1",,,,"5ff1d38b-aee0-4e04-940f-38bce628848a","1571356800000","iPhone","panoplay.duckdns.org",,,"0","7952",,,"Festival of Lights - Demo","1571403600000","9554eb21-ff1e-4950-9586-3a167a6f1148","193.175.2.0","false","true","true","Verein zur Foerderung eines Deutschen Forschungsne","en-US","./livestream/master.m3u8","1571404500000","1569888000000",,"iOS","12","4","0","1",,"0","7952","videojs",,"0","html5","videojs-7.6.0",,"BE","667","375","0","FULLSCREEN","0","playing","hls","1571404528000","cfda95a9-89cf-4e88-abf6-6efb3d1ea461","0",,"Horus Live","2816","2816","0","Horus Live","0","0","1827638","1819701",,,,,"web"
"v2.5.4","680","0",,"Mobile Safari","12","1","209",,"berlin","1571404528000","DE","cea5ea0b-17c3-46fc-ab63-4e34af3d3e9b","Mozilla/5.0 (iPhone; CPU iPhone OS 12_4_1 like Mac OS X) AppleWebKit/605.1.15 (KHTML, like Gecko) Version/12.1.2 Mobile/15E148 Safari/604.1",,,,"5ff1d38b-aee0-4e04-940f-38bce628848a","1571356800000","iPhone","panoplay.duckdns.org",,,"0","209",,,"Festival of Lights - Demo","1571403600000","9554eb21-ff1e-4950-9586-3a167a6f1148","193.175.2.0","false","true","true","Verein zur Foerderung eines Deutschen Forschungsne","en-US","./livestream/master.m3u8","1571404500000","1569888000000",,"iOS","12","4","0","1",,"0","0","videojs",,"0","html5","videojs-7.6.0",,"BE","667","375","0","FULLSCREEN","0","rebuffering","hls","1571404528000","cfda95a9-89cf-4e88-abf6-6efb3d1ea461","0",,"Horus Live","2816","2816","0","Horus Live","0","0","1827848","1827638",,,,,"web"
"v2.5.4","680","0",,"Mobile Safari","12","1","0",,"berlin","1571404551000","DE","cea5ea0b-17c3-46fc-ab63-4e34af3d3e9b","Mozilla/5.0 (iPhone; CPU iPhone OS 12_4_1 like Mac OS X) AppleWebKit/605.1.15 (KHTML, like Gecko) Version/12.1.2 Mobile/15E148 Safari/604.1",,,,"5ff1d38b-aee0-4e04-940f-38bce628848a","1571356800000","iPhone","panoplay.duckdns.org",,,"0","23117",,,"Festival of Lights - Demo","1571403600000","9554eb21-ff1e-4950-9586-3a167a6f1148","193.175.2.0","false","true","true","Verein zur Foerderung eines Deutschen Forschungsne","en-US","./livestream/master.m3u8","1571404500000","1569888000000",,"iOS","12","4","0","1",,"0","23117","videojs",,"0","html5","videojs-7.6.0",,"BE","667","375","0","FULLSCREEN","0","playing","hls","1571404551000","cfda95a9-89cf-4e88-abf6-6efb3d1ea461","0",,"Horus Live","2816","2816","0","Horus Live","0","0","1850965","1827848",,,,,"web"
"v2.5.4","680","0",,"Mobile Safari","12","1","200",,"berlin","1571404552000","DE","cea5ea0b-17c3-46fc-ab63-4e34af3d3e9b","Mozilla/5.0 (iPhone; CPU iPhone OS 12_4_1 like Mac OS X) AppleWebKit/605.1.15 (KHTML, like Gecko) Version/12.1.2 Mobile/15E148 Safari/604.1",,,,"5ff1d38b-aee0-4e04-940f-38bce628848a","1571356800000","iPhone","panoplay.duckdns.org",,,"0","200",,,"Festival of Lights - Demo","1571403600000","9554eb21-ff1e-4950-9586-3a167a6f1148","193.175.2.0","false","true","true","Verein zur Foerderung eines Deutschen Forschungsne","en-US","./livestream/master.m3u8","1571404500000","1569888000000",,"iOS","12","4","0","1",,"0","0","videojs",,"0","html5","videojs-7.6.0",,"BE","667","375","0","FULLSCREEN","0","rebuffering","hls","1571404552000","cfda95a9-89cf-4e88-abf6-6efb3d1ea461","0",,"Horus Live","2816","2816","0","Horus Live","0","0","1851165","1850965",,,,,"web"
"v2.5.4","680","0",,"Mobile Safari","12","1","0",,"berlin","1571404559000","DE","cea5ea0b-17c3-46fc-ab63-4e34af3d3e9b","Mozilla/5.0 (iPhone; CPU iPhone OS 12_4_1 like Mac OS X) AppleWebKit/605.1.15 (KHTML, like Gecko) Version/12.1.2 Mobile/15E148 Safari/604.1",,,,"5ff1d38b-aee0-4e04-940f-38bce628848a","1571356800000","iPhone","panoplay.duckdns.org",,,"0","7462",,,"Festival of Lights - Demo","1571403600000","9554eb21-ff1e-4950-9586-3a167a6f1148","193.175.2.0","false","true","true","Verein zur Foerderung eines Deutschen Forschungsne","en-US","./livestream/master.m3u8","1571404500000","1569888000000",,"iOS","12","4","0","1",,"0","7462","videojs",,"0","html5","videojs-7.6.0",,"BE","667","375","0","WINDOW","0","playing","hls","1571404559000","cfda95a9-89cf-4e88-abf6-6efb3d1ea461","0",,"Horus Live","2816","2816","0","Horus Live","0","0","1858612","1851165",,,,,"web"
"v2.5.4","680","0",,"Firefox","69","0","0",,"berlin","1571404583000","DE","761d236d-ca56-4a07-86d8-b4cf9878e0cd","Mozilla/5.0 (X11; Ubuntu; Linux x86_64; rv:69.0) Gecko/20100101 Firefox/69.0",,,,"a355838f-adef-43a0-b106-0fda819fc4bb","1571356800000","Other","localhost",,,"0","59738",,,"Festival of Lights - Demo","1571403600000","9c1dfcea-767c-49ee-b9a7-62f227578ec2","193.175.2.0","false","true","true","Verein zur Foerderung eines Deutschen Forschungsne","en-US","./livestream/master.m3u8","1571404560000","1569888000000",,"Ubuntu",,,"0","1",,"0","59738","videojs",,"0","html5","videojs-7.6.0",,"BE","1200","1920","0","WINDOW","0","playing","hls","1571404583000","348f375f-32b3-4550-bc69-c49eb529d468","4000000",,"Horus Live","2816","2816","0","Horus Live","0","0","1889544","1829802",,,,,"web"
"v2.5.4","680","0",,"Firefox","69","0","0",,"berlin","1571404585000","DE","ec9e468c-ebb7-416a-8d27-994e8f954e21","Mozilla/5.0 (X11; Fedora; Linux x86_64; rv:69.0) Gecko/20100101 Firefox/69.0",,,,"2d1dc5e8-16f2-4de0-92fe-5acddeb5f0c9","1571356800000","Other","panoplay.duckdns.org",,,"0","59771",,,"Festival of Lights - Demo","1571403600000","67f64a70-c7fb-415c-9799-647046813009","193.175.2.0","false","true","true","Verein zur Foerderung eines Deutschen Forschungsne","en-US","./livestream/master.m3u8","1571404560000","1569888000000",,"Fedora",,,"0","1",,"0","59771","videojs",,"0","html5","videojs-7.6.0",,"BE","900","1600","0","WINDOW","0","playing","hls","1571404585000","d94c2471-d22b-4689-b4f6-7df7f7dc65d9","4000000",,"Horus Live","2816","2816","0","Horus Live","0","0","1891604","1831853",,,,,"web"
"v2.5.4","680","0",,"Chrome Mobile","77","0","0",,"berlin","1571404604000","DE","b0be19d5-922d-49f2-813b-e58dbd529778","Mozilla/5.0 (Linux; Android 6.0.1; ONE E1003) AppleWebKit/537.36 (KHTML, like Gecko) Chrome/77.0.3865.116 Mobile Safari/537.36",,,,"95dc1ad3-7278-4063-b85a-6cada4a95ac6","1571356800000","ONE E1003","panoplay.duckdns.org",,,"0","281",,,"Festival of Lights - Demo","1571403600000","055a3cfd-be9f-474d-b34c-abcffdb32e45","193.175.2.0","false","false","true","Verein zur Foerderung eines Deutschen Forschungsne","es-ES","./livestream/master.m3u8","1571404560000","1569888000000",,"Android","6","0","1806","1",,"0","0","videojs",,"281","html5","videojs-7.6.0",,"BE","640","360","0","WINDOW","0","setup","hls","1571404604000","8848e23f-2d9d-491a-955e-0b69960fc013","0","0","Horus Live","0","0","0","Horus Live","0","0","0","0",,,,,"web"
"v2.5.4","680","0",,"Chrome Mobile","77","0","0",,"berlin","1571404605000","DE","b0be19d5-922d-49f2-813b-e58dbd529778","Mozilla/5.0 (Linux; Android 6.0.1; ONE E1003) AppleWebKit/537.36 (KHTML, like Gecko) Chrome/77.0.3865.116 Mobile Safari/537.36",,,,"95dc1ad3-7278-4063-b85a-6cada4a95ac6","1571356800000","ONE E1003","panoplay.duckdns.org",,,"0","0","3","The media playback was aborted due to a corruption problem or because the media used features your browser did not support.","Festival of Lights - Demo","1571403600000","055a3cfd-be9f-474d-b34c-abcffdb32e45","193.175.2.0","false","false","true","Verein zur Foerderung eines Deutschen Forschungsne","es-ES","./livestream/master.m3u8","1571404560000","1569888000000",,"Android","6","0","0","1",,"0","0","videojs",,"0","html5","videojs-7.6.0",,"BE","640","360","0","WINDOW","0","error","hls","1571404605000","8848e23f-2d9d-491a-955e-0b69960fc013","0","0","Horus Live","0","0","0","Horus Live","0","0","0","0",,,,,"web"
"v2.5.4","680","0",,"Chrome Mobile","77","0","0",,"berlin","1571404622000","DE","b0be19d5-922d-49f2-813b-e58dbd529778","Mozilla/5.0 (Linux; Android 6.0.1; ONE E1003) AppleWebKit/537.36 (KHTML, like Gecko) Chrome/77.0.3865.116 Mobile Safari/537.36",,,,"95dc1ad3-7278-4063-b85a-6cada4a95ac6","1571356800000","ONE E1003","panoplay.duckdns.org",,,"0","0",,,"Festival of Lights - Demo","1571403600000","055a3cfd-be9f-474d-b34c-abcffdb32e45","193.175.2.0","false","false","true","Verein zur Foerderung eines Deutschen Forschungsne","es-ES","./livestream/master.m3u8","1571404620000","1569888000000",,"Android","6","0","0","1",,"0","0","videojs",,"0","html5","videojs-7.6.0",,"BE","640","360","0","WINDOW","0","error","hls","1571404622000","8848e23f-2d9d-491a-955e-0b69960fc013","0","0","Horus Live","0","0","0","Horus Live","0","0","0","0",,,,,"web"
"v2.5.4","680","0",,"Chrome Mobile","77","0","0",,"berlin","1571404623000","DE","0c608536-3395-48ed-9613-d4ac030f4ba0","Mozilla/5.0 (Linux; Android 6.0.1; ONE E1003) AppleWebKit/537.36 (KHTML, like Gecko) Chrome/77.0.3865.116 Mobile Safari/537.36",,,,"95dc1ad3-7278-4063-b85a-6cada4a95ac6","1571356800000","ONE E1003","panoplay.duckdns.org",,,"0","176",,,"Festival of Lights - Demo","1571403600000","75c10776-fb59-4cd2-9290-a78b3639b57f","193.175.2.0","false","false","true","Verein zur Foerderung eines Deutschen Forschungsne","es-ES","./livestream/master.m3u8","1571404620000","1569888000000",,"Android","6","0","978","1",,"0","0","videojs",,"176","html5","videojs-7.6.0",,"BE","640","360","0","WINDOW","0","setup","hls","1571404623000","8848e23f-2d9d-491a-955e-0b69960fc013","0","0","Horus Live","0","0","0","Horus Live","0","0","0","0",,,,,"web"
"v2.5.4","680","0",,"Chrome Mobile","77","0","0",,"berlin","1571404624000","DE","0c608536-3395-48ed-9613-d4ac030f4ba0","Mozilla/5.0 (Linux; Android 6.0.1; ONE E1003) AppleWebKit/537.36 (KHTML, like Gecko) Chrome/77.0.3865.116 Mobile Safari/537.36",,,,"95dc1ad3-7278-4063-b85a-6cada4a95ac6","1571356800000","ONE E1003","panoplay.duckdns.org",,,"0","0","3","The media playback was aborted due to a corruption problem or because the media used features your browser did not support.","Festival of Lights - Demo","1571403600000","75c10776-fb59-4cd2-9290-a78b3639b57f","193.175.2.0","false","false","true","Verein zur Foerderung eines Deutschen Forschungsne","es-ES","./livestream/master.m3u8","1571404620000","1569888000000",,"Android","6","0","0","1",,"0","0","videojs",,"0","html5","videojs-7.6.0",,"BE","640","360","0","WINDOW","0","error","hls","1571404624000","8848e23f-2d9d-491a-955e-0b69960fc013","0","0","Horus Live","0","0","0","Horus Live","0","0","0","0",,,,,"web"
"v2.5.4","680","0","true","Chrome Mobile","77","0","0",,"berlin","1571404624000","DE","0c608536-3395-48ed-9613-d4ac030f4ba0","Mozilla/5.0 (Linux; Android 6.0.1; ONE E1003) AppleWebKit/537.36 (KHTML, like Gecko) Chrome/77.0.3865.116 Mobile Safari/537.36",,,,"95dc1ad3-7278-4063-b85a-6cada4a95ac6","1571356800000","ONE E1003","panoplay.duckdns.org",,,"0","28",,,"Festival of Lights - Demo","1571403600000","75c10776-fb59-4cd2-9290-a78b3639b57f","193.175.2.0","false","false","true","Verein zur Foerderung eines Deutschen Forschungsne","es-ES","./livestream/master.m3u8","1571404620000","1569888000000",,"Android","6","0","0","1",,"0","0","videojs",,"0","html5","videojs-7.6.0",,"BE","640","360","0","WINDOW","204","startup","hls","1571404624000","8848e23f-2d9d-491a-955e-0b69960fc013","0","0","Horus Live","0","0","28","Horus Live","0","0","0","0",,,,,"web"
"v2.5.4","680","0",,"Firefox","69","0","0",,"berlin","1571404643000","DE","761d236d-ca56-4a07-86d8-b4cf9878e0cd","Mozilla/5.0 (X11; Ubuntu; Linux x86_64; rv:69.0) Gecko/20100101 Firefox/69.0",,,,"a355838f-adef-43a0-b106-0fda819fc4bb","1571356800000","Other","localhost",,,"0","59721",,,"Festival of Lights - Demo","1571403600000","9c1dfcea-767c-49ee-b9a7-62f227578ec2","193.175.2.0","false","true","true","Verein zur Foerderung eines Deutschen Forschungsne","en-US","./livestream/master.m3u8","1571404620000","1569888000000",,"Ubuntu",,,"0","1",,"0","59721","videojs",,"0","html5","videojs-7.6.0",,"BE","1200","1920","0","WINDOW","0","playing","hls","1571404643000","348f375f-32b3-4550-bc69-c49eb529d468","4000000",,"Horus Live","2816","2816","0","Horus Live","0","0","1949289","1889544",,,,,"web"
"v2.5.4","680","0",,"Firefox","69","0","0",,"berlin","1571404645000","DE","ec9e468c-ebb7-416a-8d27-994e8f954e21","Mozilla/5.0 (X11; Fedora; Linux x86_64; rv:69.0) Gecko/20100101 Firefox/69.0",,,,"2d1dc5e8-16f2-4de0-92fe-5acddeb5f0c9","1571356800000","Other","panoplay.duckdns.org",,,"0","59720",,,"Festival of Lights - Demo","1571403600000","67f64a70-c7fb-415c-9799-647046813009","193.175.2.0","false","true","true","Verein zur Foerderung eines Deutschen Forschungsne","en-US","./livestream/master.m3u8","1571404620000","1569888000000",,"Fedora",,,"0","1",,"0","59720","videojs",,"0","html5","videojs-7.6.0",,"BE","900","1600","0","WINDOW","0","playing","hls","1571404645000","d94c2471-d22b-4689-b4f6-7df7f7dc65d9","4000000",,"Horus Live","2816","2816","0","Horus Live","0","0","1951319","1891604",,,,,"web"
"v2.5.4","680","0",,"Firefox","69","0","0",,"berlin","1571404672000","DE","ec9e468c-ebb7-416a-8d27-994e8f954e21","Mozilla/5.0 (X11; Fedora; Linux x86_64; rv:69.0) Gecko/20100101 Firefox/69.0",,,,"2d1dc5e8-16f2-4de0-92fe-5acddeb5f0c9","1571356800000","Other","panoplay.duckdns.org",,,"0","27637",,,"Festival of Lights - Demo","1571403600000","67f64a70-c7fb-415c-9799-647046813009","193.175.2.0","false","false","true","Verein zur Foerderung eines Deutschen Forschungsne","en-US","./livestream/master.m3u8","1571404620000","1569888000000",,"Fedora",,,"0","1",,"0","27637","videojs",,"0","html5","videojs-7.6.0",,"BE","900","1600","0","WINDOW","0","playing","hls","1571404672000","d94c2471-d22b-4689-b4f6-7df7f7dc65d9","4000000","1978977","Horus Live","2816","2816","0","Horus Live","0","0","1978977","1951319",,,,,"web"
"v2.5.4","680","0",,"Firefox","69","0","0",,"berlin","1571404673000","DE","761d236d-ca56-4a07-86d8-b4cf9878e0cd","Mozilla/5.0 (X11; Ubuntu; Linux x86_64; rv:69.0) Gecko/20100101 Firefox/69.0",,,,"a355838f-adef-43a0-b106-0fda819fc4bb","1571356800000","Other","localhost",,,"0","29711",,,"Festival of Lights - Demo","1571403600000","9c1dfcea-767c-49ee-b9a7-62f227578ec2","193.175.2.0","false","false","true","Verein zur Foerderung eines Deutschen Forschungsne","en-US","./livestream/master.m3u8","1571404620000","1569888000000",,"Ubuntu",,,"0","1",,"0","29711","videojs",,"0","html5","videojs-7.6.0",,"BE","1200","1920","0","WINDOW","0","playing","hls","1571404673000","348f375f-32b3-4550-bc69-c49eb529d468","4000000","1978977","Horus Live","2816","2816","0","Horus Live","0","0","1978977","1949289",,,,,"web"
"v2.5.4","680","0",,"Mobile Safari","12","1","0",,"berlin","1571404686000","DE","a6e0fad1-71ba-4e92-8b4b-b40b7a0b7885","Mozilla/5.0 (iPhone; CPU iPhone OS 12_4_1 like Mac OS X) AppleWebKit/605.1.15 (KHTML, like Gecko) Version/12.1.2 Mobile/15E148 Safari/604.1",,,,"5ff1d38b-aee0-4e04-940f-38bce628848a","1571356800000","iPhone","panoplay.duckdns.org",,,"0","99",,,"Festival of Lights - Demo","1571403600000","93cbfdf7-d5d7-4957-9926-240a841adec8","193.175.2.0","false","false","true","Verein zur Foerderung eines Deutschen Forschungsne","en-US","./livestream/master.m3u8","1571404680000","1569888000000",,"iOS","12","4","947","1",,"0","0","videojs",,"99","html5","videojs-7.6.0",,"BE","667","375","0","WINDOW","0","setup","hls","1571404686000","cfda95a9-89cf-4e88-abf6-6efb3d1ea461","0","0","Horus Live","0","0","0","Horus Live","0","0","0","0",,,,,"web"
"v2.5.4","680","0",,"Mobile Safari","12","1","0",,"berlin","1571404692000","DE","a6e0fad1-71ba-4e92-8b4b-b40b7a0b7885","Mozilla/5.0 (iPhone; CPU iPhone OS 12_4_1 like Mac OS X) AppleWebKit/605.1.15 (KHTML, like Gecko) Version/12.1.2 Mobile/15E148 Safari/604.1",,,,"5ff1d38b-aee0-4e04-940f-38bce628848a","1571356800000","iPhone","panoplay.duckdns.org",,,"0","4806",,,"Festival of Lights - Demo","1571403600000","93cbfdf7-d5d7-4957-9926-240a841adec8","193.175.2.0","false","false","true","Verein zur Foerderung eines Deutschen Forschungsne","en-US","./livestream/master.m3u8","1571404680000","1569888000000",,"iOS","12","4","0","1",,"0","4806","videojs",,"0","html5","videojs-7.6.0",,"BE","667","375","0","WINDOW","0","playing","hls","1571404692000","cfda95a9-89cf-4e88-abf6-6efb3d1ea461","0","1978976","Horus Live","2816","2816","246","Horus Live","0","0","5013","238",,,,,"web"
"v2.5.4","680","0",,"Mobile Safari","12","1","0",,"berlin","1571404696000","DE","a6e0fad1-71ba-4e92-8b4b-b40b7a0b7885","Mozilla/5.0 (iPhone; CPU iPhone OS 12_4_1 like Mac OS X) AppleWebKit/605.1.15 (KHTML, like Gecko) Version/12.1.2 Mobile/15E148 Safari/604.1",,,,"5ff1d38b-aee0-4e04-940f-38bce628848a","1571356800000","iPhone","panoplay.duckdns.org",,,"0","4515",,,"Festival of Lights - Demo","1571403600000","93cbfdf7-d5d7-4957-9926-240a841adec8","193.175.2.0","false","false","true","Verein zur Foerderung eines Deutschen Forschungsne","en-US","./livestream/master.m3u8","1571404680000","1569888000000",,"iOS","12","4","0","1",,"4515","0","videojs",,"0","html5","videojs-7.6.0",,"BE","667","375","0","WINDOW","0","pause","hls","1571404696000","cfda95a9-89cf-4e88-abf6-6efb3d1ea461","0","1978976","Horus Live","2816","2816","0","Horus Live","0","0","5129","5013",,,,,"web"
"v2.5.4","680","0",,"Mobile Safari","12","1","0",,"berlin","1571404697000","DE","a6e0fad1-71ba-4e92-8b4b-b40b7a0b7885","Mozilla/5.0 (iPhone; CPU iPhone OS 12_4_1 like Mac OS X) AppleWebKit/605.1.15 (KHTML, like Gecko) Version/12.1.2 Mobile/15E148 Safari/604.1",,,,"5ff1d38b-aee0-4e04-940f-38bce628848a","1571356800000","iPhone","panoplay.duckdns.org",,,"0","192",,,"Festival of Lights - Demo","1571403600000","93cbfdf7-d5d7-4957-9926-240a841adec8","193.175.2.0","false","false","true","Verein zur Foerderung eines Deutschen Forschungsne","en-US","./livestream/master.m3u8","1571404680000","1569888000000",,"iOS","12","4","0","1",,"0","192","videojs",,"0","html5","videojs-7.6.0",,"BE","667","375","0","FULLSCREEN","0","playing","hls","1571404697000","cfda95a9-89cf-4e88-abf6-6efb3d1ea461","0","1978976","Horus Live","2816","2816","0","Horus Live","0","0","5300","5129",,,,,"web"
"v2.5.4","680","0",,"Mobile Safari","12","1","0",,"berlin","1571404703000","DE","a6e0fad1-71ba-4e92-8b4b-b40b7a0b7885","Mozilla/5.0 (iPhone; CPU iPhone OS 12_4_1 like Mac OS X) AppleWebKit/605.1.15 (KHTML, like Gecko) Version/12.1.2 Mobile/15E148 Safari/604.1",,,,"5ff1d38b-aee0-4e04-940f-38bce628848a","1571356800000","iPhone","panoplay.duckdns.org",,,"0","6420",,,"Festival of Lights - Demo","1571403600000","93cbfdf7-d5d7-4957-9926-240a841adec8","193.175.2.0","false","false","true","Verein zur Foerderung eines Deutschen Forschungsne","en-US","./livestream/master.m3u8","1571404680000","1569888000000",,"iOS","12","4","0","1",,"6420","0","videojs",,"0","html5","videojs-7.6.0",,"BE","667","375","0","FULLSCREEN","0","pause","hls","1571404703000","cfda95a9-89cf-4e88-abf6-6efb3d1ea461","0","1978976","Horus Live","2816","2816","0","Horus Live","0","0","5357","5300",,,,,"web"
"v2.5.4","680","0",,"Mobile Safari","12","1","0",,"berlin","1571404712000","DE","a6e0fad1-71ba-4e92-8b4b-b40b7a0b7885","Mozilla/5.0 (iPhone; CPU iPhone OS 12_4_1 like Mac OS X) AppleWebKit/605.1.15 (KHTML, like Gecko) Version/12.1.2 Mobile/15E148 Safari/604.1",,,,"5ff1d38b-aee0-4e04-940f-38bce628848a","1571356800000","iPhone","panoplay.duckdns.org",,,"0","8738",,,"Festival of Lights - Demo","1571403600000","93cbfdf7-d5d7-4957-9926-240a841adec8","193.175.2.0","false","false","true","Verein zur Foerderung eines Deutschen Forschungsne","en-US","./livestream/master.m3u8","1571404680000","1569888000000",,"iOS","12","4","0","1",,"0","8738","videojs",,"0","html5","videojs-7.6.0",,"BE","667","375","0","WINDOW","0","playing","hls","1571404712000","cfda95a9-89cf-4e88-abf6-6efb3d1ea461","0","1978976","Horus Live","2816","2816","0","Horus Live","0","0","14079","5357",,,,,"web"
"v2.5.4","680","0",,"Mobile Safari","12","1","0",,"berlin","1571404715000","DE","a6e0fad1-71ba-4e92-8b4b-b40b7a0b7885","Mozilla/5.0 (iPhone; CPU iPhone OS 12_4_1 like Mac OS X) AppleWebKit/605.1.15 (KHTML, like Gecko) Version/12.1.2 Mobile/15E148 Safari/604.1",,,,"5ff1d38b-aee0-4e04-940f-38bce628848a","1571356800000","iPhone","panoplay.duckdns.org",,,"0","3686",,,"Festival of Lights - Demo","1571403600000","93cbfdf7-d5d7-4957-9926-240a841adec8","193.175.2.0","false","false","true","Verein zur Foerderung eines Deutschen Forschungsne","en-US","./livestream/master.m3u8","1571404680000","1569888000000",,"iOS","12","4","0","1",,"3686","0","videojs",,"0","html5","videojs-7.6.0",,"BE","667","375","0","WINDOW","0","pause","hls","1571404715000","cfda95a9-89cf-4e88-abf6-6efb3d1ea461","0","1978976","Horus Live","2816","2816","0","Horus Live","0","0","14119","14079",,,,,"web"
"v2.5.4","680","0",,"Mobile Safari","12","1","0",,"berlin","1571404726000","DE","a6e0fad1-71ba-4e92-8b4b-b40b7a0b7885","Mozilla/5.0 (iPhone; CPU iPhone OS 12_4_1 like Mac OS X) AppleWebKit/605.1.15 (KHTML, like Gecko) Version/12.1.2 Mobile/15E148 Safari/604.1",,,,"5ff1d38b-aee0-4e04-940f-38bce628848a","1571356800000","iPhone","panoplay.duckdns.org",,,"0","10654",,,"Festival of Lights - Demo","1571403600000","93cbfdf7-d5d7-4957-9926-240a841adec8","193.175.2.0","false","false","true","Verein zur Foerderung eines Deutschen Forschungsne","en-US","./livestream/master.m3u8","1571404680000","1569888000000",,"iOS","12","4","0","1",,"0","10654","videojs",,"0","html5","videojs-7.6.0",,"BE","667","375","0","WINDOW","0","playing","hls","1571404726000","cfda95a9-89cf-4e88-abf6-6efb3d1ea461","0","1978976","Horus Live","2816","2816","0","Horus Live","0","0","24752","14119",,,,,"web"
"v2.5.4","680","0",,"Mobile Safari","12","1","0",,"berlin","1571404732000","DE","a6e0fad1-71ba-4e92-8b4b-b40b7a0b7885","Mozilla/5.0 (iPhone; CPU iPhone OS 12_4_1 like Mac OS X) AppleWebKit/605.1.15 (KHTML, like Gecko) Version/12.1.2 Mobile/15E148 Safari/604.1",,,,"5ff1d38b-aee0-4e04-940f-38bce628848a","1571356800000","iPhone","panoplay.duckdns.org",,,"0","6002",,,"Festival of Lights - Demo","1571403600000","93cbfdf7-d5d7-4957-9926-240a841adec8","193.175.2.0","false","false","true","Verein zur Foerderung eines Deutschen Forschungsne","en-US","./livestream/master.m3u8","1571404680000","1569888000000",,"iOS","12","4","0","1",,"6002","0","videojs",,"0","html5","videojs-7.6.0",,"BE","667","375","0","WINDOW","0","pause","hls","1571404732000","cfda95a9-89cf-4e88-abf6-6efb3d1ea461","0","1978976","Horus Live","2816","2816","0","Horus Live","0","0","24790","24752",,,,,"web"
"v2.5.4","680","0",,"Firefox Mobile","68","0","0",,"berlin","1571404740000","DE","cdb437a9-3ce9-4c80-9884-9c0dd7d630b9","Mozilla/5.0 (Android 6.0.1; Mobile; rv:68.0) Gecko/68.0 Firefox/68.0",,,,"afbb677b-a238-4167-8d68-6a21fff0d164","1571356800000","rv:68.0","panoplay.duckdns.org",,,"0","194",,,"Festival of Lights - Demo","1571403600000","d279e368-2321-4d1f-bd23-859277b6dded","193.175.2.0","false","false","true","Verein zur Foerderung eines Deutschen Forschungsne","es-ES","./livestream/master.m3u8","1571404740000","1569888000000",,"Android","6","0","2855","1",,"0","0","videojs",,"194","html5","videojs-7.6.0",,"BE","640","360","0","WINDOW","0","setup","hls","1571404740000","925d340f-4c0f-4a50-ade8-c3e2b41fe524","0","0","Horus Live","0","0","0","Horus Live","0","0","0","0",,,,,"web"
"v2.5.4","680","0","true","Firefox Mobile","68","0","0",,"berlin","1571404742000","DE","cdb437a9-3ce9-4c80-9884-9c0dd7d630b9","Mozilla/5.0 (Android 6.0.1; Mobile; rv:68.0) Gecko/68.0 Firefox/68.0",,,,"afbb677b-a238-4167-8d68-6a21fff0d164","1571356800000","rv:68.0","panoplay.duckdns.org",,,"0","105",,,"Festival of Lights - Demo","1571403600000","d279e368-2321-4d1f-bd23-859277b6dded","193.175.2.0","false","false","true","Verein zur Foerderung eines Deutschen Forschungsne","es-ES","./livestream/master.m3u8","1571404740000","1569888000000",,"Android","6","0","0","1",,"0","0","videojs",,"0","html5","videojs-7.6.0",,"BE","640","360","0","WINDOW","299","startup","hls","1571404742000","925d340f-4c0f-4a50-ade8-c3e2b41fe524","0","1978976","Horus Live","2816","2816","105","Horus Live","0","0","81","0",,,,,"web"
"v2.5.4","680","0",,"Firefox Mobile","68","0","0",,"berlin","1571404745000","DE","cdb437a9-3ce9-4c80-9884-9c0dd7d630b9","Mozilla/5.0 (Android 6.0.1; Mobile; rv:68.0) Gecko/68.0 Firefox/68.0",,,,"afbb677b-a238-4167-8d68-6a21fff0d164","1571356800000","rv:68.0","panoplay.duckdns.org",,,"0","3136",,,"Festival of Lights - Demo","1571403600000","d279e368-2321-4d1f-bd23-859277b6dded","193.175.2.0","false","false","true","Verein zur Foerderung eines Deutschen Forschungsne","es-ES","./livestream/master.m3u8","1571404740000","1569888000000",,"Android","6","0","0","1",,"0","3136","videojs",,"0","html5","videojs-7.6.0",,"BE","640","360","0","WINDOW","0","playing","hls","1571404745000","925d340f-4c0f-4a50-ade8-c3e2b41fe524","0","1978976","Horus Live","2816","2816","0","Horus Live","0","0","3327","81",,,,,"web"
"v2.5.4","680","0",,"Firefox Mobile","68","0","83",,"berlin","1571404745000","DE","cdb437a9-3ce9-4c80-9884-9c0dd7d630b9","Mozilla/5.0 (Android 6.0.1; Mobile; rv:68.0) Gecko/68.0 Firefox/68.0",,,,"afbb677b-a238-4167-8d68-6a21fff0d164","1571356800000","rv:68.0","panoplay.duckdns.org",,,"0","83",,,"Festival of Lights - Demo","1571403600000","d279e368-2321-4d1f-bd23-859277b6dded","193.175.2.0","false","false","true","Verein zur Foerderung eines Deutschen Forschungsne","es-ES","./livestream/master.m3u8","1571404740000","1569888000000",,"Android","6","0","0","1",,"0","0","videojs",,"0","html5","videojs-7.6.0",,"BE","640","360","0","WINDOW","0","rebuffering","hls","1571404745000","925d340f-4c0f-4a50-ade8-c3e2b41fe524","0","1978976","Horus Live","2816","2816","0","Horus Live","0","0","3408","3327",,,,,"web"
"v2.5.4","680","0",,"Mobile Safari","12","1","0",,"berlin","1571404746000","DE","a6e0fad1-71ba-4e92-8b4b-b40b7a0b7885","Mozilla/5.0 (iPhone; CPU iPhone OS 12_4_1 like Mac OS X) AppleWebKit/605.1.15 (KHTML, like Gecko) Version/12.1.2 Mobile/15E148 Safari/604.1",,,,"5ff1d38b-aee0-4e04-940f-38bce628848a","1571356800000","iPhone","panoplay.duckdns.org",,,"0","14081",,,"Festival of Lights - Demo","1571403600000","93cbfdf7-d5d7-4957-9926-240a841adec8","193.175.2.0","false","false","true","Verein zur Foerderung eines Deutschen Forschungsne","en-US","./livestream/master.m3u8","1571404740000","1569888000000",,"iOS","12","4","0","1",,"0","14081","videojs",,"0","html5","videojs-7.6.0",,"BE","667","375","0","WINDOW","0","playing","hls","1571404746000","cfda95a9-89cf-4e88-abf6-6efb3d1ea461","0","1978976","Horus Live","2816","2816","0","Horus Live","0","0","38854","24790",,,,,"web"
"v2.5.4","680","0",,"Mobile Safari","12","1","0",,"berlin","1571404749000","DE","a6e0fad1-71ba-4e92-8b4b-b40b7a0b7885","Mozilla/5.0 (iPhone; CPU iPhone OS 12_4_1 like Mac OS X) AppleWebKit/605.1.15 (KHTML, like Gecko) Version/12.1.2 Mobile/15E148 Safari/604.1",,,,"5ff1d38b-aee0-4e04-940f-38bce628848a","1571356800000","iPhone","panoplay.duckdns.org",,,"0","2858",,,"Festival of Lights - Demo","1571403600000","93cbfdf7-d5d7-4957-9926-240a841adec8","193.175.2.0","false","false","true","Verein zur Foerderung eines Deutschen Forschungsne","en-US","./livestream/master.m3u8","1571404740000","1569888000000",,"iOS","12","4","0","1",,"2858","0","videojs",,"0","html5","videojs-7.6.0",,"BE","667","375","0","WINDOW","0","pause","hls","1571404749000","cfda95a9-89cf-4e88-abf6-6efb3d1ea461","0","1978976","Horus Live","2816","2816","0","Horus Live","0","0","38907","38854",,,,,"web"
"v2.5.4","680","0",,"Firefox Mobile","68","0","43",,"berlin","1571404750000","DE","cdb437a9-3ce9-4c80-9884-9c0dd7d630b9","Mozilla/5.0 (Android 6.0.1; Mobile; rv:68.0) Gecko/68.0 Firefox/68.0",,,,"afbb677b-a238-4167-8d68-6a21fff0d164","1571356800000","rv:68.0","panoplay.duckdns.org",,,"0","43",,,"Festival of Lights - Demo","1571403600000","d279e368-2321-4d1f-bd23-859277b6dded","193.175.2.0","false","false","true","Verein zur Foerderung eines Deutschen Forschungsne","es-ES","./livestream/master.m3u8","1571404740000","1569888000000",,"Android","6","0","0","1",,"0","0","videojs",,"0","html5","videojs-7.6.0",,"BE","640","360","0","WINDOW","0","rebuffering","hls","1571404750000","925d340f-4c0f-4a50-ade8-c3e2b41fe524","0","1978976","Horus Live","2816","2816","0","Horus Live","0","0","9180","9139",,,,,"web"
"v2.5.4","680","0",,"Firefox Mobile","68","0","0",,"berlin","1571404750000","DE","cdb437a9-3ce9-4c80-9884-9c0dd7d630b9","Mozilla/5.0 (Android 6.0.1; Mobile; rv:68.0) Gecko/68.0 Firefox/68.0",,,,"afbb677b-a238-4167-8d68-6a21fff0d164","1571356800000","rv:68.0","panoplay.duckdns.org",,,"0","5737",,,"Festival of Lights - Demo","1571403600000","d279e368-2321-4d1f-bd23-859277b6dded","193.175.2.0","false","false","true","Verein zur Foerderung eines Deutschen Forschungsne","es-ES","./livestream/master.m3u8","1571404740000","1569888000000",,"Android","6","0","0","1",,"0","5737","videojs",,"0","html5","videojs-7.6.0",,"BE","640","360","0","WINDOW","0","playing","hls","1571404750000","925d340f-4c0f-4a50-ade8-c3e2b41fe524","0","1978976","Horus Live","2816","2816","0","Horus Live","0","0","9139","3408",,,,,"web"
"v2.5.4","680","0",,"Firefox Mobile","68","0","0",,"berlin","1571404752000","DE","cdb437a9-3ce9-4c80-9884-9c0dd7d630b9","Mozilla/5.0 (Android 6.0.1; Mobile; rv:68.0) Gecko/68.0 Firefox/68.0",,,,"afbb677b-a238-4167-8d68-6a21fff0d164","1571356800000","rv:68.0","panoplay.duckdns.org",,,"0","1617",,,"Festival of Lights - Demo","1571403600000","d279e368-2321-4d1f-bd23-859277b6dded","193.175.2.0","false","false","true","Verein zur Foerderung eines Deutschen Forschungsne","es-ES","./livestream/master.m3u8","1571404740000","1569888000000",,"Android","6","0","0","1",,"0","1617","videojs",,"0","html5","videojs-7.6.0",,"BE","640","360","0","WINDOW","0","playing","hls","1571404752000","925d340f-4c0f-4a50-ade8-c3e2b41fe524","0","1978976","Horus Live","2816","2816","0","Horus Live","0","0","10763","9180",,,,,"web"
"v2.5.4","680","0",,"Mobile Safari","12","1","0",,"berlin","1571404756000","DE","a6e0fad1-71ba-4e92-8b4b-b40b7a0b7885","Mozilla/5.0 (iPhone; CPU iPhone OS 12_4_1 like Mac OS X) AppleWebKit/605.1.15 (KHTML, like Gecko) Version/12.1.2 Mobile/15E148 Safari/604.1",,,,"5ff1d38b-aee0-4e04-940f-38bce628848a","1571356800000","iPhone","panoplay.duckdns.org",,,"0","6728",,,"Festival of Lights - Demo","1571403600000","93cbfdf7-d5d7-4957-9926-240a841adec8","193.175.2.0","false","false","true","Verein zur Foerderung eines Deutschen Forschungsne","en-US","./livestream/master.m3u8","1571404740000","1569888000000",,"iOS","12","4","0","1",,"0","6728","videojs",,"0","html5","videojs-7.6.0",,"BE","667","375","0","WINDOW","0","playing","hls","1571404756000","cfda95a9-89cf-4e88-abf6-6efb3d1ea461","0","1978976","Horus Live","2816","2816","0","Horus Live","0","0","45629","38907",,,,,"web"
"v2.5.4","680","0",,"Firefox Mobile","68","0","0",,"berlin","1571404756000","DE","cdb437a9-3ce9-4c80-9884-9c0dd7d630b9","Mozilla/5.0 (Android 6.0.1; Mobile; rv:68.0) Gecko/68.0 Firefox/68.0",,,,"afbb677b-a238-4167-8d68-6a21fff0d164","1571356800000","rv:68.0","panoplay.duckdns.org",,,"0","4136",,,"Festival of Lights - Demo","1571403600000","d279e368-2321-4d1f-bd23-859277b6dded","193.175.2.0","false","false","true","Verein zur Foerderung eines Deutschen Forschungsne","es-ES","./livestream/master.m3u8","1571404740000","1569888000000",,"Android","6","0","0","1",,"4136","0","videojs",,"0","html5","videojs-7.6.0",,"BE","640","360","0","WINDOW","0","pause","hls","1571404756000","925d340f-4c0f-4a50-ade8-c3e2b41fe524","0","1978976","Horus Live","2816","2816","0","Horus Live","0","0","10763","10763",,,,,"web"
"v2.5.4","680","0",,"Firefox Mobile","68","0","0",,"berlin","1571404760000","DE","cdb437a9-3ce9-4c80-9884-9c0dd7d630b9","Mozilla/5.0 (Android 6.0.1; Mobile; rv:68.0) Gecko/68.0 Firefox/68.0",,,,"afbb677b-a238-4167-8d68-6a21fff0d164","1571356800000","rv:68.0","panoplay.duckdns.org",,,"0","2125",,,"Festival of Lights - Demo","1571403600000","d279e368-2321-4d1f-bd23-859277b6dded","193.175.2.0","false","false","true","Verein zur Foerderung eines Deutschen Forschungsne","es-ES","./livestream/master.m3u8","1571404740000","1569888000000",,"Android","6","0","0","1",,"0","2125","videojs",,"0","html5","videojs-7.6.0",,"BE","640","360","0","WINDOW","0","playing","hls","1571404760000","925d340f-4c0f-4a50-ade8-c3e2b41fe524","0","1978976","Horus Live","2816","2816","0","Horus Live","0","0","1389350","10763",,,,,"web"
"v2.5.4","680","0",,"Firefox Mobile","68","0","0",,"berlin","1571404760000","DE","cdb437a9-3ce9-4c80-9884-9c0dd7d630b9","Mozilla/5.0 (Android 6.0.1; Mobile; rv:68.0) Gecko/68.0 Firefox/68.0",,,,"afbb677b-a238-4167-8d68-6a21fff0d164","1571356800000","rv:68.0","panoplay.duckdns.org",,,"0","584",,,"Festival of Lights - Demo","1571403600000","d279e368-2321-4d1f-bd23-859277b6dded","193.175.2.0","false","false","true","Verein zur Foerderung eines Deutschen Forschungsne","es-ES","./livestream/master.m3u8","1571404740000","1569888000000",,"Android","6","0","0","1",,"0","584","videojs",,"0","html5","videojs-7.6.0",,"BE","640","360","0","WINDOW","0","playing","hls","1571404760000","925d340f-4c0f-4a50-ade8-c3e2b41fe524","0","1978976","Horus Live","2816","2816","0","Horus Live","0","0","1389350","1389350",,,,,"web"
"v2.5.4","680","0",,"Firefox Mobile","68","0","0",,"berlin","1571404760000","DE","cdb437a9-3ce9-4c80-9884-9c0dd7d630b9","Mozilla/5.0 (Android 6.0.1; Mobile; rv:68.0) Gecko/68.0 Firefox/68.0",,,,"afbb677b-a238-4167-8d68-6a21fff0d164","1571356800000","rv:68.0","panoplay.duckdns.org",,,"0","55",,,"Festival of Lights - Demo","1571403600000","d279e368-2321-4d1f-bd23-859277b6dded","193.175.2.0","false","false","true","Verein zur Foerderung eines Deutschen Forschungsne","es-ES","./livestream/master.m3u8","1571404740000","1569888000000",,"Android","6","0","0","1",,"55","0","videojs",,"0","html5","videojs-7.6.0",,"BE","640","360","0","WINDOW","0","pause","hls","1571404760000","925d340f-4c0f-4a50-ade8-c3e2b41fe524","0","1978976","Horus Live","2816","2816","0","Horus Live","0","0","1389350","1389350",,,,,"web"
"v2.5.4","680","0",,"Firefox Mobile","68","0","1150",,"berlin","1571404763000","DE","cdb437a9-3ce9-4c80-9884-9c0dd7d630b9","Mozilla/5.0 (Android 6.0.1; Mobile; rv:68.0) Gecko/68.0 Firefox/68.0",,,,"afbb677b-a238-4167-8d68-6a21fff0d164","1571356800000","rv:68.0","panoplay.duckdns.org",,,"0","1150",,,"Festival of Lights - Demo","1571403600000","d279e368-2321-4d1f-bd23-859277b6dded","193.175.2.0","false","false","true","Verein zur Foerderung eines Deutschen Forschungsne","es-ES","./livestream/master.m3u8","1571404740000","1569888000000",,"Android","6","0","0","1",,"0","0","videojs",,"0","html5","videojs-7.6.0",,"BE","640","360","0","WINDOW","0","rebuffering","hls","1571404763000","925d340f-4c0f-4a50-ade8-c3e2b41fe524","0","1978976","Horus Live","2816","2816","0","Horus Live","0","0","1389350","1389350",,,,,"web"
"v2.5.4","680","0",,"Firefox Mobile","68","0","52",,"berlin","1571404763000","DE","cdb437a9-3ce9-4c80-9884-9c0dd7d630b9","Mozilla/5.0 (Android 6.0.1; Mobile; rv:68.0) Gecko/68.0 Firefox/68.0",,,,"afbb677b-a238-4167-8d68-6a21fff0d164","1571356800000","rv:68.0","panoplay.duckdns.org",,,"0","52",,,"Festival of Lights - Demo","1571403600000","d279e368-2321-4d1f-bd23-859277b6dded","193.175.2.0","false","false","true","Verein zur Foerderung eines Deutschen Forschungsne","es-ES","./livestream/master.m3u8","1571404740000","1569888000000",,"Android","6","0","0","1",,"0","0","videojs",,"0","html5","videojs-7.6.0",,"BE","640","360","0","WINDOW","0","rebuffering","hls","1571404763000","925d340f-4c0f-4a50-ade8-c3e2b41fe524","0","1978976","Horus Live","2816","2816","0","Horus Live","0","0","1392688","1392556",,,,,"web"
"v2.5.4","680","0",,"Firefox Mobile","68","0","0",,"berlin","1571404763000","DE","cdb437a9-3ce9-4c80-9884-9c0dd7d630b9","Mozilla/5.0 (Android 6.0.1; Mobile; rv:68.0) Gecko/68.0 Firefox/68.0",,,,"afbb677b-a238-4167-8d68-6a21fff0d164","1571356800000","rv:68.0","panoplay.duckdns.org",,,"0","3304",,,"Festival of Lights - Demo","1571403600000","d279e368-2321-4d1f-bd23-859277b6dded","193.175.2.0","false","false","true","Verein zur Foerderung eines Deutschen Forschungsne","es-ES","./livestream/master.m3u8","1571404740000","1569888000000",,"Android","6","0","0","1",,"0","3304","videojs",,"0","html5","videojs-7.6.0",,"BE","640","360","0","WINDOW","0","playing","hls","1571404763000","925d340f-4c0f-4a50-ade8-c3e2b41fe524","0","1978976","Horus Live","2816","2816","0","Horus Live","0","0","1392556","1389350",,,,,"web"
"v2.5.4","680","0",,"Firefox Mobile","68","0","0",,"berlin","1571404767000","DE","cdb437a9-3ce9-4c80-9884-9c0dd7d630b9","Mozilla/5.0 (Android 6.0.1; Mobile; rv:68.0) Gecko/68.0 Firefox/68.0",,,,"afbb677b-a238-4167-8d68-6a21fff0d164","1571356800000","rv:68.0","panoplay.duckdns.org",,,"0","3632",,,"Festival of Lights - Demo","1571403600000","d279e368-2321-4d1f-bd23-859277b6dded","193.175.2.0","false","false","true","Verein zur Foerderung eines Deutschen Forschungsne","es-ES","./livestream/master.m3u8","1571404740000","1569888000000",,"Android","6","0","0","1",,"0","3632","videojs",,"0","html5","videojs-7.6.0",,"BE","640","360","0","WINDOW","0","playing","hls","1571404767000","925d340f-4c0f-4a50-ade8-c3e2b41fe524","0","1978976","Horus Live","2816","2816","0","Horus Live","0","0","1396310","1392688",,,,,"web"
"v2.5.4","680","0",,"Firefox Mobile","68","0","0",,"berlin","1571404786000","DE","cdb437a9-3ce9-4c80-9884-9c0dd7d630b9","Mozilla/5.0 (Android 6.0.1; Mobile; rv:68.0) Gecko/68.0 Firefox/68.0",,,,"afbb677b-a238-4167-8d68-6a21fff0d164","1571356800000","rv:68.0","panoplay.duckdns.org",,,"0","100",,,"Festival of Lights - Demo","1571403600000","d279e368-2321-4d1f-bd23-859277b6dded","193.175.2.0","false","false","true","Verein zur Foerderung eines Deutschen Forschungsne","es-ES","./livestream/master.m3u8","1571404740000","1569888000000",,"Android","6","0","0","1",,"0","100","videojs",,"0","html5","videojs-7.6.0",,"BE","360","640","0","WINDOW","0","playing","hls","1571404786000","925d340f-4c0f-4a50-ade8-c3e2b41fe524","0","1978976","Horus Live","2816","2816","0","Horus Live","0","0","1978976","1978876",,,,,"web"
"v2.5.4","680","0",,"Firefox Mobile","68","0","0",,"berlin","1571404786000","DE","cdb437a9-3ce9-4c80-9884-9c0dd7d630b9","Mozilla/5.0 (Android 6.0.1; Mobile; rv:68.0) Gecko/68.0 Firefox/68.0",,,,"afbb677b-a238-4167-8d68-6a21fff0d164","1571356800000","rv:68.0","panoplay.duckdns.org",,,"0","19053",,,"Festival of Lights - Demo","1571403600000","d279e368-2321-4d1f-bd23-859277b6dded","193.175.2.0","false","false","true","Verein zur Foerderung eines Deutschen Forschungsne","es-ES","./livestream/master.m3u8","1571404740000","1569888000000",,"Android","6","0","0","1",,"19053","0","videojs",,"0","html5","videojs-7.6.0",,"BE","360","640","0","WINDOW","0","pause","hls","1571404786000","925d340f-4c0f-4a50-ade8-c3e2b41fe524","0","1978976","Horus Live","2816","2816","0","Horus Live","0","0","1978876","1396310",,,,,"web"
"v2.5.4","680","0",,"Firefox Mobile","68","0","0",,"berlin","1571404786000","DE","cdb437a9-3ce9-4c80-9884-9c0dd7d630b9","Mozilla/5.0 (Android 6.0.1; Mobile; rv:68.0) Gecko/68.0 Firefox/68.0",,,,"afbb677b-a238-4167-8d68-6a21fff0d164","1571356800000","rv:68.0","panoplay.duckdns.org",,,"0","16",,,"Festival of Lights - Demo","1571403600000","d279e368-2321-4d1f-bd23-859277b6dded","193.175.2.0","false","false","true","Verein zur Foerderung eines Deutschen Forschungsne","es-ES","./livestream/master.m3u8","1571404740000","1569888000000",,"Android","6","0","0","1",,"0","16","videojs",,"0","html5","videojs-7.6.0",,"BE","360","640","0","WINDOW","0","playing","hls","1571404786000","925d340f-4c0f-4a50-ade8-c3e2b41fe524","0","1978976","Horus Live","2816","2816","0","Horus Live","0","0","1978976","1978976",,,,,"web"
"v2.5.4","680","0",,"Firefox Mobile","68","0","19",,"berlin","1571404786000","DE","cdb437a9-3ce9-4c80-9884-9c0dd7d630b9","Mozilla/5.0 (Android 6.0.1; Mobile; rv:68.0) Gecko/68.0 Firefox/68.0",,,,"afbb677b-a238-4167-8d68-6a21fff0d164","1571356800000","rv:68.0","panoplay.duckdns.org",,,"0","19",,,"Festival of Lights - Demo","1571403600000","d279e368-2321-4d1f-bd23-859277b6dded","193.175.2.0","false","false","true","Verein zur Foerderung eines Deutschen Forschungsne","es-ES","./livestream/master.m3u8","1571404740000","1569888000000",,"Android","6","0","0","1",,"0","0","videojs",,"0","html5","videojs-7.6.0",,"BE","360","640","0","WINDOW","0","rebuffering","hls","1571404786000","925d340f-4c0f-4a50-ade8-c3e2b41fe524","0","1978976","Horus Live","2816","2816","0","Horus Live","0","0","1978976","1978976",,,,,"web"
"v2.5.4","680","0",,"Firefox Mobile","68","0","0",,"berlin","1571404788000","DE","cdb437a9-3ce9-4c80-9884-9c0dd7d630b9","Mozilla/5.0 (Android 6.0.1; Mobile; rv:68.0) Gecko/68.0 Firefox/68.0",,,,"afbb677b-a238-4167-8d68-6a21fff0d164","1571356800000","rv:68.0","panoplay.duckdns.org",,,"0","22",,,"Festival of Lights - Demo","1571403600000","d279e368-2321-4d1f-bd23-859277b6dded","193.175.2.0","false","false","true","Verein zur Foerderung eines Deutschen Forschungsne","es-ES","./livestream/master.m3u8","1571404740000","1569888000000",,"Android","6","0","0","1",,"0","22","videojs",,"0","html5","videojs-7.6.0",,"BE","360","640","0","WINDOW","0","playing","hls","1571404788000","925d340f-4c0f-4a50-ade8-c3e2b41fe524","0","1978976","Horus Live","2816","2816","0","Horus Live","0","0","0","0",,,,,"web"
"v2.5.4","680","0",,"Firefox Mobile","68","0","472",,"berlin","1571404788000","DE","cdb437a9-3ce9-4c80-9884-9c0dd7d630b9","Mozilla/5.0 (Android 6.0.1; Mobile; rv:68.0) Gecko/68.0 Firefox/68.0",,,,"afbb677b-a238-4167-8d68-6a21fff0d164","1571356800000","rv:68.0","panoplay.duckdns.org",,,"0","472",,,"Festival of Lights - Demo","1571403600000","d279e368-2321-4d1f-bd23-859277b6dded","193.175.2.0","false","false","true","Verein zur Foerderung eines Deutschen Forschungsne","es-ES","./livestream/master.m3u8","1571404740000","1569888000000",,"Android","6","0","0","1",,"0","0","videojs",,"0","html5","videojs-7.6.0",,"BE","360","640","0","WINDOW","0","rebuffering","hls","1571404788000","925d340f-4c0f-4a50-ade8-c3e2b41fe524","0","1978976","Horus Live","2816","2816","0","Horus Live","0","0","0","0",,,,,"web"
"v2.5.4","680","0",,"Firefox Mobile","68","0","0",,"berlin","1571404788000","DE","cdb437a9-3ce9-4c80-9884-9c0dd7d630b9","Mozilla/5.0 (Android 6.0.1; Mobile; rv:68.0) Gecko/68.0 Firefox/68.0",,,,"afbb677b-a238-4167-8d68-6a21fff0d164","1571356800000","rv:68.0","panoplay.duckdns.org",,,"0","1198",,,"Festival of Lights - Demo","1571403600000","d279e368-2321-4d1f-bd23-859277b6dded","193.175.2.0","false","false","true","Verein zur Foerderung eines Deutschen Forschungsne","es-ES","./livestream/master.m3u8","1571404740000","1569888000000",,"Android","6","0","0","1",,"1198","0","videojs",,"0","html5","videojs-7.6.0",,"BE","360","640","0","WINDOW","0","pause","hls","1571404788000","925d340f-4c0f-4a50-ade8-c3e2b41fe524","0","1978976","Horus Live","2816","2816","0","Horus Live","0","0","0","1978976",,,,,"web"
"v2.5.4","680","0",,"Firefox Mobile","68","0","0",,"berlin","1571404789000","DE","cdb437a9-3ce9-4c80-9884-9c0dd7d630b9","Mozilla/5.0 (Android 6.0.1; Mobile; rv:68.0) Gecko/68.0 Firefox/68.0",,,,"afbb677b-a238-4167-8d68-6a21fff0d164","1571356800000","rv:68.0","panoplay.duckdns.org",,,"0","738",,,"Festival of Lights - Demo","1571403600000","d279e368-2321-4d1f-bd23-859277b6dded","193.175.2.0","false","false","true","Verein zur Foerderung eines Deutschen Forschungsne","es-ES","./livestream/master.m3u8","1571404740000","1569888000000",,"Android","6","0","0","1",,"0","738","videojs",,"0","html5","videojs-7.6.0",,"BE","360","640","0","WINDOW","0","playing","hls","1571404789000","925d340f-4c0f-4a50-ade8-c3e2b41fe524","0","1978976","Horus Live","2816","2816","0","Horus Live","0","0","731","0",,,,,"web"
"v2.5.4","680","0",,"Firefox Mobile","68","0","0",,"berlin","1571404794000","DE","cdb437a9-3ce9-4c80-9884-9c0dd7d630b9","Mozilla/5.0 (Android 6.0.1; Mobile; rv:68.0) Gecko/68.0 Firefox/68.0",,,,"afbb677b-a238-4167-8d68-6a21fff0d164","1571356800000","rv:68.0","panoplay.duckdns.org",,,"0","5364",,,"Festival of Lights - Demo","1571403600000","d279e368-2321-4d1f-bd23-859277b6dded","193.175.2.0","false","false","true","Verein zur Foerderung eines Deutschen Forschungsne","es-ES","./livestream/master.m3u8","1571404740000","1569888000000",,"Android","6","0","0","1",,"5364","0","videojs",,"0","html5","videojs-7.6.0",,"BE","640","360","0","WINDOW","0","pause","hls","1571404794000","925d340f-4c0f-4a50-ade8-c3e2b41fe524","0","1978976","Horus Live","2816","2816","0","Horus Live","0","0","731","731",,,,,"web"
"v2.5.4","680","0",,"Firefox Mobile","68","0","0",,"berlin","1571404799000","DE","cdb437a9-3ce9-4c80-9884-9c0dd7d630b9","Mozilla/5.0 (Android 6.0.1; Mobile; rv:68.0) Gecko/68.0 Firefox/68.0",,,,"afbb677b-a238-4167-8d68-6a21fff0d164","1571356800000","rv:68.0","panoplay.duckdns.org",,,"0","4557",,,"Festival of Lights - Demo","1571403600000","d279e368-2321-4d1f-bd23-859277b6dded","193.175.2.0","false","false","true","Verein zur Foerderung eines Deutschen Forschungsne","es-ES","./livestream/master.m3u8","1571404740000","1569888000000",,"Android","6","0","0","1",,"0","4557","videojs",,"0","html5","videojs-7.6.0",,"BE","640","360","0","WINDOW","0","playing","hls","1571404799000","925d340f-4c0f-4a50-ade8-c3e2b41fe524","0","1978976","Horus Live","2816","2816","0","Horus Live","0","0","4384","731",,,,,"web"
"v2.5.4","680","0",,"Firefox Mobile","68","0","188",,"berlin","1571404799000","DE","cdb437a9-3ce9-4c80-9884-9c0dd7d630b9","Mozilla/5.0 (Android 6.0.1; Mobile; rv:68.0) Gecko/68.0 Firefox/68.0",,,,"afbb677b-a238-4167-8d68-6a21fff0d164","1571356800000","rv:68.0","panoplay.duckdns.org",,,"0","188",,,"Festival of Lights - Demo","1571403600000","d279e368-2321-4d1f-bd23-859277b6dded","193.175.2.0","false","false","true","Verein zur Foerderung eines Deutschen Forschungsne","es-ES","./livestream/master.m3u8","1571404740000","1569888000000",,"Android","6","0","0","1",,"0","0","videojs",,"0","html5","videojs-7.6.0",,"BE","640","360","0","WINDOW","0","rebuffering","hls","1571404799000","925d340f-4c0f-4a50-ade8-c3e2b41fe524","0","1978976","Horus Live","2816","2816","0","Horus Live","0","0","4547","4384",,,,,"web"
"v2.5.4","680","0",,"Firefox Mobile","68","0","86",,"berlin","1571404806000","DE","cdb437a9-3ce9-4c80-9884-9c0dd7d630b9","Mozilla/5.0 (Android 6.0.1; Mobile; rv:68.0) Gecko/68.0 Firefox/68.0",,,,"afbb677b-a238-4167-8d68-6a21fff0d164","1571356800000","rv:68.0","panoplay.duckdns.org",,,"0","86",,,"Festival of Lights - Demo","1571403600000","d279e368-2321-4d1f-bd23-859277b6dded","193.175.2.0","false","false","true","Verein zur Foerderung eines Deutschen Forschungsne","es-ES","./livestream/master.m3u8","1571404800000","1569888000000",,"Android","6","0","0","1",,"0","0","videojs",,"0","html5","videojs-7.6.0",,"BE","360","640","0","WINDOW","0","rebuffering","hls","1571404806000","925d340f-4c0f-4a50-ade8-c3e2b41fe524","0","1978976","Horus Live","2816","2816","0","Horus Live","0","0","10524","10438",,,,,"web"
"v2.5.4","680","0",,"Firefox Mobile","68","0","0",,"berlin","1571404806000","DE","cdb437a9-3ce9-4c80-9884-9c0dd7d630b9","Mozilla/5.0 (Android 6.0.1; Mobile; rv:68.0) Gecko/68.0 Firefox/68.0",,,,"afbb677b-a238-4167-8d68-6a21fff0d164","1571356800000","rv:68.0","panoplay.duckdns.org",,,"0","5834",,,"Festival of Lights - Demo","1571403600000","d279e368-2321-4d1f-bd23-859277b6dded","193.175.2.0","false","false","true","Verein zur Foerderung eines Deutschen Forschungsne","es-ES","./livestream/master.m3u8","1571404800000","1569888000000",,"Android","6","0","0","1",,"0","5834","videojs",,"0","html5","videojs-7.6.0",,"BE","360","640","0","WINDOW","0","playing","hls","1571404806000","925d340f-4c0f-4a50-ade8-c3e2b41fe524","0","1978976","Horus Live","2816","2816","0","Horus Live","0","0","10438","4547",,,,,"web"
"v2.5.4","680","0",,"Firefox Mobile","68","0","0",,"berlin","1571404811000","DE","cdb437a9-3ce9-4c80-9884-9c0dd7d630b9","Mozilla/5.0 (Android 6.0.1; Mobile; rv:68.0) Gecko/68.0 Firefox/68.0",,,,"afbb677b-a238-4167-8d68-6a21fff0d164","1571356800000","rv:68.0","panoplay.duckdns.org",,,"0","6056",,,"Festival of Lights - Demo","1571403600000","d279e368-2321-4d1f-bd23-859277b6dded","193.175.2.0","false","false","true","Verein zur Foerderung eines Deutschen Forschungsne","es-ES","./livestream/master.m3u8","1571404800000","1569888000000",,"Android","6","0","0","1",,"0","6056","videojs",,"0","html5","videojs-7.6.0",,"BE","360","640","0","WINDOW","0","playing","hls","1571404811000","925d340f-4c0f-4a50-ade8-c3e2b41fe524","0","1978976","Horus Live","2816","2816","0","Horus Live","0","0","16518","10524",,,,,"web"
"v2.5.4","680","0",,"Firefox Mobile","68","0","0",,"berlin","1571404816000","DE","990ff810-d498-4900-8d9c-e251fb7b1381","Mozilla/5.0 (Android 6.0.1; Mobile; rv:68.0) Gecko/68.0 Firefox/68.0",,,,"afbb677b-a238-4167-8d68-6a21fff0d164","1571356800000","rv:68.0","panoplay.duckdns.org",,,"0","351",,,"Festival of Lights - Demo","1571403600000","95b50414-daa4-404e-b193-aad8d375b20b","193.175.2.0","false","false","true","Verein zur Foerderung eines Deutschen Forschungsne","es-ES","./livestream/master.m3u8","1571404800000","1569888000000",,"Android","6","0","2218","1",,"0","0","videojs",,"351","html5","videojs-7.6.0",,"BE","360","640","0","WINDOW","0","setup","hls","1571404816000","925d340f-4c0f-4a50-ade8-c3e2b41fe524","0","0","Horus Live","0","0","0","Horus Live","0","0","0","0",,,,,"web"
"v2.5.4","680","0","true","Firefox Mobile","68","0","0",,"berlin","1571404818000","DE","990ff810-d498-4900-8d9c-e251fb7b1381","Mozilla/5.0 (Android 6.0.1; Mobile; rv:68.0) Gecko/68.0 Firefox/68.0",,,,"afbb677b-a238-4167-8d68-6a21fff0d164","1571356800000","rv:68.0","panoplay.duckdns.org",,,"0","99",,,"Festival of Lights - Demo","1571403600000","95b50414-daa4-404e-b193-aad8d375b20b","193.175.2.0","false","false","true","Verein zur Foerderung eines Deutschen Forschungsne","es-ES","./livestream/master.m3u8","1571404800000","1569888000000",,"Android","6","0","0","1",,"0","0","videojs",,"0","html5","videojs-7.6.0",,"BE","360","640","0","WINDOW","450","startup","hls","1571404818000","925d340f-4c0f-4a50-ade8-c3e2b41fe524","0","1978976","Horus Live","2816","2816","99","Horus Live","0","0","121","0",,,,,"web"
"v2.5.4","680","0",,"Firefox Mobile","68","0","0",,"berlin","1571404821000","DE","990ff810-d498-4900-8d9c-e251fb7b1381","Mozilla/5.0 (Android 6.0.1; Mobile; rv:68.0) Gecko/68.0 Firefox/68.0",,,,"afbb677b-a238-4167-8d68-6a21fff0d164","1571356800000","rv:68.0","panoplay.duckdns.org",,,"0","3069",,,"Festival of Lights - Demo","1571403600000","95b50414-daa4-404e-b193-aad8d375b20b","193.175.2.0","false","false","true","Verein zur Foerderung eines Deutschen Forschungsne","es-ES","./livestream/master.m3u8","1571404800000","1569888000000",,"Android","6","0","0","1",,"0","3069","videojs",,"0","html5","videojs-7.6.0",,"BE","360","640","0","WINDOW","0","playing","hls","1571404821000","925d340f-4c0f-4a50-ade8-c3e2b41fe524","0","1978976","Horus Live","2816","2816","0","Horus Live","0","0","3291","121",,,,,"web"
"v2.5.4","680","0",,"Firefox Mobile","68","0","0",,"berlin","1571404821000","DE","990ff810-d498-4900-8d9c-e251fb7b1381","Mozilla/5.0 (Android 6.0.1; Mobile; rv:68.0) Gecko/68.0 Firefox/68.0",,,,"afbb677b-a238-4167-8d68-6a21fff0d164","1571356800000","rv:68.0","panoplay.duckdns.org",,,"0","102",,,"Festival of Lights - Demo","1571403600000","95b50414-daa4-404e-b193-aad8d375b20b","193.175.2.0","false","false","true","Verein zur Foerderung eines Deutschen Forschungsne","es-ES","./livestream/master.m3u8","1571404800000","1569888000000",,"Android","6","0","0","1",,"0","102","videojs",,"0","html5","videojs-7.6.0",,"BE","360","640","0","WINDOW","0","playing","hls","1571404821000","925d340f-4c0f-4a50-ade8-c3e2b41fe524","0","1978976","Horus Live","2816","2816","0","Horus Live","0","0","3453","3413",,,,,"web"
"v2.5.4","680","0",,"Firefox Mobile","68","0","149",,"berlin","1571404821000","DE","990ff810-d498-4900-8d9c-e251fb7b1381","Mozilla/5.0 (Android 6.0.1; Mobile; rv:68.0) Gecko/68.0 Firefox/68.0",,,,"afbb677b-a238-4167-8d68-6a21fff0d164","1571356800000","rv:68.0","panoplay.duckdns.org",,,"0","149",,,"Festival of Lights - Demo","1571403600000","95b50414-daa4-404e-b193-aad8d375b20b","193.175.2.0","false","false","true","Verein zur Foerderung eines Deutschen Forschungsne","es-ES","./livestream/master.m3u8","1571404800000","1569888000000",,"Android","6","0","0","1",,"0","0","videojs",,"0","html5","videojs-7.6.0",,"BE","360","640","0","WINDOW","0","rebuffering","hls","1571404821000","925d340f-4c0f-4a50-ade8-c3e2b41fe524","0","1978976","Horus Live","2816","2816","0","Horus Live","0","0","3413","3291",,,,,"web"
"v2.5.4","680","0",,"Firefox Mobile","68","0","0",,"berlin","1571404825000","DE","990ff810-d498-4900-8d9c-e251fb7b1381","Mozilla/5.0 (Android 6.0.1; Mobile; rv:68.0) Gecko/68.0 Firefox/68.0",,,,"afbb677b-a238-4167-8d68-6a21fff0d164","1571356800000","rv:68.0","panoplay.duckdns.org",,,"0","3122",,,"Festival of Lights - Demo","1571403600000","95b50414-daa4-404e-b193-aad8d375b20b","193.175.2.0","false","false","true","Verein zur Foerderung eines Deutschen Forschungsne","es-ES","./livestream/master.m3u8","1571404800000","1569888000000",,"Android","6","0","0","1",,"3122","0","videojs",,"0","html5","videojs-7.6.0",,"BE","360","640","0","WINDOW","0","pause","hls","1571404825000","925d340f-4c0f-4a50-ade8-c3e2b41fe524","0","1978976","Horus Live","2816","2816","0","Horus Live","0","0","3535","3453",,,,,"web"
"v2.5.4","680","0",,"Firefox Mobile","68","0","121",,"berlin","1571404830000","DE","990ff810-d498-4900-8d9c-e251fb7b1381","Mozilla/5.0 (Android 6.0.1; Mobile; rv:68.0) Gecko/68.0 Firefox/68.0",,,,"afbb677b-a238-4167-8d68-6a21fff0d164","1571356800000","rv:68.0","panoplay.duckdns.org",,,"0","121",,,"Festival of Lights - Demo","1571403600000","95b50414-daa4-404e-b193-aad8d375b20b","193.175.2.0","false","false","true","Verein zur Foerderung eines Deutschen Forschungsne","es-ES","./livestream/master.m3u8","1571404800000","1569888000000",,"Android","6","0","0","1",,"0","0","videojs",,"0","html5","videojs-7.6.0",,"BE","360","640","0","WINDOW","0","rebuffering","hls","1571404830000","925d340f-4c0f-4a50-ade8-c3e2b41fe524","0","1978976","Horus Live","2816","2816","0","Horus Live","0","0","9151","9027",,,,,"web"
"v2.5.4","680","0",,"Firefox Mobile","68","0","0",,"berlin","1571404830000","DE","990ff810-d498-4900-8d9c-e251fb7b1381","Mozilla/5.0 (Android 6.0.1; Mobile; rv:68.0) Gecko/68.0 Firefox/68.0",,,,"afbb677b-a238-4167-8d68-6a21fff0d164","1571356800000","rv:68.0","panoplay.duckdns.org",,,"0","5455",,,"Festival of Lights - Demo","1571403600000","95b50414-daa4-404e-b193-aad8d375b20b","193.175.2.0","false","false","true","Verein zur Foerderung eines Deutschen Forschungsne","es-ES","./livestream/master.m3u8","1571404800000","1569888000000",,"Android","6","0","0","1",,"0","5455","videojs",,"0","html5","videojs-7.6.0",,"BE","360","640","0","WINDOW","0","playing","hls","1571404830000","925d340f-4c0f-4a50-ade8-c3e2b41fe524","0","1978976","Horus Live","2816","2816","0","Horus Live","0","0","9027","3535",,,,,"web"
"v2.5.4","680","0",,"Firefox Mobile","68","0","189",,"berlin","1571404836000","DE","990ff810-d498-4900-8d9c-e251fb7b1381","Mozilla/5.0 (Android 6.0.1; Mobile; rv:68.0) Gecko/68.0 Firefox/68.0",,,,"afbb677b-a238-4167-8d68-6a21fff0d164","1571356800000","rv:68.0","panoplay.duckdns.org",,,"0","189",,,"Festival of Lights - Demo","1571403600000","95b50414-daa4-404e-b193-aad8d375b20b","193.175.2.0","false","false","true","Verein zur Foerderung eines Deutschen Forschungsne","es-ES","./livestream/master.m3u8","1571404800000","1569888000000",,"Android","6","0","0","1",,"0","0","videojs",,"0","html5","videojs-7.6.0",,"BE","360","640","0","WINDOW","0","rebuffering","hls","1571404836000","925d340f-4c0f-4a50-ade8-c3e2b41fe524","0","1978976","Horus Live","2816","2816","0","Horus Live","0","0","15248","15047",,,,,"web"
"v2.5.4","680","0",,"Firefox Mobile","68","0","0",,"berlin","1571404836000","DE","990ff810-d498-4900-8d9c-e251fb7b1381","Mozilla/5.0 (Android 6.0.1; Mobile; rv:68.0) Gecko/68.0 Firefox/68.0",,,,"afbb677b-a238-4167-8d68-6a21fff0d164","1571356800000","rv:68.0","panoplay.duckdns.org",,,"0","5915",,,"Festival of Lights - Demo","1571403600000","95b50414-daa4-404e-b193-aad8d375b20b","193.175.2.0","false","false","true","Verein zur Foerderung eines Deutschen Forschungsne","es-ES","./livestream/master.m3u8","1571404800000","1569888000000",,"Android","6","0","0","1",,"0","5915","videojs",,"0","html5","videojs-7.6.0",,"BE","360","640","0","WINDOW","0","playing","hls","1571404836000","925d340f-4c0f-4a50-ade8-c3e2b41fe524","0","1978976","Horus Live","2816","2816","0","Horus Live","0","0","15047","9151",,,,,"web"
"v2.5.4","680","0",,"Firefox Mobile","68","0","0",,"berlin","1571404840000","DE","990ff810-d498-4900-8d9c-e251fb7b1381","Mozilla/5.0 (Android 6.0.1; Mobile; rv:68.0) Gecko/68.0 Firefox/68.0",,,,"afbb677b-a238-4167-8d68-6a21fff0d164","1571356800000","rv:68.0","panoplay.duckdns.org",,,"0","3287",,,"Festival of Lights - Demo","1571403600000","95b50414-daa4-404e-b193-aad8d375b20b","193.175.2.0","false","false","true","Verein zur Foerderung eines Deutschen Forschungsne","es-ES","./livestream/master.m3u8","1571404800000","1569888000000",,"Android","6","0","0","1",,"0","3287","videojs",,"0","html5","videojs-7.6.0",,"BE","360","640","0","WINDOW","0","playing","hls","1571404840000","925d340f-4c0f-4a50-ade8-c3e2b41fe524","0","1978976","Horus Live","2816","2816","0","Horus Live","0","0","18498","15248",,,,,"web"
"v2.5.4","680","0",,"Firefox Mobile","68","0","0",,"berlin","1571404843000","DE","e38eabb7-8317-499f-9f61-40ac07ce0143","Mozilla/5.0 (Android 6.0.1; Mobile; rv:68.0) Gecko/68.0 Firefox/68.0",,,,"afbb677b-a238-4167-8d68-6a21fff0d164","1571356800000","rv:68.0","panoplay.duckdns.org",,,"0","457",,,"Festival of Lights - Demo","1571403600000","d4b375b3-c4bd-4717-b19a-cbe97d74b3a7","193.175.2.0","false","false","true","Verein zur Foerderung eines Deutschen Forschungsne","es-ES","./livestream/master.m3u8","1571404800000","1569888000000",,"Android","6","0","2637","1",,"0","0","videojs",,"457","html5","videojs-7.6.0",,"BE","360","640","0","WINDOW","0","setup","hls","1571404843000","925d340f-4c0f-4a50-ade8-c3e2b41fe524","0","0","Horus Live","0","0","0","Horus Live","0","0","0","0",,,,,"web"
"v2.5.4","680","0","true","Firefox Mobile","68","0","0",,"berlin","1571404845000","DE","e38eabb7-8317-499f-9f61-40ac07ce0143","Mozilla/5.0 (Android 6.0.1; Mobile; rv:68.0) Gecko/68.0 Firefox/68.0",,,,"afbb677b-a238-4167-8d68-6a21fff0d164","1571356800000","rv:68.0","panoplay.duckdns.org",,,"0","105",,,"Festival of Lights - Demo","1571403600000","d4b375b3-c4bd-4717-b19a-cbe97d74b3a7","193.175.2.0","false","false","true","Verein zur Foerderung eines Deutschen Forschungsne","es-ES","./livestream/master.m3u8","1571404800000","1569888000000",,"Android","6","0","0","1",,"0","0","videojs",,"0","html5","videojs-7.6.0",,"BE","360","640","0","WINDOW","562","startup","hls","1571404845000","925d340f-4c0f-4a50-ade8-c3e2b41fe524","0","1978976","Horus Live","2816","2816","105","Horus Live","0","0","162","0",,,,,"web"
"v2.5.4","680","0",,"Firefox Mobile","68","0","47",,"berlin","1571404848000","DE","e38eabb7-8317-499f-9f61-40ac07ce0143","Mozilla/5.0 (Android 6.0.1; Mobile; rv:68.0) Gecko/68.0 Firefox/68.0",,,,"afbb677b-a238-4167-8d68-6a21fff0d164","1571356800000","rv:68.0","panoplay.duckdns.org",,,"0","47",,,"Festival of Lights - Demo","1571403600000","d4b375b3-c4bd-4717-b19a-cbe97d74b3a7","193.175.2.0","false","false","true","Verein zur Foerderung eines Deutschen Forschungsne","es-ES","./livestream/master.m3u8","1571404800000","1569888000000",,"Android","6","0","0","1",,"0","0","videojs",,"0","html5","videojs-7.6.0",,"BE","360","640","0","FULLSCREEN","0","rebuffering","hls","1571404848000","925d340f-4c0f-4a50-ade8-c3e2b41fe524","0","1978976","Horus Live","2816","2816","0","Horus Live","0","0","3291","3250",,,,,"web"
"v2.5.4","680","0",,"Firefox Mobile","68","0","0",,"berlin","1571404848000","DE","e38eabb7-8317-499f-9f61-40ac07ce0143","Mozilla/5.0 (Android 6.0.1; Mobile; rv:68.0) Gecko/68.0 Firefox/68.0",,,,"afbb677b-a238-4167-8d68-6a21fff0d164","1571356800000","rv:68.0","panoplay.duckdns.org",,,"0","3018",,,"Festival of Lights - Demo","1571403600000","d4b375b3-c4bd-4717-b19a-cbe97d74b3a7","193.175.2.0","false","false","true","Verein zur Foerderung eines Deutschen Forschungsne","es-ES","./livestream/master.m3u8","1571404800000","1569888000000",,"Android","6","0","0","1",,"0","3018","videojs",,"0","html5","videojs-7.6.0",,"BE","360","640","0","FULLSCREEN","0","playing","hls","1571404848000","925d340f-4c0f-4a50-ade8-c3e2b41fe524","0","1978976","Horus Live","2816","2816","0","Horus Live","0","0","3250","162",,,,,"web"
"v2.5.4","680","0",,"Firefox Mobile","68","0","0",,"berlin","1571404848000","DE","e38eabb7-8317-499f-9f61-40ac07ce0143","Mozilla/5.0 (Android 6.0.1; Mobile; rv:68.0) Gecko/68.0 Firefox/68.0",,,,"afbb677b-a238-4167-8d68-6a21fff0d164","1571356800000","rv:68.0","panoplay.duckdns.org",,,"0","357",,,"Festival of Lights - Demo","1571403600000","d4b375b3-c4bd-4717-b19a-cbe97d74b3a7","193.175.2.0","false","false","true","Verein zur Foerderung eines Deutschen Forschungsne","es-ES","./livestream/master.m3u8","1571404800000","1569888000000",,"Android","6","0","0","1",,"0","357","videojs",,"0","html5","videojs-7.6.0",,"BE","360","640","0","FULLSCREEN","0","playing","hls","1571404848000","925d340f-4c0f-4a50-ade8-c3e2b41fe524","0","1978976","Horus Live","2816","2816","0","Horus Live","0","0","3616","3291",,,,,"web"
"v2.5.4","680","0",,"Firefox Mobile","68","0","0",,"berlin","1571404850000","DE","e38eabb7-8317-499f-9f61-40ac07ce0143","Mozilla/5.0 (Android 6.0.1; Mobile; rv:68.0) Gecko/68.0 Firefox/68.0",,,,"afbb677b-a238-4167-8d68-6a21fff0d164","1571356800000","rv:68.0","panoplay.duckdns.org",,,"0","1311",,,"Festival of Lights - Demo","1571403600000","d4b375b3-c4bd-4717-b19a-cbe97d74b3a7","193.175.2.0","false","false","true","Verein zur Foerderung eines Deutschen Forschungsne","es-ES","./livestream/master.m3u8","1571404800000","1569888000000",,"Android","6","0","0","1",,"1311","0","videojs",,"0","html5","videojs-7.6.0",,"BE","360","640","0","FULLSCREEN","0","pause","hls","1571404850000","925d340f-4c0f-4a50-ade8-c3e2b41fe524","0","1978976","Horus Live","2816","2816","0","Horus Live","0","0","3657","3616",,,,,"web"
"v2.5.4","680","0",,"Firefox Mobile","68","0","0",,"berlin","1571404851000","DE","e38eabb7-8317-499f-9f61-40ac07ce0143","Mozilla/5.0 (Android 6.0.1; Mobile; rv:68.0) Gecko/68.0 Firefox/68.0",,,,"afbb677b-a238-4167-8d68-6a21fff0d164","1571356800000","rv:68.0","panoplay.duckdns.org",,,"0","1931",,,"Festival of Lights - Demo","1571403600000","d4b375b3-c4bd-4717-b19a-cbe97d74b3a7","193.175.2.0","false","false","false","Verein zur Foerderung eines Deutschen Forschungsne","es-ES","./livestream/master.m3u8","1571404800000","1569888000000",,"Android","6","0","0","1",,"0","1931","videojs",,"0","html5","videojs-7.6.0",,"BE","360","640","0","FULLSCREEN","0","playing","hls","1571404851000","925d340f-4c0f-4a50-ade8-c3e2b41fe524","0","1978976","Horus Live","2816","2816","0","Horus Live","0","0","5609","3657",,,,,"web"
"v2.5.4","680","0",,"Firefox Mobile","68","0","0",,"berlin","1571404852000","DE","e38eabb7-8317-499f-9f61-40ac07ce0143","Mozilla/5.0 (Android 6.0.1; Mobile; rv:68.0) Gecko/68.0 Firefox/68.0",,,,"afbb677b-a238-4167-8d68-6a21fff0d164","1571356800000","rv:68.0","panoplay.duckdns.org",,,"0","866",,,"Festival of Lights - Demo","1571403600000","d4b375b3-c4bd-4717-b19a-cbe97d74b3a7","193.175.2.0","false","false","false","Verein zur Foerderung eines Deutschen Forschungsne","es-ES","./livestream/master.m3u8","1571404800000","1569888000000",,"Android","6","0","0","1",,"0","866","videojs",,"0","html5","videojs-7.6.0",,"BE","360","640","0","FULLSCREEN","0","playing","hls","1571404852000","925d340f-4c0f-4a50-ade8-c3e2b41fe524","0","1978976","Horus Live","2816","2816","0","Horus Live","0","0","14410","5609",,,,,"web"
"v2.5.4","680","0",,"Firefox Mobile","68","0","278",,"berlin","1571404853000","DE","e38eabb7-8317-499f-9f61-40ac07ce0143","Mozilla/5.0 (Android 6.0.1; Mobile; rv:68.0) Gecko/68.0 Firefox/68.0",,,,"afbb677b-a238-4167-8d68-6a21fff0d164","1571356800000","rv:68.0","panoplay.duckdns.org",,,"0","278",,,"Festival of Lights - Demo","1571403600000","d4b375b3-c4bd-4717-b19a-cbe97d74b3a7","193.175.2.0","false","false","false","Verein zur Foerderung eines Deutschen Forschungsne","es-ES","./livestream/master.m3u8","1571404800000","1569888000000",,"Android","6","0","0","1",,"0","0","videojs",,"0","html5","videojs-7.6.0",,"BE","360","640","0","FULLSCREEN","0","rebuffering","hls","1571404853000","925d340f-4c0f-4a50-ade8-c3e2b41fe524","0","1978976","Horus Live","2816","2816","0","Horus Live","0","0","9607","677271",,,,,"web"
"v2.5.4","680","0",,"Firefox Mobile","68","0","0",,"berlin","1571404853000","DE","e38eabb7-8317-499f-9f61-40ac07ce0143","Mozilla/5.0 (Android 6.0.1; Mobile; rv:68.0) Gecko/68.0 Firefox/68.0",,,,"afbb677b-a238-4167-8d68-6a21fff0d164","1571356800000","rv:68.0","panoplay.duckdns.org",,,"0","18",,,"Festival of Lights - Demo","1571403600000","d4b375b3-c4bd-4717-b19a-cbe97d74b3a7","193.175.2.0","false","false","false","Verein zur Foerderung eines Deutschen Forschungsne","es-ES","./livestream/master.m3u8","1571404800000","1569888000000",,"Android","6","0","0","1",,"0","18","videojs",,"0","html5","videojs-7.6.0",,"BE","360","640","0","FULLSCREEN","0","playing","hls","1571404853000","925d340f-4c0f-4a50-ade8-c3e2b41fe524","0","1978976","Horus Live","2816","2816","0","Horus Live","0","0","9607","9607",,,,,"web"
"v2.5.4","680","0",,"Firefox Mobile","68","0","0",,"berlin","1571404853000","DE","e38eabb7-8317-499f-9f61-40ac07ce0143","Mozilla/5.0 (Android 6.0.1; Mobile; rv:68.0) Gecko/68.0 Firefox/68.0",,,,"afbb677b-a238-4167-8d68-6a21fff0d164","1571356800000","rv:68.0","panoplay.duckdns.org",,,"0","500",,,"Festival of Lights - Demo","1571403600000","d4b375b3-c4bd-4717-b19a-cbe97d74b3a7","193.175.2.0","false","false","false","Verein zur Foerderung eines Deutschen Forschungsne","es-ES","./livestream/master.m3u8","1571404800000","1569888000000",,"Android","6","0","0","1",,"500","0","videojs",,"0","html5","videojs-7.6.0",,"BE","360","640","0","FULLSCREEN","0","pause","hls","1571404853000","925d340f-4c0f-4a50-ade8-c3e2b41fe524","0","1978976","Horus Live","2816","2816","0","Horus Live","0","0","677271","14410",,,,,"web"
"v2.5.4","680","0",,"Firefox Mobile","68","0","0",,"berlin","1571404853000","DE","e38eabb7-8317-499f-9f61-40ac07ce0143","Mozilla/5.0 (Android 6.0.1; Mobile; rv:68.0) Gecko/68.0 Firefox/68.0",,,,"afbb677b-a238-4167-8d68-6a21fff0d164","1571356800000","rv:68.0","panoplay.duckdns.org",,,"0","13",,,"Festival of Lights - Demo","1571403600000","d4b375b3-c4bd-4717-b19a-cbe97d74b3a7","193.175.2.0","false","false","false","Verein zur Foerderung eines Deutschen Forschungsne","es-ES","./livestream/master.m3u8","1571404800000","1569888000000",,"Android","6","0","0","1",,"0","13","videojs",,"0","html5","videojs-7.6.0",,"BE","360","640","0","FULLSCREEN","0","playing","hls","1571404853000","925d340f-4c0f-4a50-ade8-c3e2b41fe524","0","1978976","Horus Live","2816","2816","0","Horus Live","0","0","677271","677271",,,,,"web"
"v2.5.4","680","0",,"Firefox Mobile","68","0","0",,"berlin","1571404854000","DE","e38eabb7-8317-499f-9f61-40ac07ce0143","Mozilla/5.0 (Android 6.0.1; Mobile; rv:68.0) Gecko/68.0 Firefox/68.0",,,,"afbb677b-a238-4167-8d68-6a21fff0d164","1571356800000","rv:68.0","panoplay.duckdns.org",,,"0","372",,,"Festival of Lights - Demo","1571403600000","d4b375b3-c4bd-4717-b19a-cbe97d74b3a7","193.175.2.0","false","false","false","Verein zur Foerderung eines Deutschen Forschungsne","es-ES","./livestream/master.m3u8","1571404800000","1569888000000",,"Android","6","0","0","1",,"372","0","videojs",,"0","html5","videojs-7.6.0",,"BE","360","640","0","FULLSCREEN","0","pause","hls","1571404854000","925d340f-4c0f-4a50-ade8-c3e2b41fe524","0","1978976","Horus Live","2816","2816","0","Horus Live","0","0","658058","9607",,,,,"web"
"v2.5.4","680","0",,"Firefox Mobile","68","0","0",,"berlin","1571404854000","DE","e38eabb7-8317-499f-9f61-40ac07ce0143","Mozilla/5.0 (Android 6.0.1; Mobile; rv:68.0) Gecko/68.0 Firefox/68.0",,,,"afbb677b-a238-4167-8d68-6a21fff0d164","1571356800000","rv:68.0","panoplay.duckdns.org",,,"0","22",,,"Festival of Lights - Demo","1571403600000","d4b375b3-c4bd-4717-b19a-cbe97d74b3a7","193.175.2.0","false","false","false","Verein zur Foerderung eines Deutschen Forschungsne","es-ES","./livestream/master.m3u8","1571404800000","1569888000000",,"Android","6","0","0","1",,"0","22","videojs",,"0","html5","videojs-7.6.0",,"BE","360","640","0","FULLSCREEN","0","playing","hls","1571404854000","925d340f-4c0f-4a50-ade8-c3e2b41fe524","0","1978976","Horus Live","2816","2816","0","Horus Live","0","0","658058","658058",,,,,"web"
"v2.5.4","680","0",,"Firefox Mobile","68","0","1006",,"berlin","1571404855000","DE","e38eabb7-8317-499f-9f61-40ac07ce0143","Mozilla/5.0 (Android 6.0.1; Mobile; rv:68.0) Gecko/68.0 Firefox/68.0",,,,"afbb677b-a238-4167-8d68-6a21fff0d164","1571356800000","rv:68.0","panoplay.duckdns.org",,,"0","1006",,,"Festival of Lights - Demo","1571403600000","d4b375b3-c4bd-4717-b19a-cbe97d74b3a7","193.175.2.0","false","false","false","Verein zur Foerderung eines Deutschen Forschungsne","es-ES","./livestream/master.m3u8","1571404800000","1569888000000",,"Android","6","0","0","1",,"0","0","videojs",,"0","html5","videojs-7.6.0",,"BE","360","640","0","FULLSCREEN","0","rebuffering","hls","1571404855000","925d340f-4c0f-4a50-ade8-c3e2b41fe524","0","1978976","Horus Live","2816","2816","0","Horus Live","0","0","658058","658058",,,,,"web"
"v2.5.4","680","0",,"Firefox Mobile","68","0","0",,"berlin","1571404857000","DE","e38eabb7-8317-499f-9f61-40ac07ce0143","Mozilla/5.0 (Android 6.0.1; Mobile; rv:68.0) Gecko/68.0 Firefox/68.0",,,,"afbb677b-a238-4167-8d68-6a21fff0d164","1571356800000","rv:68.0","panoplay.duckdns.org",,,"0","2312",,,"Festival of Lights - Demo","1571403600000","d4b375b3-c4bd-4717-b19a-cbe97d74b3a7","193.175.2.0","false","false","false","Verein zur Foerderung eines Deutschen Forschungsne","es-ES","./livestream/master.m3u8","1571404800000","1569888000000",,"Android","6","0","0","1",,"0","2312","videojs",,"0","html5","videojs-7.6.0",,"BE","360","640","0","FULLSCREEN","0","playing","hls","1571404857000","925d340f-4c0f-4a50-ade8-c3e2b41fe524","0","1978976","Horus Live","2816","2816","0","Horus Live","0","0","660331","658058",,,,,"web"
"v2.5.4","680","0",,"Firefox Mobile","68","0","0",,"berlin","1571404869000","DE","e38eabb7-8317-499f-9f61-40ac07ce0143","Mozilla/5.0 (Android 6.0.1; Mobile; rv:68.0) Gecko/68.0 Firefox/68.0",,,,"afbb677b-a238-4167-8d68-6a21fff0d164","1571356800000","rv:68.0","panoplay.duckdns.org",,,"0","12363",,,"Festival of Lights - Demo","1571403600000","d4b375b3-c4bd-4717-b19a-cbe97d74b3a7","193.175.2.0","false","false","false","Verein zur Foerderung eines Deutschen Forschungsne","es-ES","./livestream/master.m3u8","1571404860000","1569888000000",,"Android","6","0","0","1",,"12363","0","videojs",,"0","html5","videojs-7.6.0",,"BE","360","640","0","FULLSCREEN","0","pause","hls","1571404869000","925d340f-4c0f-4a50-ade8-c3e2b41fe524","0","1978976","Horus Live","2816","2816","0","Horus Live","0","0","1820466","660331",,,,,"web"
"v2.5.4","680","0",,"Firefox Mobile","68","0","0",,"berlin","1571404874000","DE","e38eabb7-8317-499f-9f61-40ac07ce0143","Mozilla/5.0 (Android 6.0.1; Mobile; rv:68.0) Gecko/68.0 Firefox/68.0",,,,"afbb677b-a238-4167-8d68-6a21fff0d164","1571356800000","rv:68.0","panoplay.duckdns.org",,,"0","4884",,,"Festival of Lights - Demo","1571403600000","d4b375b3-c4bd-4717-b19a-cbe97d74b3a7","193.175.2.0","false","false","false","Verein zur Foerderung eines Deutschen Forschungsne","es-ES","./livestream/master.m3u8","1571404860000","1569888000000",,"Android","6","0","0","1",,"0","4884","videojs",,"0","html5","videojs-7.6.0",,"BE","640","360","0","FULLSCREEN","0","playing","hls","1571404874000","925d340f-4c0f-4a50-ade8-c3e2b41fe524","0","1978976","Horus Live","2816","2816","0","Horus Live","0","0","1824652","1820466",,,,,"web"
"v2.5.4","680","0",,"Firefox Mobile","68","0","51",,"berlin","1571404874000","DE","e38eabb7-8317-499f-9f61-40ac07ce0143","Mozilla/5.0 (Android 6.0.1; Mobile; rv:68.0) Gecko/68.0 Firefox/68.0",,,,"afbb677b-a238-4167-8d68-6a21fff0d164","1571356800000","rv:68.0","panoplay.duckdns.org",,,"0","51",,,"Festival of Lights - Demo","1571403600000","d4b375b3-c4bd-4717-b19a-cbe97d74b3a7","193.175.2.0","false","false","false","Verein zur Foerderung eines Deutschen Forschungsne","es-ES","./livestream/master.m3u8","1571404860000","1569888000000",,"Android","6","0","0","1",,"0","0","videojs",,"0","html5","videojs-7.6.0",,"BE","640","360","0","FULLSCREEN","0","rebuffering","hls","1571404874000","925d340f-4c0f-4a50-ade8-c3e2b41fe524","0","1978976","Horus Live","2816","2816","0","Horus Live","0","0","1824692","1824652",,,,,"web"
"v2.5.4","680","0",,"Firefox Mobile","68","0","30",,"berlin","1571404882000","DE","e38eabb7-8317-499f-9f61-40ac07ce0143","Mozilla/5.0 (Android 6.0.1; Mobile; rv:68.0) Gecko/68.0 Firefox/68.0",,,,"afbb677b-a238-4167-8d68-6a21fff0d164","1571356800000","rv:68.0","panoplay.duckdns.org",,,"0","30",,,"Festival of Lights - Demo","1571403600000","d4b375b3-c4bd-4717-b19a-cbe97d74b3a7","193.175.2.0","false","false","false","Verein zur Foerderung eines Deutschen Forschungsne","es-ES","./livestream/master.m3u8","1571404860000","1569888000000",,"Android","6","0","0","1",,"0","0","videojs",,"0","html5","videojs-7.6.0",,"BE","640","360","0","WINDOW","0","rebuffering","hls","1571404882000","925d340f-4c0f-4a50-ade8-c3e2b41fe524","0","1978976","Horus Live","2816","2816","0","Horus Live","0","0","1832473","1832432",,,,,"web"
"v2.5.4","680","0",,"Firefox Mobile","68","0","0",,"berlin","1571404882000","DE","e38eabb7-8317-499f-9f61-40ac07ce0143","Mozilla/5.0 (Android 6.0.1; Mobile; rv:68.0) Gecko/68.0 Firefox/68.0",,,,"afbb677b-a238-4167-8d68-6a21fff0d164","1571356800000","rv:68.0","panoplay.duckdns.org",,,"0","7734",,,"Festival of Lights - Demo","1571403600000","d4b375b3-c4bd-4717-b19a-cbe97d74b3a7","193.175.2.0","false","false","false","Verein zur Foerderung eines Deutschen Forschungsne","es-ES","./livestream/master.m3u8","1571404860000","1569888000000",,"Android","6","0","0","1",,"0","7734","videojs",,"0","html5","videojs-7.6.0",,"BE","640","360","0","WINDOW","0","playing","hls","1571404882000","925d340f-4c0f-4a50-ade8-c3e2b41fe524","0","1978976","Horus Live","2816","2816","0","Horus Live","0","0","1832432","1824692",,,,,"web"
"v2.5.4","680","0",,"Firefox Mobile","68","0","183",,"berlin","1571404886000","DE","e38eabb7-8317-499f-9f61-40ac07ce0143","Mozilla/5.0 (Android 6.0.1; Mobile; rv:68.0) Gecko/68.0 Firefox/68.0",,,,"afbb677b-a238-4167-8d68-6a21fff0d164","1571356800000","rv:68.0","panoplay.duckdns.org",,,"0","183",,,"Festival of Lights - Demo","1571403600000","d4b375b3-c4bd-4717-b19a-cbe97d74b3a7","193.175.2.0","false","false","false","Verein zur Foerderung eines Deutschen Forschungsne","es-ES","./livestream/master.m3u8","1571404860000","1569888000000",,"Android","6","0","0","1",,"0","0","videojs",,"0","html5","videojs-7.6.0",,"BE","640","360","0","WINDOW","0","rebuffering","hls","1571404886000","925d340f-4c0f-4a50-ade8-c3e2b41fe524","0","1978976","Horus Live","2816","2816","0","Horus Live","0","0","1836618","1836456",,,,,"web"
"v2.5.4","680","0",,"Firefox Mobile","68","0","0",,"berlin","1571404886000","DE","e38eabb7-8317-499f-9f61-40ac07ce0143","Mozilla/5.0 (Android 6.0.1; Mobile; rv:68.0) Gecko/68.0 Firefox/68.0",,,,"afbb677b-a238-4167-8d68-6a21fff0d164","1571356800000","rv:68.0","panoplay.duckdns.org",,,"0","3984",,,"Festival of Lights - Demo","1571403600000","d4b375b3-c4bd-4717-b19a-cbe97d74b3a7","193.175.2.0","false","false","false","Verein zur Foerderung eines Deutschen Forschungsne","es-ES","./livestream/master.m3u8","1571404860000","1569888000000",,"Android","6","0","0","1",,"0","3984","videojs",,"0","html5","videojs-7.6.0",,"BE","640","360","0","WINDOW","0","playing","hls","1571404886000","925d340f-4c0f-4a50-ade8-c3e2b41fe524","0","1978976","Horus Live","2816","2816","0","Horus Live","0","0","1836456","1832473",,,,,"web"
"v2.5.4","680","0",,"Firefox Mobile","68","0","0",,"berlin","1571404892000","DE","e38eabb7-8317-499f-9f61-40ac07ce0143","Mozilla/5.0 (Android 6.0.1; Mobile; rv:68.0) Gecko/68.0 Firefox/68.0",,,,"afbb677b-a238-4167-8d68-6a21fff0d164","1571356800000","rv:68.0","panoplay.duckdns.org",,,"0","5853",,,"Festival of Lights - Demo","1571403600000","d4b375b3-c4bd-4717-b19a-cbe97d74b3a7","193.175.2.0","false","false","false","Verein zur Foerderung eines Deutschen Forschungsne","es-ES","./livestream/master.m3u8","1571404860000","1569888000000",,"Android","6","0","0","1",,"0","5853","videojs",,"0","html5","videojs-7.6.0",,"BE","640","360","0","WINDOW","0","playing","hls","1571404892000","925d340f-4c0f-4a50-ade8-c3e2b41fe524","0","1978976","Horus Live","2816","2816","0","Horus Live","0","0","1842489","1836618",,,,,"web"
"v2.5.4","680","0",,"Firefox Mobile","68","0","160",,"berlin","1571404892000","DE","e38eabb7-8317-499f-9f61-40ac07ce0143","Mozilla/5.0 (Android 6.0.1; Mobile; rv:68.0) Gecko/68.0 Firefox/68.0",,,,"afbb677b-a238-4167-8d68-6a21fff0d164","1571356800000","rv:68.0","panoplay.duckdns.org",,,"0","160",,,"Festival of Lights - Demo","1571403600000","d4b375b3-c4bd-4717-b19a-cbe97d74b3a7","193.175.2.0","false","false","false","Verein zur Foerderung eines Deutschen Forschungsne","es-ES","./livestream/master.m3u8","1571404860000","1569888000000",,"Android","6","0","0","1",,"0","0","videojs",,"0","html5","videojs-7.6.0",,"BE","640","360","0","WINDOW","0","rebuffering","hls","1571404892000","925d340f-4c0f-4a50-ade8-c3e2b41fe524","0","1978976","Horus Live","2816","2816","0","Horus Live","0","0","1842651","1842489",,,,,"web"
"v2.5.4","680","0",,"Firefox","69","0","0",,"berlin","1571404895000","DE","4ca33c4b-2792-4412-8c09-5da8f205c66a","Mozilla/5.0 (X11; Fedora; Linux x86_64; rv:69.0) Gecko/20100101 Firefox/69.0",,,,"2d1dc5e8-16f2-4de0-92fe-5acddeb5f0c9","1571356800000","Other","panoplay.duckdns.org",,,"0","47",,,"Festival of Lights - Demo","1571403600000","6152f112-b66d-47db-8ab3-69cb50e129ad","193.175.2.0","false","false","true","Verein zur Foerderung eines Deutschen Forschungsne","en-US","./livestream/master.m3u8","1571404860000","1569888000000",,"Fedora",,,"414","1",,"0","0","videojs",,"47","html5","videojs-7.6.0",,"BE","900","1600","0","WINDOW","0","setup","hls","1571404895000","d94c2471-d22b-4689-b4f6-7df7f7dc65d9","0","0","Horus Live","0","0","0","Horus Live","0","0","0","0",,,,,"web"
"v2.5.4","680","0",,"Firefox Mobile","68","0","0",,"berlin","1571404898000","DE","e38eabb7-8317-499f-9f61-40ac07ce0143","Mozilla/5.0 (Android 6.0.1; Mobile; rv:68.0) Gecko/68.0 Firefox/68.0",,,,"afbb677b-a238-4167-8d68-6a21fff0d164","1571356800000","rv:68.0","panoplay.duckdns.org",,,"0","6156",,,"Festival of Lights - Demo","1571403600000","d4b375b3-c4bd-4717-b19a-cbe97d74b3a7","193.175.2.0","false","false","false","Verein zur Foerderung eines Deutschen Forschungsne","es-ES","./livestream/master.m3u8","1571404860000","1569888000000",,"Android","6","0","0","1",,"0","6156","videojs",,"0","html5","videojs-7.6.0",,"BE","640","360","0","WINDOW","0","playing","hls","1571404898000","925d340f-4c0f-4a50-ade8-c3e2b41fe524","0","1978976","Horus Live","2816","2816","0","Horus Live","0","0","1848792","1842651",,,,,"web"
"v2.5.4","680","0",,"Firefox Mobile","68","0","150",,"berlin","1571404899000","DE","e38eabb7-8317-499f-9f61-40ac07ce0143","Mozilla/5.0 (Android 6.0.1; Mobile; rv:68.0) Gecko/68.0 Firefox/68.0",,,,"afbb677b-a238-4167-8d68-6a21fff0d164","1571356800000","rv:68.0","panoplay.duckdns.org",,,"0","150",,,"Festival of Lights - Demo","1571403600000","d4b375b3-c4bd-4717-b19a-cbe97d74b3a7","193.175.2.0","false","false","false","Verein zur Foerderung eines Deutschen Forschungsne","es-ES","./livestream/master.m3u8","1571404860000","1569888000000",,"Android","6","0","0","1",,"0","0","videojs",,"0","html5","videojs-7.6.0",,"BE","640","360","0","WINDOW","0","rebuffering","hls","1571404899000","925d340f-4c0f-4a50-ade8-c3e2b41fe524","0","1978976","Horus Live","2816","2816","0","Horus Live","0","0","1848955","1848792",,,,,"web"
"v2.5.4","680","0",,"Firefox Mobile","68","0","247",,"berlin","1571404904000","DE","e38eabb7-8317-499f-9f61-40ac07ce0143","Mozilla/5.0 (Android 6.0.1; Mobile; rv:68.0) Gecko/68.0 Firefox/68.0",,,,"afbb677b-a238-4167-8d68-6a21fff0d164","1571356800000","rv:68.0","panoplay.duckdns.org",,,"0","247",,,"Festival of Lights - Demo","1571403600000","d4b375b3-c4bd-4717-b19a-cbe97d74b3a7","193.175.2.0","false","false","false","Verein zur Foerderung eines Deutschen Forschungsne","es-ES","./livestream/master.m3u8","1571404860000","1569888000000",,"Android","6","0","0","1",,"0","0","videojs",,"0","html5","videojs-7.6.0",,"BE","640","360","0","WINDOW","0","rebuffering","hls","1571404904000","925d340f-4c0f-4a50-ade8-c3e2b41fe524","0","1978976","Horus Live","2816","2816","0","Horus Live","0","0","1854734","1854450",,,,,"web"
"v2.5.4","680","0",,"Firefox Mobile","68","0","0",,"berlin","1571404904000","DE","e38eabb7-8317-499f-9f61-40ac07ce0143","Mozilla/5.0 (Android 6.0.1; Mobile; rv:68.0) Gecko/68.0 Firefox/68.0",,,,"afbb677b-a238-4167-8d68-6a21fff0d164","1571356800000","rv:68.0","panoplay.duckdns.org",,,"0","5526",,,"Festival of Lights - Demo","1571403600000","d4b375b3-c4bd-4717-b19a-cbe97d74b3a7","193.175.2.0","false","false","false","Verein zur Foerderung eines Deutschen Forschungsne","es-ES","./livestream/master.m3u8","1571404860000","1569888000000",,"Android","6","0","0","1",,"0","5526","videojs",,"0","html5","videojs-7.6.0",,"BE","640","360","0","WINDOW","0","playing","hls","1571404904000","925d340f-4c0f-4a50-ade8-c3e2b41fe524","0","1978976","Horus Live","2816","2816","0","Horus Live","0","0","1854450","1848955",,,,,"web"
"v2.5.4","680","0",,"Firefox Mobile","68","0","0",,"berlin","1571404910000","DE","e38eabb7-8317-499f-9f61-40ac07ce0143","Mozilla/5.0 (Android 6.0.1; Mobile; rv:68.0) Gecko/68.0 Firefox/68.0",,,,"afbb677b-a238-4167-8d68-6a21fff0d164","1571356800000","rv:68.0","panoplay.duckdns.org",,,"0","5780",,,"Festival of Lights - Demo","1571403600000","d4b375b3-c4bd-4717-b19a-cbe97d74b3a7","193.175.2.0","false","false","false","Verein zur Foerderung eines Deutschen Forschungsne","es-ES","./livestream/master.m3u8","1571404860000","1569888000000",,"Android","6","0","0","1",,"0","5780","videojs",,"0","html5","videojs-7.6.0",,"BE","640","360","0","WINDOW","0","playing","hls","1571404910000","925d340f-4c0f-4a50-ade8-c3e2b41fe524","0","1978976","Horus Live","2816","2816","0","Horus Live","0","0","1860490","1854734",,,,,"web"
"v2.5.4","680","0",,"Firefox Mobile","68","0","137",,"berlin","1571404910000","DE","e38eabb7-8317-499f-9f61-40ac07ce0143","Mozilla/5.0 (Android 6.0.1; Mobile; rv:68.0) Gecko/68.0 Firefox/68.0",,,,"afbb677b-a238-4167-8d68-6a21fff0d164","1571356800000","rv:68.0","panoplay.duckdns.org",,,"0","137",,,"Festival of Lights - Demo","1571403600000","d4b375b3-c4bd-4717-b19a-cbe97d74b3a7","193.175.2.0","false","false","false","Verein zur Foerderung eines Deutschen Forschungsne","es-ES","./livestream/master.m3u8","1571404860000","1569888000000",,"Android","6","0","0","1",,"0","0","videojs",,"0","html5","videojs-7.6.0",,"BE","640","360","0","WINDOW","0","rebuffering","hls","1571404910000","925d340f-4c0f-4a50-ade8-c3e2b41fe524","0","1978976","Horus Live","2816","2816","0","Horus Live","0","0","1860654","1860490",,,,,"web"
"v2.5.4","680","0",,"Firefox Mobile","68","0","0",,"berlin","1571404916000","DE","e38eabb7-8317-499f-9f61-40ac07ce0143","Mozilla/5.0 (Android 6.0.1; Mobile; rv:68.0) Gecko/68.0 Firefox/68.0",,,,"afbb677b-a238-4167-8d68-6a21fff0d164","1571356800000","rv:68.0","panoplay.duckdns.org",,,"0","5860",,,"Festival of Lights - Demo","1571403600000","d4b375b3-c4bd-4717-b19a-cbe97d74b3a7","193.175.2.0","false","false","false","Verein zur Foerderung eines Deutschen Forschungsne","es-ES","./livestream/master.m3u8","1571404860000","1569888000000",,"Android","6","0","0","1",,"0","5860","videojs",,"0","html5","videojs-7.6.0",,"BE","640","360","0","WINDOW","0","playing","hls","1571404916000","925d340f-4c0f-4a50-ade8-c3e2b41fe524","0","1978976","Horus Live","2816","2816","0","Horus Live","0","0","1866476","1860654",,,,,"web"
"v2.5.4","680","0",,"Firefox Mobile","68","0","123",,"berlin","1571404916000","DE","e38eabb7-8317-499f-9f61-40ac07ce0143","Mozilla/5.0 (Android 6.0.1; Mobile; rv:68.0) Gecko/68.0 Firefox/68.0",,,,"afbb677b-a238-4167-8d68-6a21fff0d164","1571356800000","rv:68.0","panoplay.duckdns.org",,,"0","123",,,"Festival of Lights - Demo","1571403600000","d4b375b3-c4bd-4717-b19a-cbe97d74b3a7","193.175.2.0","false","false","false","Verein zur Foerderung eines Deutschen Forschungsne","es-ES","./livestream/master.m3u8","1571404860000","1569888000000",,"Android","6","0","0","1",,"0","0","videojs",,"0","html5","videojs-7.6.0",,"BE","640","360","0","WINDOW","0","rebuffering","hls","1571404916000","925d340f-4c0f-4a50-ade8-c3e2b41fe524","0","1978976","Horus Live","2816","2816","0","Horus Live","0","0","1866638","1866476",,,,,"web"
"v2.5.4","680","0",,"Firefox Mobile","68","0","0",,"berlin","1571404919000","DE","e38eabb7-8317-499f-9f61-40ac07ce0143","Mozilla/5.0 (Android 6.0.1; Mobile; rv:68.0) Gecko/68.0 Firefox/68.0",,,,"afbb677b-a238-4167-8d68-6a21fff0d164","1571356800000","rv:68.0","panoplay.duckdns.org",,,"0","2381",,,"Festival of Lights - Demo","1571403600000","d4b375b3-c4bd-4717-b19a-cbe97d74b3a7","193.175.2.0","false","false","false","Verein zur Foerderung eines Deutschen Forschungsne","es-ES","./livestream/master.m3u8","1571404860000","1569888000000",,"Android","6","0","0","1",,"0","2381","videojs",,"0","html5","videojs-7.6.0",,"BE","640","360","0","WINDOW","0","playing","hls","1571404919000","925d340f-4c0f-4a50-ade8-c3e2b41fe524","0","1978976","Horus Live","2816","2816","0","Horus Live","0","0","1868838","1866638",,,,,"web"
"v2.5.4","680","0",,"Firefox","69","0","0",,"berlin","1571405287000","DE","fec73857-b198-4eea-95b7-c867cb4475d8","Mozilla/5.0 (X11; Fedora; Linux x86_64; rv:69.0) Gecko/20100101 Firefox/69.0",,,,"2d1dc5e8-16f2-4de0-92fe-5acddeb5f0c9","1571356800000","Other","panoplay.duckdns.org",,,"0","47",,,"Festival of Lights - Demo","1571403600000","6568395d-2977-4464-af13-7a052d1e76a6","193.175.2.0","false","false","true","Verein zur Foerderung eines Deutschen Forschungsne","en-US","./livestream/master.m3u8","1571405280000","1569888000000",,"Fedora",,,"372","1",,"0","0","videojs",,"47","html5","videojs-7.6.0",,"BE","900","1600","0","WINDOW","0","setup","hls","1571405287000","d94c2471-d22b-4689-b4f6-7df7f7dc65d9","0","0","Horus Live","0","0","0","Horus Live","0","0","0","0",,,,,"web"
"v2.5.4","680","0",,"Firefox","69","0","0",,"berlin","1571405294000","DE","eaebb4af-a177-4be8-80bf-1f41aed7e063","Mozilla/5.0 (X11; Fedora; Linux x86_64; rv:69.0) Gecko/20100101 Firefox/69.0",,,,"2d1dc5e8-16f2-4de0-92fe-5acddeb5f0c9","1571356800000","Other","panoplay.duckdns.org",,,"0","44",,,"Festival of Lights - Demo","1571403600000","1711ce8b-a0ef-48c7-9962-13326c85a0fd","193.175.2.0","false","false","true","Verein zur Foerderung eines Deutschen Forschungsne","en-US","./livestream/master.m3u8","1571405280000","1569888000000",,"Fedora",,,"324","1",,"0","0","videojs",,"44","html5","videojs-7.6.0",,"BE","900","1600","0","WINDOW","0","setup","hls","1571405294000","d94c2471-d22b-4689-b4f6-7df7f7dc65d9","0","0","Horus Live","0","0","0","Horus Live","0","0","0","0",,,,,"web"
"v2.5.4","680","0",,"Firefox","69","0","0",,"berlin","1571405307000","DE","1effb85c-33a1-4a04-8cb1-0a8290bdb0bc","Mozilla/5.0 (X11; Fedora; Linux x86_64; rv:69.0) Gecko/20100101 Firefox/69.0",,,,"2d1dc5e8-16f2-4de0-92fe-5acddeb5f0c9","1571356800000","Other","panoplay.duckdns.org",,,"0","43",,,"Festival of Lights - Demo","1571403600000","fc138cee-ef91-43ae-96b8-210be8cd6558","193.175.2.0","false","false","true","Verein zur Foerderung eines Deutschen Forschungsne","en-US","./livestream/master.m3u8","1571405280000","1569888000000",,"Fedora",,,"340","1",,"0","0","videojs",,"43","html5","videojs-7.6.0",,"BE","900","1600","0","WINDOW","0","setup","hls","1571405307000","d94c2471-d22b-4689-b4f6-7df7f7dc65d9","0","0","Horus Live","0","0","0","Horus Live","0","0","0","0",,,,,"web"
"v2.5.4","680","0",,"Firefox","69","0","0",,"berlin","1571405395000","DE","a87b5b97-5f03-4c9c-8528-b0afa3f8cf2c","Mozilla/5.0 (X11; Fedora; Linux x86_64; rv:69.0) Gecko/20100101 Firefox/69.0",,,,"2d1dc5e8-16f2-4de0-92fe-5acddeb5f0c9","1571356800000","Other","panoplay.duckdns.org",,,"0","59",,,"Festival of Lights - Demo","1571403600000","b2e6e2b4-0a9e-4554-bd83-e91bc9fc1b4f","193.175.2.0","false","false","true","Verein zur Foerderung eines Deutschen Forschungsne","en-US","./livestream/master.m3u8","1571405340000","1569888000000",,"Fedora",,,"439","1",,"0","0","videojs",,"59","html5","videojs-7.6.0",,"BE","900","1600","0","WINDOW","0","setup","hls","1571405395000","d94c2471-d22b-4689-b4f6-7df7f7dc65d9","0","0","Horus Live","0","0","0","Horus Live","0","0","0","0",,,,,"web"
"v2.5.4","680","0",,"Firefox","69","0","0",,"berlin","1571405401000","DE","edf9801b-978a-46a7-8d81-ac28278651ef","Mozilla/5.0 (X11; Fedora; Linux x86_64; rv:69.0) Gecko/20100101 Firefox/69.0",,,,"2d1dc5e8-16f2-4de0-92fe-5acddeb5f0c9","1571356800000","Other","panoplay.duckdns.org",,,"0","44",,,"Festival of Lights - Demo","1571403600000","0f14930a-766b-49ed-a41f-bdaf64054d83","193.175.2.0","false","false","true","Verein zur Foerderung eines Deutschen Forschungsne","en-US","./livestream/master.m3u8","1571405400000","1569888000000",,"Fedora",,,"554","1",,"0","0","videojs",,"44","html5","videojs-7.6.0",,"BE","900","1600","0","WINDOW","0","setup","hls","1571405401000","d94c2471-d22b-4689-b4f6-7df7f7dc65d9","0","0","Horus Live","0","0","0","Horus Live","0","0","0","0",,,,,"web"
"v2.5.4","680","0",,"Firefox","69","0","0",,"berlin","1571405405000","DE","1468c048-b932-4910-94b8-7a6183791caa","Mozilla/5.0 (X11; Fedora; Linux x86_64; rv:69.0) Gecko/20100101 Firefox/69.0",,,,"2d1dc5e8-16f2-4de0-92fe-5acddeb5f0c9","1571356800000","Other","panoplay.duckdns.org",,,"0","48",,,"Festival of Lights - Demo","1571403600000","37cba29b-24fe-4f13-88c9-894aefe7a7e6","193.175.2.0","false","false","true","Verein zur Foerderung eines Deutschen Forschungsne","en-US","./livestream/master.m3u8","1571405400000","1569888000000",,"Fedora",,,"373","1",,"0","0","videojs",,"48","html5","videojs-7.6.0",,"BE","900","1600","0","WINDOW","0","setup","hls","1571405405000","d94c2471-d22b-4689-b4f6-7df7f7dc65d9","0","0","Horus Live","0","0","0","Horus Live","0","0","0","0",,,,,"web"
"v2.5.4","680","0",,"Firefox","69","0","0",,"berlin","1571406183000","DE","fda37b6d-4cd2-4525-ba9d-6b3b47e59344","Mozilla/5.0 (X11; Fedora; Linux x86_64; rv:69.0) Gecko/20100101 Firefox/69.0",,,,"2d1dc5e8-16f2-4de0-92fe-5acddeb5f0c9","1571356800000","Other","panoplay.duckdns.org",,,"0","44",,,"Festival of Lights - Demo","1571403600000","014716e8-8d4b-46e8-81c2-532b2d90b5a2","193.175.2.0","false","false","true","Verein zur Foerderung eines Deutschen Forschungsne","en-US",,"1571406180000","1569888000000","./livestream/manifest.mpd","Fedora",,,"344","1",,"0","0","videojs",,"44","html5","videojs-7.6.0",,"BE","900","1600","0","WINDOW","0","setup","dash","1571406183000","d94c2471-d22b-4689-b4f6-7df7f7dc65d9","0","0","Horus Live","0","0","0","Horus Live","0","0","0","0",,,,,"web"
"v2.5.4","680","0",,"Firefox","69","0","0",,"berlin","1571406184000","DE","fda37b6d-4cd2-4525-ba9d-6b3b47e59344","Mozilla/5.0 (X11; Fedora; Linux x86_64; rv:69.0) Gecko/20100101 Firefox/69.0",,,,"2d1dc5e8-16f2-4de0-92fe-5acddeb5f0c9","1571356800000","Other","panoplay.duckdns.org",,,"0","0",,,"Festival of Lights - Demo","1571403600000","014716e8-8d4b-46e8-81c2-532b2d90b5a2","193.175.2.0","false","true","true","Verein zur Foerderung eines Deutschen Forschungsne","en-US",,"1571406180000","1569888000000","./livestream/manifest.mpd","Fedora",,,"0","1",,"0","0","videojs",,"0","html5","videojs-7.6.0",,"BE","900","1600","0","WINDOW","0","qualitychange","dash","1571406184000","d94c2471-d22b-4689-b4f6-7df7f7dc65d9","4038489",,"Horus Live","2816","2816","0","Horus Live","0","0","400000","400000",,,,,"web"
"v2.5.4","680","0",,"Firefox","69","0","0",,"berlin","1571406184000","DE","fda37b6d-4cd2-4525-ba9d-6b3b47e59344","Mozilla/5.0 (X11; Fedora; Linux x86_64; rv:69.0) Gecko/20100101 Firefox/69.0",,,,"2d1dc5e8-16f2-4de0-92fe-5acddeb5f0c9","1571356800000","Other","panoplay.duckdns.org",,,"0","2",,,"Festival of Lights - Demo","1571403600000","014716e8-8d4b-46e8-81c2-532b2d90b5a2","193.175.2.0","false","true","true","Verein zur Foerderung eines Deutschen Forschungsne","en-US",,"1571406180000","1569888000000","./livestream/manifest.mpd","Fedora",,,"0","1",,"0","2","videojs",,"0","html5","videojs-7.6.0",,"BE","900","1600","0","WINDOW","0","playing","dash","1571406184000","d94c2471-d22b-4689-b4f6-7df7f7dc65d9","0",,"Horus Live","2816","2816","0","Horus Live","0","0","400000","400000",,,,,"web"
"v2.5.4","680","0","true","Firefox","69","0","0",,"berlin","1571406184000","DE","fda37b6d-4cd2-4525-ba9d-6b3b47e59344","Mozilla/5.0 (X11; Fedora; Linux x86_64; rv:69.0) Gecko/20100101 Firefox/69.0",,,,"2d1dc5e8-16f2-4de0-92fe-5acddeb5f0c9","1571356800000","Other","panoplay.duckdns.org",,,"0","1147",,,"Festival of Lights - Demo","1571403600000","014716e8-8d4b-46e8-81c2-532b2d90b5a2","193.175.2.0","false","true","true","Verein zur Foerderung eines Deutschen Forschungsne","en-US",,"1571406180000","1569888000000","./livestream/manifest.mpd","Fedora",,,"0","1",,"0","0","videojs",,"0","html5","videojs-7.6.0",,"BE","900","1600","0","WINDOW","1191","startup","dash","1571406184000","d94c2471-d22b-4689-b4f6-7df7f7dc65d9","0",,"Horus Live","2816","2816","1147","Horus Live","0","0","400000","0",,,,,"web"
"v2.5.4","680","0",,"Firefox","69","0","0",,"berlin","1571406185000","DE","fda37b6d-4cd2-4525-ba9d-6b3b47e59344","Mozilla/5.0 (X11; Fedora; Linux x86_64; rv:69.0) Gecko/20100101 Firefox/69.0",,,,"2d1dc5e8-16f2-4de0-92fe-5acddeb5f0c9","1571356800000","Other","panoplay.duckdns.org",,,"0","556",,,"Festival of Lights - Demo","1571403600000","014716e8-8d4b-46e8-81c2-532b2d90b5a2","193.175.2.0","false","true","true","Verein zur Foerderung eines Deutschen Forschungsne","en-US",,"1571406180000","1569888000000","./livestream/manifest.mpd","Fedora",,,"0","1",,"0","556","videojs",,"0","html5","videojs-7.6.0",,"BE","900","1600","0","WINDOW","0","playing","dash","1571406185000","d94c2471-d22b-4689-b4f6-7df7f7dc65d9","4038489",,"Horus Live","2816","2816","0","Horus Live","0","0","400442","400000",,,,,"web"
"v2.5.4","680","0",,"Firefox","69","0","712",,"berlin","1571406186000","DE","fda37b6d-4cd2-4525-ba9d-6b3b47e59344","Mozilla/5.0 (X11; Fedora; Linux x86_64; rv:69.0) Gecko/20100101 Firefox/69.0",,,,"2d1dc5e8-16f2-4de0-92fe-5acddeb5f0c9","1571356800000","Other","panoplay.duckdns.org",,,"0","712",,,"Festival of Lights - Demo","1571403600000","014716e8-8d4b-46e8-81c2-532b2d90b5a2","193.175.2.0","false","true","true","Verein zur Foerderung eines Deutschen Forschungsne","en-US",,"1571406180000","1569888000000","./livestream/manifest.mpd","Fedora",,,"0","1",,"0","0","videojs",,"0","html5","videojs-7.6.0",,"BE","900","1600","0","WINDOW","0","rebuffering","dash","1571406186000","d94c2471-d22b-4689-b4f6-7df7f7dc65d9","4038489",,"Horus Live","2816","2816","0","Horus Live","0","0","400443","400442",,,,,"web"
"v2.5.4","680","0",,"Firefox","69","0","0",,"berlin","1571406245000","DE","fda37b6d-4cd2-4525-ba9d-6b3b47e59344","Mozilla/5.0 (X11; Fedora; Linux x86_64; rv:69.0) Gecko/20100101 Firefox/69.0",,,,"2d1dc5e8-16f2-4de0-92fe-5acddeb5f0c9","1571356800000","Other","panoplay.duckdns.org",,,"0","59706",,,"Festival of Lights - Demo","1571403600000","014716e8-8d4b-46e8-81c2-532b2d90b5a2","193.175.2.0","false","true","true","Verein zur Foerderung eines Deutschen Forschungsne","en-US",,"1571406240000","1569888000000","./livestream/manifest.mpd","Fedora",,,"0","1",,"0","59706","videojs",,"0","html5","videojs-7.6.0",,"BE","900","1600","0","WINDOW","0","playing","dash","1571406245000","d94c2471-d22b-4689-b4f6-7df7f7dc65d9","4038489",,"Horus Live","2816","2816","0","Horus Live","0","0","460095","400443",,,,,"web"
"v2.5.4","680","0",,"Firefox","69","0","0",,"berlin","1571406250000","DE","fda37b6d-4cd2-4525-ba9d-6b3b47e59344","Mozilla/5.0 (X11; Fedora; Linux x86_64; rv:69.0) Gecko/20100101 Firefox/69.0",,,,"2d1dc5e8-16f2-4de0-92fe-5acddeb5f0c9","1571356800000","Other","panoplay.duckdns.org",,,"0","4738",,,"Festival of Lights - Demo","1571403600000","014716e8-8d4b-46e8-81c2-532b2d90b5a2","193.175.2.0","false","true","true","Verein zur Foerderung eines Deutschen Forschungsne","en-US",,"1571406240000","1569888000000","./livestream/manifest.mpd","Fedora",,,"0","1",,"0","4738","videojs",,"0","html5","videojs-7.6.0",,"BE","900","1600","0","WINDOW","0","playing","dash","1571406250000","d94c2471-d22b-4689-b4f6-7df7f7dc65d9","4038489",,"Horus Live","2816","2816","0","Horus Live","0","0","464868","460095",,,,,"web"
"v2.5.4","680","0",,"Firefox","69","0","0",,"berlin","1571406250000","DE","1033399b-6584-4368-b01b-c28cbb36cd3f","Mozilla/5.0 (X11; Fedora; Linux x86_64; rv:69.0) Gecko/20100101 Firefox/69.0",,,,"2d1dc5e8-16f2-4de0-92fe-5acddeb5f0c9","1571356800000","Other","panoplay.duckdns.org",,,"0","59",,,"Festival of Lights - Demo","1571403600000","b45981c8-bbd6-454f-81d1-7e8bb854f643","193.175.2.0","false","false","true","Verein zur Foerderung eines Deutschen Forschungsne","en-US",,"1571406240000","1569888000000","./livestream/manifest.mpd","Fedora",,,"369","1",,"0","0","videojs",,"59","html5","videojs-7.6.0",,"BE","900","1600","0","WINDOW","0","setup","dash","1571406250000","d94c2471-d22b-4689-b4f6-7df7f7dc65d9","0","0","Horus Live","0","0","0","Horus Live","0","0","0","0",,,,,"web"
"v2.5.4","680","0",,"Firefox","69","0","0",,"berlin","1571406252000","DE","1033399b-6584-4368-b01b-c28cbb36cd3f","Mozilla/5.0 (X11; Fedora; Linux x86_64; rv:69.0) Gecko/20100101 Firefox/69.0",,,,"2d1dc5e8-16f2-4de0-92fe-5acddeb5f0c9","1571356800000","Other","panoplay.duckdns.org",,,"0","2",,,"Festival of Lights - Demo","1571403600000","b45981c8-bbd6-454f-81d1-7e8bb854f643","193.175.2.0","false","true","true","Verein zur Foerderung eines Deutschen Forschungsne","en-US",,"1571406240000","1569888000000","./livestream/manifest.mpd","Fedora",,,"0","1",,"0","2","videojs",,"0","html5","videojs-7.6.0",,"BE","900","1600","0","WINDOW","0","playing","dash","1571406252000","d94c2471-d22b-4689-b4f6-7df7f7dc65d9","0",,"Horus Live","2816","2816","0","Horus Live","0","0","466000","466000",,,,,"web"
"v2.5.4","680","0",,"Firefox","69","0","0",,"berlin","1571406252000","DE","1033399b-6584-4368-b01b-c28cbb36cd3f","Mozilla/5.0 (X11; Fedora; Linux x86_64; rv:69.0) Gecko/20100101 Firefox/69.0",,,,"2d1dc5e8-16f2-4de0-92fe-5acddeb5f0c9","1571356800000","Other","panoplay.duckdns.org",,,"0","0",,,"Festival of Lights - Demo","1571403600000","b45981c8-bbd6-454f-81d1-7e8bb854f643","193.175.2.0","false","true","true","Verein zur Foerderung eines Deutschen Forschungsne","en-US",,"1571406240000","1569888000000","./livestream/manifest.mpd","Fedora",,,"0","1",,"0","0","videojs",,"0","html5","videojs-7.6.0",,"BE","900","1600","0","WINDOW","0","qualitychange","dash","1571406252000","d94c2471-d22b-4689-b4f6-7df7f7dc65d9","4038489",,"Horus Live","2816","2816","0","Horus Live","0","0","466000","466000",,,,,"web"
"v2.5.4","680","0","true","Firefox","69","0","0",,"berlin","1571406252000","DE","1033399b-6584-4368-b01b-c28cbb36cd3f","Mozilla/5.0 (X11; Fedora; Linux x86_64; rv:69.0) Gecko/20100101 Firefox/69.0",,,,"2d1dc5e8-16f2-4de0-92fe-5acddeb5f0c9","1571356800000","Other","panoplay.duckdns.org",,,"0","1212",,,"Festival of Lights - Demo","1571403600000","b45981c8-bbd6-454f-81d1-7e8bb854f643","193.175.2.0","false","true","true","Verein zur Foerderung eines Deutschen Forschungsne","en-US",,"1571406240000","1569888000000","./livestream/manifest.mpd","Fedora",,,"0","1",,"0","0","videojs",,"0","html5","videojs-7.6.0",,"BE","900","1600","0","WINDOW","1271","startup","dash","1571406252000","d94c2471-d22b-4689-b4f6-7df7f7dc65d9","0",,"Horus Live","2816","2816","1212","Horus Live","0","0","466000","0",,,,,"web"
"v2.5.4","680","0",,"Firefox","69","0","0",,"berlin","1571406312000","DE","1033399b-6584-4368-b01b-c28cbb36cd3f","Mozilla/5.0 (X11; Fedora; Linux x86_64; rv:69.0) Gecko/20100101 Firefox/69.0",,,,"2d1dc5e8-16f2-4de0-92fe-5acddeb5f0c9","1571356800000","Other","panoplay.duckdns.org",,,"0","59846",,,"Festival of Lights - Demo","1571403600000","b45981c8-bbd6-454f-81d1-7e8bb854f643","193.175.2.0","false","true","true","Verein zur Foerderung eines Deutschen Forschungsne","en-US",,"1571406300000","1569888000000","./livestream/manifest.mpd","Fedora",,,"0","1",,"0","59846","videojs",,"0","html5","videojs-7.6.0",,"BE","900","1600","0","WINDOW","0","playing","dash","1571406312000","d94c2471-d22b-4689-b4f6-7df7f7dc65d9","4038489",,"Horus Live","2816","2816","0","Horus Live","0","0","525823","466000",,,,,"web"
"v2.5.4","680","0",,"Firefox","69","0","0",,"berlin","1571406371000","DE","1033399b-6584-4368-b01b-c28cbb36cd3f","Mozilla/5.0 (X11; Fedora; Linux x86_64; rv:69.0) Gecko/20100101 Firefox/69.0",,,,"2d1dc5e8-16f2-4de0-92fe-5acddeb5f0c9","1571356800000","Other","panoplay.duckdns.org",,,"0","59722",,,"Festival of Lights - Demo","1571403600000","b45981c8-bbd6-454f-81d1-7e8bb854f643","193.175.2.0","false","true","true","Verein zur Foerderung eines Deutschen Forschungsne","en-US",,"1571406360000","1569888000000","./livestream/manifest.mpd","Fedora",,,"0","1",,"0","59722","videojs",,"0","html5","videojs-7.6.0",,"BE","900","1600","0","WINDOW","0","playing","dash","1571406371000","d94c2471-d22b-4689-b4f6-7df7f7dc65d9","4038489",,"Horus Live","2816","2816","0","Horus Live","0","0","585515","525823",,,,,"web"
"v2.5.4","680","0",,"Firefox","69","0","0",,"berlin","1571406431000","DE","1033399b-6584-4368-b01b-c28cbb36cd3f","Mozilla/5.0 (X11; Fedora; Linux x86_64; rv:69.0) Gecko/20100101 Firefox/69.0",,,,"2d1dc5e8-16f2-4de0-92fe-5acddeb5f0c9","1571356800000","Other","panoplay.duckdns.org",,,"0","59728",,,"Festival of Lights - Demo","1571403600000","b45981c8-bbd6-454f-81d1-7e8bb854f643","193.175.2.0","false","true","true","Verein zur Foerderung eines Deutschen Forschungsne","en-US",,"1571406420000","1569888000000","./livestream/manifest.mpd","Fedora",,,"0","1",,"0","59728","videojs",,"0","html5","videojs-7.6.0",,"BE","900","1600","0","WINDOW","0","playing","dash","1571406431000","d94c2471-d22b-4689-b4f6-7df7f7dc65d9","4038489",,"Horus Live","2816","2816","0","Horus Live","0","0","645279","585515",,,,,"web"
"v2.5.4","680","0",,"Firefox","69","0","0",,"berlin","1571406486000","DE","1033399b-6584-4368-b01b-c28cbb36cd3f","Mozilla/5.0 (X11; Fedora; Linux x86_64; rv:69.0) Gecko/20100101 Firefox/69.0",,,,"2d1dc5e8-16f2-4de0-92fe-5acddeb5f0c9","1571356800000","Other","panoplay.duckdns.org",,,"0","55144",,,"Festival of Lights - Demo","1571403600000","b45981c8-bbd6-454f-81d1-7e8bb854f643","193.175.2.0","false","true","true","Verein zur Foerderung eines Deutschen Forschungsne","en-US",,"1571406480000","1569888000000","./livestream/manifest.mpd","Fedora",,,"0","1",,"0","55144","videojs",,"0","html5","videojs-7.6.0",,"BE","900","1600","0","WINDOW","0","playing","dash","1571406486000","d94c2471-d22b-4689-b4f6-7df7f7dc65d9","4038489",,"Horus Live","2816","2816","0","Horus Live","0","0","700377","645279",,,,,"web"
"v2.5.4","680","0",,"Firefox","69","0","0",,"berlin","1571406509000","DE","1033399b-6584-4368-b01b-c28cbb36cd3f","Mozilla/5.0 (X11; Fedora; Linux x86_64; rv:69.0) Gecko/20100101 Firefox/69.0",,,,"2d1dc5e8-16f2-4de0-92fe-5acddeb5f0c9","1571356800000","Other","panoplay.duckdns.org",,,"0","22731",,,"Festival of Lights - Demo","1571403600000","b45981c8-bbd6-454f-81d1-7e8bb854f643","193.175.2.0","false","true","true","Verein zur Foerderung eines Deutschen Forschungsne","en-US",,"1571406480000","1569888000000","./livestream/manifest.mpd","Fedora",,,"0","1",,"22731","0","videojs",,"0","html5","videojs-7.6.0",,"BE","900","1600","0","WINDOW","0","pause","dash","1571406509000","d94c2471-d22b-4689-b4f6-7df7f7dc65d9","4038489",,"Horus Live","2816","2816","0","Horus Live","0","0","724282","700377",,,,,"web"
"v2.5.4","680","0",,"Firefox","69","0","162",,"berlin","1571406509000","DE","1033399b-6584-4368-b01b-c28cbb36cd3f","Mozilla/5.0 (X11; Fedora; Linux x86_64; rv:69.0) Gecko/20100101 Firefox/69.0",,,,"2d1dc5e8-16f2-4de0-92fe-5acddeb5f0c9","1571356800000","Other","panoplay.duckdns.org",,,"0","162",,,"Festival of Lights - Demo","1571403600000","b45981c8-bbd6-454f-81d1-7e8bb854f643","193.175.2.0","false","true","true","Verein zur Foerderung eines Deutschen Forschungsne","en-US",,"1571406480000","1569888000000","./livestream/manifest.mpd","Fedora",,,"0","1",,"0","0","videojs",,"0","html5","videojs-7.6.0",,"BE","900","1600","0","WINDOW","0","rebuffering","dash","1571406509000","d94c2471-d22b-4689-b4f6-7df7f7dc65d9","4038489",,"Horus Live","2816","2816","0","Horus Live","0","0","724282","724282",,,,,"web"
"v2.5.4","680","0",,"Firefox","69","0","0",,"berlin","1571406509000","DE","1033399b-6584-4368-b01b-c28cbb36cd3f","Mozilla/5.0 (X11; Fedora; Linux x86_64; rv:69.0) Gecko/20100101 Firefox/69.0",,,,"2d1dc5e8-16f2-4de0-92fe-5acddeb5f0c9","1571356800000","Other","panoplay.duckdns.org",,,"0","4",,,"Festival of Lights - Demo","1571403600000","b45981c8-bbd6-454f-81d1-7e8bb854f643","193.175.2.0","false","true","true","Verein zur Foerderung eines Deutschen Forschungsne","en-US",,"1571406480000","1569888000000","./livestream/manifest.mpd","Fedora",,,"0","1",,"0","4","videojs",,"0","html5","videojs-7.6.0",,"BE","900","1600","0","WINDOW","0","playing","dash","1571406509000","d94c2471-d22b-4689-b4f6-7df7f7dc65d9","4038489",,"Horus Live","2816","2816","0","Horus Live","0","0","724282","724282",,,,,"web"
"v2.5.4","680","0",,"Firefox","69","0","0",,"berlin","1571406517000","DE","1033399b-6584-4368-b01b-c28cbb36cd3f","Mozilla/5.0 (X11; Fedora; Linux x86_64; rv:69.0) Gecko/20100101 Firefox/69.0",,,,"2d1dc5e8-16f2-4de0-92fe-5acddeb5f0c9","1571356800000","Other","panoplay.duckdns.org",,,"0","7644",,,"Festival of Lights - Demo","1571403600000","b45981c8-bbd6-454f-81d1-7e8bb854f643","193.175.2.0","false","true","true","Verein zur Foerderung eines Deutschen Forschungsne","en-US",,"1571406480000","1569888000000","./livestream/manifest.mpd","Fedora",,,"0","1",,"0","7644","videojs",,"0","html5","videojs-7.6.0",,"BE","900","1600","0","WINDOW","0","playing","dash","1571406517000","d94c2471-d22b-4689-b4f6-7df7f7dc65d9","4038489",,"Horus Live","2816","2816","0","Horus Live","0","0","731790","724282",,,,,"web"
"v2.5.4","680","0",,"Firefox","69","0","0",,"berlin","1571406517000","DE","fd357157-cf86-46a3-bcb8-b8448aa81aaf","Mozilla/5.0 (X11; Fedora; Linux x86_64; rv:69.0) Gecko/20100101 Firefox/69.0",,,,"2d1dc5e8-16f2-4de0-92fe-5acddeb5f0c9","1571356800000","Other","panoplay.duckdns.org",,,"0","69",,,"Festival of Lights - Demo","1571403600000","c3cd0462-af64-49f0-be78-8f04bbd1f62f","193.175.2.0","false","false","true","Verein zur Foerderung eines Deutschen Forschungsne","en-US",,"1571406480000","1569888000000","./livestream/manifest.mpd","Fedora",,,"730","1",,"0","0","videojs",,"69","html5","videojs-7.6.0",,"BE","900","1600","0","WINDOW","0","setup","dash","1571406517000","d94c2471-d22b-4689-b4f6-7df7f7dc65d9","0","0","Horus Live","0","0","0","Horus Live","0","0","0","0",,,,,"web"
"v2.5.4","680","0",,"Firefox","69","0","0",,"berlin","1571406519000","DE","fd357157-cf86-46a3-bcb8-b8448aa81aaf","Mozilla/5.0 (X11; Fedora; Linux x86_64; rv:69.0) Gecko/20100101 Firefox/69.0",,,,"2d1dc5e8-16f2-4de0-92fe-5acddeb5f0c9","1571356800000","Other","panoplay.duckdns.org",,,"0","4",,,"Festival of Lights - Demo","1571403600000","c3cd0462-af64-49f0-be78-8f04bbd1f62f","193.175.2.0","false","true","true","Verein zur Foerderung eines Deutschen Forschungsne","en-US",,"1571406480000","1569888000000","./livestream/manifest.mpd","Fedora",,,"0","1",,"0","4","videojs",,"0","html5","videojs-7.6.0",,"BE","900","1600","0","WINDOW","0","playing","dash","1571406519000","d94c2471-d22b-4689-b4f6-7df7f7dc65d9","0",,"Horus Live","2816","2816","0","Horus Live","0","0","734000","734000",,,,,"web"
"v2.5.4","680","0",,"Firefox","69","0","0",,"berlin","1571406519000","DE","fd357157-cf86-46a3-bcb8-b8448aa81aaf","Mozilla/5.0 (X11; Fedora; Linux x86_64; rv:69.0) Gecko/20100101 Firefox/69.0",,,,"2d1dc5e8-16f2-4de0-92fe-5acddeb5f0c9","1571356800000","Other","panoplay.duckdns.org",,,"0","0",,,"Festival of Lights - Demo","1571403600000","c3cd0462-af64-49f0-be78-8f04bbd1f62f","193.175.2.0","false","true","true","Verein zur Foerderung eines Deutschen Forschungsne","en-US",,"1571406480000","1569888000000","./livestream/manifest.mpd","Fedora",,,"0","1",,"0","0","videojs",,"0","html5","videojs-7.6.0",,"BE","900","1600","0","WINDOW","0","qualitychange","dash","1571406519000","d94c2471-d22b-4689-b4f6-7df7f7dc65d9","4038489",,"Horus Live","2816","2816","0","Horus Live","0","0","734000","734000",,,,,"web"
"v2.5.4","680","0","true","Firefox","69","0","0",,"berlin","1571406519000","DE","fd357157-cf86-46a3-bcb8-b8448aa81aaf","Mozilla/5.0 (X11; Fedora; Linux x86_64; rv:69.0) Gecko/20100101 Firefox/69.0",,,,"2d1dc5e8-16f2-4de0-92fe-5acddeb5f0c9","1571356800000","Other","panoplay.duckdns.org",,,"0","1305",,,"Festival of Lights - Demo","1571403600000","c3cd0462-af64-49f0-be78-8f04bbd1f62f","193.175.2.0","false","true","true","Verein zur Foerderung eines Deutschen Forschungsne","en-US",,"1571406480000","1569888000000","./livestream/manifest.mpd","Fedora",,,"0","1",,"0","0","videojs",,"0","html5","videojs-7.6.0",,"BE","900","1600","0","WINDOW","1374","startup","dash","1571406519000","d94c2471-d22b-4689-b4f6-7df7f7dc65d9","0",,"Horus Live","2816","2816","1305","Horus Live","0","0","734000","0",,,,,"web"
"v2.5.4","680","0",,"Firefox","69","0","0",,"berlin","1571406520000","DE","fd357157-cf86-46a3-bcb8-b8448aa81aaf","Mozilla/5.0 (X11; Fedora; Linux x86_64; rv:69.0) Gecko/20100101 Firefox/69.0",,,,"2d1dc5e8-16f2-4de0-92fe-5acddeb5f0c9","1571356800000","Other","panoplay.duckdns.org",,,"0","1106",,,"Festival of Lights - Demo","1571403600000","c3cd0462-af64-49f0-be78-8f04bbd1f62f","193.175.2.0","false","true","true","Verein zur Foerderung eines Deutschen Forschungsne","en-US",,"1571406480000","1569888000000","./livestream/manifest.mpd","Fedora",,,"0","1",,"0","1106","videojs",,"0","html5","videojs-7.6.0",,"BE","900","1600","0","WINDOW","0","playing","dash","1571406520000","d94c2471-d22b-4689-b4f6-7df7f7dc65d9","4038489",,"Horus Live","2816","2816","0","Horus Live","0","0","735128","734000",,,,,"web"
"v2.5.4","680","0",,"Firefox","69","0","3079",,"berlin","1571406523000","DE","fd357157-cf86-46a3-bcb8-b8448aa81aaf","Mozilla/5.0 (X11; Fedora; Linux x86_64; rv:69.0) Gecko/20100101 Firefox/69.0",,,,"2d1dc5e8-16f2-4de0-92fe-5acddeb5f0c9","1571356800000","Other","panoplay.duckdns.org",,,"0","3079",,,"Festival of Lights - Demo","1571403600000","c3cd0462-af64-49f0-be78-8f04bbd1f62f","193.175.2.0","false","true","true","Verein zur Foerderung eines Deutschen Forschungsne","en-US",,"1571406480000","1569888000000","./livestream/manifest.mpd","Fedora",,,"0","1",,"0","0","videojs",,"0","html5","videojs-7.6.0",,"BE","900","1600","0","WINDOW","0","rebuffering","dash","1571406523000","d94c2471-d22b-4689-b4f6-7df7f7dc65d9","4038489",,"Horus Live","2816","2816","0","Horus Live","0","0","735169","735128",,,,,"web"
"v2.5.4","680","0",,"Firefox","69","0","0",,"berlin","1571406583000","DE","fd357157-cf86-46a3-bcb8-b8448aa81aaf","Mozilla/5.0 (X11; Fedora; Linux x86_64; rv:69.0) Gecko/20100101 Firefox/69.0",,,,"2d1dc5e8-16f2-4de0-92fe-5acddeb5f0c9","1571356800000","Other","panoplay.duckdns.org",,,"0","59745",,,"Festival of Lights - Demo","1571403600000","c3cd0462-af64-49f0-be78-8f04bbd1f62f","193.175.2.0","false","true","true","Verein zur Foerderung eines Deutschen Forschungsne","en-US",,"1571406540000","1569888000000","./livestream/manifest.mpd","Fedora",,,"0","1",,"0","59745","videojs",,"0","html5","videojs-7.6.0",,"BE","900","1600","0","WINDOW","0","playing","dash","1571406583000","d94c2471-d22b-4689-b4f6-7df7f7dc65d9","4038489",,"Horus Live","2816","2816","0","Horus Live","0","0","794965","735169",,,,,"web"
"v2.5.4","680","0",,"Firefox","69","0","0",,"berlin","1571406589000","DE","fd357157-cf86-46a3-bcb8-b8448aa81aaf","Mozilla/5.0 (X11; Fedora; Linux x86_64; rv:69.0) Gecko/20100101 Firefox/69.0",,,,"2d1dc5e8-16f2-4de0-92fe-5acddeb5f0c9","1571356800000","Other","panoplay.duckdns.org",,,"0","6642",,,"Festival of Lights - Demo","1571403600000","c3cd0462-af64-49f0-be78-8f04bbd1f62f","193.175.2.0","false","true","true","Verein zur Foerderung eines Deutschen Forschungsne","en-US",,"1571406540000","1569888000000","./livestream/manifest.mpd","Fedora",,,"0","1",,"0","6642","videojs",,"0","html5","videojs-7.6.0",,"BE","900","1600","0","WINDOW","0","playing","dash","1571406589000","d94c2471-d22b-4689-b4f6-7df7f7dc65d9","4038489",,"Horus Live","2816","2816","0","Horus Live","0","0","801588","794965",,,,,"web"
"v2.5.4","680","0",,"Firefox","69","0","0",,"berlin","1571406590000","DE","eb31d20f-1d18-4511-92e2-b9ca4bcf5090","Mozilla/5.0 (X11; Fedora; Linux x86_64; rv:69.0) Gecko/20100101 Firefox/69.0",,,,"2d1dc5e8-16f2-4de0-92fe-5acddeb5f0c9","1571356800000","Other","panoplay.duckdns.org",,,"0","72",,,"Festival of Lights - Demo","1571403600000","de3c00d6-8d77-4040-ba9e-5592caf26e49","193.175.2.0","false","false","true","Verein zur Foerderung eines Deutschen Forschungsne","en-US","./livestream/master.m3u8","1571406540000","1569888000000",,"Fedora",,,"716","1",,"0","0","videojs",,"72","html5","videojs-7.6.0",,"BE","900","1600","0","WINDOW","0","setup","hls","1571406590000","d94c2471-d22b-4689-b4f6-7df7f7dc65d9","0","0","Horus Live","0","0","0","Horus Live","0","0","0","0",,,,,"web"
"v2.5.4","680","0","true","Firefox","69","0","0",,"berlin","1571406591000","DE","eb31d20f-1d18-4511-92e2-b9ca4bcf5090","Mozilla/5.0 (X11; Fedora; Linux x86_64; rv:69.0) Gecko/20100101 Firefox/69.0",,,,"2d1dc5e8-16f2-4de0-92fe-5acddeb5f0c9","1571356800000","Other","panoplay.duckdns.org",,,"0","743",,,"Festival of Lights - Demo","1571403600000","de3c00d6-8d77-4040-ba9e-5592caf26e49","193.175.2.0","false","true","true","Verein zur Foerderung eines Deutschen Forschungsne","en-US","./livestream/master.m3u8","1571406540000","1569888000000",,"Fedora",,,"0","1",,"0","0","videojs",,"0","html5","videojs-7.6.0",,"BE","900","1600","0","WINDOW","815","startup","hls","1571406591000","d94c2471-d22b-4689-b4f6-7df7f7dc65d9","0",,"Horus Live","2816","2816","743","Horus Live","0","0","794794","0",,,,,"web"
"v2.5.4","680","0",,"Firefox","69","0","0",,"berlin","1571406591000","DE","eb31d20f-1d18-4511-92e2-b9ca4bcf5090","Mozilla/5.0 (X11; Fedora; Linux x86_64; rv:69.0) Gecko/20100101 Firefox/69.0",,,,"2d1dc5e8-16f2-4de0-92fe-5acddeb5f0c9","1571356800000","Other","panoplay.duckdns.org",,,"0","0",,,"Festival of Lights - Demo","1571403600000","de3c00d6-8d77-4040-ba9e-5592caf26e49","193.175.2.0","false","true","true","Verein zur Foerderung eines Deutschen Forschungsne","en-US","./livestream/master.m3u8","1571406540000","1569888000000",,"Fedora",,,"0","1",,"0","0","videojs",,"0","html5","videojs-7.6.0",,"BE","900","1600","0","WINDOW","0","qualitychange","hls","1571406591000","d94c2471-d22b-4689-b4f6-7df7f7dc65d9","8000000",,"Horus Live","2816","2816","0","Horus Live","0","0","794794","794794",,,,,"web"
"v2.5.4","680","0",,"Firefox","69","0","0",,"berlin","1571406591000","DE","eb31d20f-1d18-4511-92e2-b9ca4bcf5090","Mozilla/5.0 (X11; Fedora; Linux x86_64; rv:69.0) Gecko/20100101 Firefox/69.0",,,,"2d1dc5e8-16f2-4de0-92fe-5acddeb5f0c9","1571356800000","Other","panoplay.duckdns.org",,,"0","10",,,"Festival of Lights - Demo","1571403600000","de3c00d6-8d77-4040-ba9e-5592caf26e49","193.175.2.0","false","true","true","Verein zur Foerderung eines Deutschen Forschungsne","en-US","./livestream/master.m3u8","1571406540000","1569888000000",,"Fedora",,,"0","1",,"0","10","videojs",,"0","html5","videojs-7.6.0",,"BE","900","1600","0","WINDOW","0","playing","hls","1571406591000","d94c2471-d22b-4689-b4f6-7df7f7dc65d9","0",,"Horus Live","2816","2816","0","Horus Live","0","0","794794","794794",,,,,"web"
"v2.5.4","680","0",,"Firefox","69","0","0",,"berlin","1571406597000","DE","eb31d20f-1d18-4511-92e2-b9ca4bcf5090","Mozilla/5.0 (X11; Fedora; Linux x86_64; rv:69.0) Gecko/20100101 Firefox/69.0",,,,"2d1dc5e8-16f2-4de0-92fe-5acddeb5f0c9","1571356800000","Other","panoplay.duckdns.org",,,"0","6082",,,"Festival of Lights - Demo","1571403600000","de3c00d6-8d77-4040-ba9e-5592caf26e49","193.175.2.0","false","true","true","Verein zur Foerderung eines Deutschen Forschungsne","en-US","./livestream/master.m3u8","1571406540000","1569888000000",,"Fedora",,,"0","1",,"0","6082","videojs",,"0","html5","videojs-7.6.0",,"BE","900","1600","0","WINDOW","0","playing","hls","1571406597000","d94c2471-d22b-4689-b4f6-7df7f7dc65d9","8000000",,"Horus Live","2816","2816","0","Horus Live","0","0","800800","794794",,,,,"web"
"v2.5.4","680","0",,"Firefox","69","0","2823",,"berlin","1571406600000","DE","eb31d20f-1d18-4511-92e2-b9ca4bcf5090","Mozilla/5.0 (X11; Fedora; Linux x86_64; rv:69.0) Gecko/20100101 Firefox/69.0",,,,"2d1dc5e8-16f2-4de0-92fe-5acddeb5f0c9","1571356800000","Other","panoplay.duckdns.org",,,"0","2823",,,"Festival of Lights - Demo","1571403600000","de3c00d6-8d77-4040-ba9e-5592caf26e49","193.175.2.0","false","true","true","Verein zur Foerderung eines Deutschen Forschungsne","en-US","./livestream/master.m3u8","1571406600000","1569888000000",,"Fedora",,,"0","1",,"0","0","videojs",,"0","html5","videojs-7.6.0",,"BE","900","1600","0","WINDOW","0","rebuffering","hls","1571406600000","d94c2471-d22b-4689-b4f6-7df7f7dc65d9","8000000",,"Horus Live","2816","2816","0","Horus Live","0","0","800803","800800",,,,,"web"
"v2.5.4","680","0",,"Firefox","69","0","0",,"berlin","1571406600000","DE","eb31d20f-1d18-4511-92e2-b9ca4bcf5090","Mozilla/5.0 (X11; Fedora; Linux x86_64; rv:69.0) Gecko/20100101 Firefox/69.0",,,,"2d1dc5e8-16f2-4de0-92fe-5acddeb5f0c9","1571356800000","Other","panoplay.duckdns.org",,,"0","0",,,"Festival of Lights - Demo","1571403600000","de3c00d6-8d77-4040-ba9e-5592caf26e49","193.175.2.0","false","true","true","Verein zur Foerderung eines Deutschen Forschungsne","en-US","./livestream/master.m3u8","1571406600000","1569888000000",,"Fedora",,,"0","1",,"0","0","videojs",,"0","html5","videojs-7.6.0",,"BE","900","1600","0","WINDOW","0","qualitychange","hls","1571406600000","d94c2471-d22b-4689-b4f6-7df7f7dc65d9","6000000",,"Horus Live","2816","2816","0","Horus Live","0","0","800803","800803",,,,,"web"
"v2.5.4","680","0",,"Firefox","69","0","0",,"berlin","1571406600000","DE","eb31d20f-1d18-4511-92e2-b9ca4bcf5090","Mozilla/5.0 (X11; Fedora; Linux x86_64; rv:69.0) Gecko/20100101 Firefox/69.0",,,,"2d1dc5e8-16f2-4de0-92fe-5acddeb5f0c9","1571356800000","Other","panoplay.duckdns.org",,,"0","4",,,"Festival of Lights - Demo","1571403600000","de3c00d6-8d77-4040-ba9e-5592caf26e49","193.175.2.0","false","true","true","Verein zur Foerderung eines Deutschen Forschungsne","en-US","./livestream/master.m3u8","1571406600000","1569888000000",,"Fedora",,,"0","1",,"0","4","videojs",,"0","html5","videojs-7.6.0",,"BE","900","1600","0","WINDOW","0","playing","hls","1571406600000","d94c2471-d22b-4689-b4f6-7df7f7dc65d9","8000000",,"Horus Live","2816","2816","0","Horus Live","0","0","800803","800803",,,,,"web"
"v2.5.4","680","0",,"Firefox","69","0","0",,"berlin","1571406660000","DE","97e13c72-6d9d-4693-9f5f-535a836196aa","Mozilla/5.0 (X11; Fedora; Linux x86_64; rv:69.0) Gecko/20100101 Firefox/69.0",,,,"2d1dc5e8-16f2-4de0-92fe-5acddeb5f0c9","1571356800000","Other","panoplay.duckdns.org",,,"0","72",,,"Festival of Lights - Demo","1571403600000","5b617964-dcb6-4a6e-aa1e-dfcd6a3570f7","193.175.2.0","false","false","true","Verein zur Foerderung eines Deutschen Forschungsne","en-US",,"1571406660000","1569888000000","./livestream/manifest.mpd","Fedora",,,"762","1",,"0","0","videojs",,"72","html5","videojs-7.6.0",,"BE","900","1600","0","WINDOW","0","setup","dash","1571406660000","d94c2471-d22b-4689-b4f6-7df7f7dc65d9","0","0","Horus Live","0","0","0","Horus Live","0","0","0","0",,,,,"web"
"v2.5.4","680","0",,"Firefox","69","0","0",,"berlin","1571406660000","DE","eb31d20f-1d18-4511-92e2-b9ca4bcf5090","Mozilla/5.0 (X11; Fedora; Linux x86_64; rv:69.0) Gecko/20100101 Firefox/69.0",,,,"2d1dc5e8-16f2-4de0-92fe-5acddeb5f0c9","1571356800000","Other","panoplay.duckdns.org",,,"0","8",,,"Festival of Lights - Demo","1571403600000","de3c00d6-8d77-4040-ba9e-5592caf26e49","193.175.2.0","false","true","true","Verein zur Foerderung eines Deutschen Forschungsne","en-US","./livestream/master.m3u8","1571406660000","1569888000000",,"Fedora",,,"0","1",,"0","8","videojs",,"0","html5","videojs-7.6.0",,"BE","900","1600","0","WINDOW","0","playing","hls","1571406660000","d94c2471-d22b-4689-b4f6-7df7f7dc65d9","6000000",,"Horus Live","2816","2816","0","Horus Live","0","0","860569","860569",,,,,"web"
"v2.5.4","680","0","true","Firefox","69","0","0",,"berlin","1571406662000","DE","97e13c72-6d9d-4693-9f5f-535a836196aa","Mozilla/5.0 (X11; Fedora; Linux x86_64; rv:69.0) Gecko/20100101 Firefox/69.0",,,,"2d1dc5e8-16f2-4de0-92fe-5acddeb5f0c9","1571356800000","Other","panoplay.duckdns.org",,,"0","1290",,,"Festival of Lights - Demo","1571403600000","5b617964-dcb6-4a6e-aa1e-dfcd6a3570f7","193.175.2.0","false","true","true","Verein zur Foerderung eines Deutschen Forschungsne","en-US",,"1571406660000","1569888000000","./livestream/manifest.mpd","Fedora",,,"0","1",,"0","0","videojs",,"0","html5","videojs-7.6.0",,"BE","900","1600","0","WINDOW","1362","startup","dash","1571406662000","d94c2471-d22b-4689-b4f6-7df7f7dc65d9","0",,"Horus Live","2816","2816","1290","Horus Live","0","0","875201","0",,,,,"web"
"v2.5.4","680","0",,"Firefox","69","0","0",,"berlin","1571406662000","DE","97e13c72-6d9d-4693-9f5f-535a836196aa","Mozilla/5.0 (X11; Fedora; Linux x86_64; rv:69.0) Gecko/20100101 Firefox/69.0",,,,"2d1dc5e8-16f2-4de0-92fe-5acddeb5f0c9","1571356800000","Other","panoplay.duckdns.org",,,"0","0",,,"Festival of Lights - Demo","1571403600000","5b617964-dcb6-4a6e-aa1e-dfcd6a3570f7","193.175.2.0","false","true","true","Verein zur Foerderung eines Deutschen Forschungsne","en-US",,"1571406660000","1569888000000","./livestream/manifest.mpd","Fedora",,,"0","1",,"0","0","videojs",,"0","html5","videojs-7.6.0",,"BE","900","1600","0","WINDOW","0","qualitychange","dash","1571406662000","d94c2471-d22b-4689-b4f6-7df7f7dc65d9","4038489",,"Horus Live","2816","2816","0","Horus Live","0","0","875201","875201",,,,,"web"
"v2.5.4","680","0",,"Firefox","69","0","0",,"berlin","1571406662000","DE","97e13c72-6d9d-4693-9f5f-535a836196aa","Mozilla/5.0 (X11; Fedora; Linux x86_64; rv:69.0) Gecko/20100101 Firefox/69.0",,,,"2d1dc5e8-16f2-4de0-92fe-5acddeb5f0c9","1571356800000","Other","panoplay.duckdns.org",,,"0","5",,,"Festival of Lights - Demo","1571403600000","5b617964-dcb6-4a6e-aa1e-dfcd6a3570f7","193.175.2.0","false","true","true","Verein zur Foerderung eines Deutschen Forschungsne","en-US",,"1571406660000","1569888000000","./livestream/manifest.mpd","Fedora",,,"0","1",,"0","5","videojs",,"0","html5","videojs-7.6.0",,"BE","900","1600","0","WINDOW","0","playing","dash","1571406662000","d94c2471-d22b-4689-b4f6-7df7f7dc65d9","0",,"Horus Live","2816","2816","0","Horus Live","0","0","875201","875201",,,,,"web"
"v2.5.4","680","0",,"Firefox","69","0","0",,"berlin","1571406662000","DE","97e13c72-6d9d-4693-9f5f-535a836196aa","Mozilla/5.0 (X11; Fedora; Linux x86_64; rv:69.0) Gecko/20100101 Firefox/69.0",,,,"2d1dc5e8-16f2-4de0-92fe-5acddeb5f0c9","1571356800000","Other","panoplay.duckdns.org",,,"0","932",,,"Festival of Lights - Demo","1571403600000","5b617964-dcb6-4a6e-aa1e-dfcd6a3570f7","193.175.2.0","false","true","true","Verein zur Foerderung eines Deutschen Forschungsne","en-US",,"1571406660000","1569888000000","./livestream/manifest.mpd","Fedora",,,"0","1",,"0","932","videojs",,"0","html5","videojs-7.6.0",,"BE","900","1600","0","WINDOW","0","playing","dash","1571406662000","d94c2471-d22b-4689-b4f6-7df7f7dc65d9","4038489",,"Horus Live","2816","2816","0","Horus Live","0","0","876042","875201",,,,,"web"
"v2.5.4","680","0",,"Firefox","69","0","1319",,"berlin","1571406664000","DE","97e13c72-6d9d-4693-9f5f-535a836196aa","Mozilla/5.0 (X11; Fedora; Linux x86_64; rv:69.0) Gecko/20100101 Firefox/69.0",,,,"2d1dc5e8-16f2-4de0-92fe-5acddeb5f0c9","1571356800000","Other","panoplay.duckdns.org",,,"0","1319",,,"Festival of Lights - Demo","1571403600000","5b617964-dcb6-4a6e-aa1e-dfcd6a3570f7","193.175.2.0","false","true","true","Verein zur Foerderung eines Deutschen Forschungsne","en-US",,"1571406660000","1569888000000","./livestream/manifest.mpd","Fedora",,,"0","1",,"0","0","videojs",,"0","html5","videojs-7.6.0",,"BE","900","1600","0","WINDOW","0","rebuffering","dash","1571406664000","d94c2471-d22b-4689-b4f6-7df7f7dc65d9","4038489",,"Horus Live","2816","2816","0","Horus Live","0","0","876141","876042",,,,,"web"
"v2.5.4","680","0",,"Firefox","69","0","0",,"berlin","1571406724000","DE","97e13c72-6d9d-4693-9f5f-535a836196aa","Mozilla/5.0 (X11; Fedora; Linux x86_64; rv:69.0) Gecko/20100101 Firefox/69.0",,,,"2d1dc5e8-16f2-4de0-92fe-5acddeb5f0c9","1571356800000","Other","panoplay.duckdns.org",,,"0","59841",,,"Festival of Lights - Demo","1571403600000","5b617964-dcb6-4a6e-aa1e-dfcd6a3570f7","193.175.2.0","false","true","true","Verein zur Foerderung eines Deutschen Forschungsne","en-US",,"1571406720000","1569888000000","./livestream/manifest.mpd","Fedora",,,"0","1",,"0","59841","videojs",,"0","html5","videojs-7.6.0",,"BE","900","1600","0","WINDOW","0","playing","dash","1571406724000","d94c2471-d22b-4689-b4f6-7df7f7dc65d9","4038489",,"Horus Live","2816","2816","0","Horus Live","0","0","936044","876141",,,,,"web"
"v2.5.4","680","0",,"Firefox","69","0","0",,"berlin","1571406784000","DE","97e13c72-6d9d-4693-9f5f-535a836196aa","Mozilla/5.0 (X11; Fedora; Linux x86_64; rv:69.0) Gecko/20100101 Firefox/69.0",,,,"2d1dc5e8-16f2-4de0-92fe-5acddeb5f0c9","1571356800000","Other","panoplay.duckdns.org",,,"0","59966",,,"Festival of Lights - Demo","1571403600000","5b617964-dcb6-4a6e-aa1e-dfcd6a3570f7","193.175.2.0","false","true","true","Verein zur Foerderung eines Deutschen Forschungsne","en-US",,"1571406780000","1569888000000","./livestream/manifest.mpd","Fedora",,,"0","1",,"0","59966","videojs",,"0","html5","videojs-7.6.0",,"BE","900","1600","0","WINDOW","0","playing","dash","1571406784000","d94c2471-d22b-4689-b4f6-7df7f7dc65d9","4038489",,"Horus Live","2816","2816","0","Horus Live","0","0","996002","936044",,,,,"web"
"v2.5.4","680","0",,"Firefox","69","0","0",,"berlin","1571406844000","DE","97e13c72-6d9d-4693-9f5f-535a836196aa","Mozilla/5.0 (X11; Fedora; Linux x86_64; rv:69.0) Gecko/20100101 Firefox/69.0",,,,"2d1dc5e8-16f2-4de0-92fe-5acddeb5f0c9","1571356800000","Other","panoplay.duckdns.org",,,"0","59931",,,"Festival of Lights - Demo","1571403600000","5b617964-dcb6-4a6e-aa1e-dfcd6a3570f7","193.175.2.0","false","true","true","Verein zur Foerderung eines Deutschen Forschungsne","en-US",,"1571406840000","1569888000000","./livestream/manifest.mpd","Fedora",,,"0","1",,"0","59931","videojs",,"0","html5","videojs-7.6.0",,"BE","900","1600","0","WINDOW","0","playing","dash","1571406844000","d94c2471-d22b-4689-b4f6-7df7f7dc65d9","4038489",,"Horus Live","2816","2816","0","Horus Live","0","0","1055937","996002",,,,,"web"
"v2.5.4","680","0",,"Firefox","69","0","0",,"berlin","1571406903000","DE","97e13c72-6d9d-4693-9f5f-535a836196aa","Mozilla/5.0 (X11; Fedora; Linux x86_64; rv:69.0) Gecko/20100101 Firefox/69.0",,,,"2d1dc5e8-16f2-4de0-92fe-5acddeb5f0c9","1571356800000","Other","panoplay.duckdns.org",,,"0","59922",,,"Festival of Lights - Demo","1571403600000","5b617964-dcb6-4a6e-aa1e-dfcd6a3570f7","193.175.2.0","false","true","true","Verein zur Foerderung eines Deutschen Forschungsne","en-US",,"1571406900000","1569888000000","./livestream/manifest.mpd","Fedora",,,"0","1",,"0","59922","videojs",,"0","html5","videojs-7.6.0",,"BE","900","1600","0","WINDOW","0","playing","dash","1571406903000","d94c2471-d22b-4689-b4f6-7df7f7dc65d9","4038489",,"Horus Live","2816","2816","0","Horus Live","0","0","1115887","1055937",,,,,"web"
"v2.5.4","680","0",,"Firefox","69","0","0",,"berlin","1571406963000","DE","97e13c72-6d9d-4693-9f5f-535a836196aa","Mozilla/5.0 (X11; Fedora; Linux x86_64; rv:69.0) Gecko/20100101 Firefox/69.0",,,,"2d1dc5e8-16f2-4de0-92fe-5acddeb5f0c9","1571356800000","Other","panoplay.duckdns.org",,,"0","59978",,,"Festival of Lights - Demo","1571403600000","5b617964-dcb6-4a6e-aa1e-dfcd6a3570f7","193.175.2.0","false","true","true","Verein zur Foerderung eines Deutschen Forschungsne","en-US",,"1571406960000","1569888000000","./livestream/manifest.mpd","Fedora",,,"0","1",,"0","59978","videojs",,"0","html5","videojs-7.6.0",,"BE","900","1600","0","WINDOW","0","playing","dash","1571406963000","d94c2471-d22b-4689-b4f6-7df7f7dc65d9","4038489",,"Horus Live","2816","2816","0","Horus Live","0","0","1175841","1115887",,,,,"web"
"v2.5.4","680","0",,"Firefox","69","0","0",,"berlin","1571407023000","DE","97e13c72-6d9d-4693-9f5f-535a836196aa","Mozilla/5.0 (X11; Fedora; Linux x86_64; rv:69.0) Gecko/20100101 Firefox/69.0",,,,"2d1dc5e8-16f2-4de0-92fe-5acddeb5f0c9","1571356800000","Other","panoplay.duckdns.org",,,"0","59833",,,"Festival of Lights - Demo","1571403600000","5b617964-dcb6-4a6e-aa1e-dfcd6a3570f7","193.175.2.0","false","true","true","Verein zur Foerderung eines Deutschen Forschungsne","en-US",,"1571407020000","1569888000000","./livestream/manifest.mpd","Fedora",,,"0","1",,"0","59833","videojs",,"0","html5","videojs-7.6.0",,"BE","900","1600","0","WINDOW","0","playing","dash","1571407023000","d94c2471-d22b-4689-b4f6-7df7f7dc65d9","4038489",,"Horus Live","2816","2816","0","Horus Live","0","0","1235659","1175841",,,,,"web"
"v2.5.4","680","0",,"Firefox","69","0","0",,"berlin","1571407083000","DE","97e13c72-6d9d-4693-9f5f-535a836196aa","Mozilla/5.0 (X11; Fedora; Linux x86_64; rv:69.0) Gecko/20100101 Firefox/69.0",,,,"2d1dc5e8-16f2-4de0-92fe-5acddeb5f0c9","1571356800000","Other","panoplay.duckdns.org",,,"0","59732",,,"Festival of Lights - Demo","1571403600000","5b617964-dcb6-4a6e-aa1e-dfcd6a3570f7","193.175.2.0","false","true","true","Verein zur Foerderung eines Deutschen Forschungsne","en-US",,"1571407080000","1569888000000","./livestream/manifest.mpd","Fedora",,,"0","1",,"0","59732","videojs",,"0","html5","videojs-7.6.0",,"BE","900","1600","0","WINDOW","0","playing","dash","1571407083000","d94c2471-d22b-4689-b4f6-7df7f7dc65d9","4038489",,"Horus Live","2816","2816","0","Horus Live","0","0","1295430","1235659",,,,,"web"
"v2.5.4","680","0",,"Firefox","69","0","0",,"berlin","1571407143000","DE","97e13c72-6d9d-4693-9f5f-535a836196aa","Mozilla/5.0 (X11; Fedora; Linux x86_64; rv:69.0) Gecko/20100101 Firefox/69.0",,,,"2d1dc5e8-16f2-4de0-92fe-5acddeb5f0c9","1571356800000","Other","panoplay.duckdns.org",,,"0","59734",,,"Festival of Lights - Demo","1571403600000","5b617964-dcb6-4a6e-aa1e-dfcd6a3570f7","193.175.2.0","false","true","true","Verein zur Foerderung eines Deutschen Forschungsne","en-US",,"1571407140000","1569888000000","./livestream/manifest.mpd","Fedora",,,"0","1",,"0","59734","videojs",,"0","html5","videojs-7.6.0",,"BE","900","1600","0","WINDOW","0","playing","dash","1571407143000","d94c2471-d22b-4689-b4f6-7df7f7dc65d9","4038489",,"Horus Live","2816","2816","0","Horus Live","0","0","1355164","1295430",,,,,"web"
"v2.5.4","680","0",,"Firefox","69","0","0",,"berlin","1571407203000","DE","97e13c72-6d9d-4693-9f5f-535a836196aa","Mozilla/5.0 (X11; Fedora; Linux x86_64; rv:69.0) Gecko/20100101 Firefox/69.0",,,,"2d1dc5e8-16f2-4de0-92fe-5acddeb5f0c9","1571356800000","Other","panoplay.duckdns.org",,,"0","59825",,,"Festival of Lights - Demo","1571407200000","5b617964-dcb6-4a6e-aa1e-dfcd6a3570f7","193.175.2.0","false","true","true","Verein zur Foerderung eines Deutschen Forschungsne","en-US",,"1571407200000","1569888000000","./livestream/manifest.mpd","Fedora",,,"0","1",,"0","59825","videojs",,"0","html5","videojs-7.6.0",,"BE","900","1600","0","WINDOW","0","playing","dash","1571407203000","d94c2471-d22b-4689-b4f6-7df7f7dc65d9","4038489",,"Horus Live","2816","2816","0","Horus Live","0","0","1414988","1355164",,,,,"web"
"v2.5.4","680","0",,"Firefox","69","0","0",,"berlin","1571407262000","DE","97e13c72-6d9d-4693-9f5f-535a836196aa","Mozilla/5.0 (X11; Fedora; Linux x86_64; rv:69.0) Gecko/20100101 Firefox/69.0",,,,"2d1dc5e8-16f2-4de0-92fe-5acddeb5f0c9","1571356800000","Other","panoplay.duckdns.org",,,"0","59789",,,"Festival of Lights - Demo","1571407200000","5b617964-dcb6-4a6e-aa1e-dfcd6a3570f7","193.175.2.0","false","true","true","Verein zur Foerderung eines Deutschen Forschungsne","en-US",,"1571407260000","1569888000000","./livestream/manifest.mpd","Fedora",,,"0","1",,"0","59789","videojs",,"0","html5","videojs-7.6.0",,"BE","900","1600","0","WINDOW","0","playing","dash","1571407262000","d94c2471-d22b-4689-b4f6-7df7f7dc65d9","4038489",,"Horus Live","2816","2816","0","Horus Live","0","0","1474750","1414988",,,,,"web"
"v2.5.4","680","0",,"Firefox","69","0","0",,"berlin","1571407322000","DE","97e13c72-6d9d-4693-9f5f-535a836196aa","Mozilla/5.0 (X11; Fedora; Linux x86_64; rv:69.0) Gecko/20100101 Firefox/69.0",,,,"2d1dc5e8-16f2-4de0-92fe-5acddeb5f0c9","1571356800000","Other","panoplay.duckdns.org",,,"0","59899",,,"Festival of Lights - Demo","1571407200000","5b617964-dcb6-4a6e-aa1e-dfcd6a3570f7","193.175.2.0","false","true","true","Verein zur Foerderung eines Deutschen Forschungsne","en-US",,"1571407320000","1569888000000","./livestream/manifest.mpd","Fedora",,,"0","1",,"0","59899","videojs",,"0","html5","videojs-7.6.0",,"BE","900","1600","0","WINDOW","0","playing","dash","1571407322000","d94c2471-d22b-4689-b4f6-7df7f7dc65d9","4038489",,"Horus Live","2816","2816","0","Horus Live","0","0","1534654","1474750",,,,,"web"
"v2.5.4","680","0",,"Firefox","69","0","0",,"berlin","1571407382000","DE","97e13c72-6d9d-4693-9f5f-535a836196aa","Mozilla/5.0 (X11; Fedora; Linux x86_64; rv:69.0) Gecko/20100101 Firefox/69.0",,,,"2d1dc5e8-16f2-4de0-92fe-5acddeb5f0c9","1571356800000","Other","panoplay.duckdns.org",,,"0","59812",,,"Festival of Lights - Demo","1571407200000","5b617964-dcb6-4a6e-aa1e-dfcd6a3570f7","193.175.2.0","false","true","true","Verein zur Foerderung eines Deutschen Forschungsne","en-US",,"1571407380000","1569888000000","./livestream/manifest.mpd","Fedora",,,"0","1",,"0","59812","videojs",,"0","html5","videojs-7.6.0",,"BE","900","1600","0","WINDOW","0","playing","dash","1571407382000","d94c2471-d22b-4689-b4f6-7df7f7dc65d9","4038489",,"Horus Live","2816","2816","0","Horus Live","0","0","1594490","1534654",,,,,"web"
"v2.5.4","680","0",,"Firefox","69","0","0",,"berlin","1571407442000","DE","97e13c72-6d9d-4693-9f5f-535a836196aa","Mozilla/5.0 (X11; Fedora; Linux x86_64; rv:69.0) Gecko/20100101 Firefox/69.0",,,,"2d1dc5e8-16f2-4de0-92fe-5acddeb5f0c9","1571356800000","Other","panoplay.duckdns.org",,,"0","59972",,,"Festival of Lights - Demo","1571407200000","5b617964-dcb6-4a6e-aa1e-dfcd6a3570f7","193.175.2.0","false","true","true","Verein zur Foerderung eines Deutschen Forschungsne","en-US",,"1571407440000","1569888000000","./livestream/manifest.mpd","Fedora",,,"0","1",,"0","59972","videojs",,"0","html5","videojs-7.6.0",,"BE","900","1600","0","WINDOW","0","playing","dash","1571407442000","d94c2471-d22b-4689-b4f6-7df7f7dc65d9","4038489",,"Horus Live","2816","2816","0","Horus Live","0","0","1654441","1594490",,,,,"web"
"v2.5.4","680","0",,"Firefox","69","0","0",,"berlin","1571407502000","DE","97e13c72-6d9d-4693-9f5f-535a836196aa","Mozilla/5.0 (X11; Fedora; Linux x86_64; rv:69.0) Gecko/20100101 Firefox/69.0",,,,"2d1dc5e8-16f2-4de0-92fe-5acddeb5f0c9","1571356800000","Other","panoplay.duckdns.org",,,"0","59903",,,"Festival of Lights - Demo","1571407200000","5b617964-dcb6-4a6e-aa1e-dfcd6a3570f7","193.175.2.0","false","true","true","Verein zur Foerderung eines Deutschen Forschungsne","en-US",,"1571407500000","1569888000000","./livestream/manifest.mpd","Fedora",,,"0","1",,"0","59903","videojs",,"0","html5","videojs-7.6.0",,"BE","900","1600","0","WINDOW","0","playing","dash","1571407502000","d94c2471-d22b-4689-b4f6-7df7f7dc65d9","4038489",,"Horus Live","2816","2816","0","Horus Live","0","0","1714333","1654441",,,,,"web"
"v2.5.4","680","0",,"Chrome Mobile","77","0","0",,"berlin","1571407551000","DE","07af6df4-0287-40d7-8835-dba5f8e42238","Mozilla/5.0 (Linux; Android 6.0.1; ONE E1003) AppleWebKit/537.36 (KHTML, like Gecko) Chrome/77.0.3865.116 Mobile Safari/537.36",,,,"95dc1ad3-7278-4063-b85a-6cada4a95ac6","1571356800000","ONE E1003","panoplay.duckdns.org",,,"0","191",,,"Festival of Lights - Demo","1571407200000","c964696e-038e-4122-9c40-a504cf574a85","193.175.2.0","false","false","true","Verein zur Foerderung eines Deutschen Forschungsne","es-ES",,"1571407500000","1569888000000","./livestream/manifest.mpd","Android","6","0","8173","1",,"0","0","videojs",,"191","html5","videojs-7.6.0",,"BE","640","360","0","WINDOW","0","setup","dash","1571407551000","37f44079-1ada-45cb-8f9c-93f2d08e09b8","0","0","Horus Live","0","0","0","Horus Live","0","0","0","0",,,,,"web"
"v2.5.4","680","0",,"Chrome Mobile","77","0","0",,"berlin","1571407553000","DE","07af6df4-0287-40d7-8835-dba5f8e42238","Mozilla/5.0 (Linux; Android 6.0.1; ONE E1003) AppleWebKit/537.36 (KHTML, like Gecko) Chrome/77.0.3865.116 Mobile Safari/537.36",,,,"95dc1ad3-7278-4063-b85a-6cada4a95ac6","1571356800000","ONE E1003","panoplay.duckdns.org",,,"0","0","4","The media could not be loaded, either because the server or network failed or because the format is not supported.","Festival of Lights - Demo","1571407200000","c964696e-038e-4122-9c40-a504cf574a85","193.175.2.0","false","true","true","Verein zur Foerderung eines Deutschen Forschungsne","es-ES",,"1571407500000","1569888000000","./livestream/manifest.mpd","Android","6","0","0","1",,"0","0","videojs",,"0","html5","videojs-7.6.0",,"BE","640","360","0","WINDOW","0","error","dash","1571407553000","37f44079-1ada-45cb-8f9c-93f2d08e09b8","0",,"Horus Live","2816","2816","0","Horus Live","0","0","1766000","1766000",,,,,"web"
"v2.5.4","680","0","true","Chrome Mobile","77","0","0",,"berlin","1571407553000","DE","07af6df4-0287-40d7-8835-dba5f8e42238","Mozilla/5.0 (Linux; Android 6.0.1; ONE E1003) AppleWebKit/537.36 (KHTML, like Gecko) Chrome/77.0.3865.116 Mobile Safari/537.36",,,,"95dc1ad3-7278-4063-b85a-6cada4a95ac6","1571356800000","ONE E1003","panoplay.duckdns.org",,,"0","1460",,,"Festival of Lights - Demo","1571407200000","c964696e-038e-4122-9c40-a504cf574a85","193.175.2.0","false","true","true","Verein zur Foerderung eines Deutschen Forschungsne","es-ES",,"1571407500000","1569888000000","./livestream/manifest.mpd","Android","6","0","0","1",,"0","0","videojs",,"0","html5","videojs-7.6.0",,"BE","640","360","0","WINDOW","1651","startup","dash","1571407553000","37f44079-1ada-45cb-8f9c-93f2d08e09b8","0",,"Horus Live","2816","2816","1460","Horus Live","0","0","1766000","0",,,,,"web"
"v2.5.4","680","0",,"Firefox","69","0","0",,"berlin","1571407562000","DE","97e13c72-6d9d-4693-9f5f-535a836196aa","Mozilla/5.0 (X11; Fedora; Linux x86_64; rv:69.0) Gecko/20100101 Firefox/69.0",,,,"2d1dc5e8-16f2-4de0-92fe-5acddeb5f0c9","1571356800000","Other","panoplay.duckdns.org",,,"0","59768",,,"Festival of Lights - Demo","1571407200000","5b617964-dcb6-4a6e-aa1e-dfcd6a3570f7","193.175.2.0","false","true","true","Verein zur Foerderung eines Deutschen Forschungsne","en-US",,"1571407560000","1569888000000","./livestream/manifest.mpd","Fedora",,,"0","1",,"0","59768","videojs",,"0","html5","videojs-7.6.0",,"BE","900","1600","0","WINDOW","0","playing","dash","1571407562000","d94c2471-d22b-4689-b4f6-7df7f7dc65d9","4038489",,"Horus Live","2816","2816","0","Horus Live","0","0","1774113","1714333",,,,,"web"
"v2.5.4","680","0",,"Chrome Mobile","77","0","0",,"berlin","1571407565000","DE","07af6df4-0287-40d7-8835-dba5f8e42238","Mozilla/5.0 (Linux; Android 6.0.1; ONE E1003) AppleWebKit/537.36 (KHTML, like Gecko) Chrome/77.0.3865.116 Mobile Safari/537.36",,,,"95dc1ad3-7278-4063-b85a-6cada4a95ac6","1571356800000","ONE E1003","panoplay.duckdns.org",,,"0","0",,,"Festival of Lights - Demo","1571407200000","c964696e-038e-4122-9c40-a504cf574a85","193.175.2.0","false","true","true","Verein zur Foerderung eines Deutschen Forschungsne","es-ES",,"1571407560000","1569888000000","./livestream/manifest.mpd","Android","6","0","0","1",,"0","0","videojs",,"0","html5","videojs-7.6.0",,"BE","640","360","0","WINDOW","0","error","dash","1571407565000","37f44079-1ada-45cb-8f9c-93f2d08e09b8","0",,"Horus Live","2816","2816","0","Horus Live","0","0","1766000","1766000",,,,,"web"
"v2.5.4","680","0",,"Firefox","69","0","0",,"berlin","1571407622000","DE","97e13c72-6d9d-4693-9f5f-535a836196aa","Mozilla/5.0 (X11; Fedora; Linux x86_64; rv:69.0) Gecko/20100101 Firefox/69.0",,,,"2d1dc5e8-16f2-4de0-92fe-5acddeb5f0c9","1571356800000","Other","panoplay.duckdns.org",,,"0","59843",,,"Festival of Lights - Demo","1571407200000","5b617964-dcb6-4a6e-aa1e-dfcd6a3570f7","193.175.2.0","false","true","true","Verein zur Foerderung eines Deutschen Forschungsne","en-US",,"1571407620000","1569888000000","./livestream/manifest.mpd","Fedora",,,"0","1",,"0","59843","videojs",,"0","html5","videojs-7.6.0",,"BE","900","1600","0","WINDOW","0","playing","dash","1571407622000","d94c2471-d22b-4689-b4f6-7df7f7dc65d9","4038489",,"Horus Live","2816","2816","0","Horus Live","0","0","1833959","1774113",,,,,"web"
"v2.5.4","680","0",,"Firefox","69","0","0",,"berlin","1571407681000","DE","97e13c72-6d9d-4693-9f5f-535a836196aa","Mozilla/5.0 (X11; Fedora; Linux x86_64; rv:69.0) Gecko/20100101 Firefox/69.0",,,,"2d1dc5e8-16f2-4de0-92fe-5acddeb5f0c9","1571356800000","Other","panoplay.duckdns.org",,,"0","59773",,,"Festival of Lights - Demo","1571407200000","5b617964-dcb6-4a6e-aa1e-dfcd6a3570f7","193.175.2.0","false","true","true","Verein zur Foerderung eines Deutschen Forschungsne","en-US",,"1571407680000","1569888000000","./livestream/manifest.mpd","Fedora",,,"0","1",,"0","59773","videojs",,"0","html5","videojs-7.6.0",,"BE","900","1600","0","WINDOW","0","playing","dash","1571407681000","d94c2471-d22b-4689-b4f6-7df7f7dc65d9","4038489",,"Horus Live","2816","2816","0","Horus Live","0","0","1893711","1833959",,,,,"web"
"v2.5.4","680","0",,"Firefox","69","0","0",,"berlin","1571407741000","DE","97e13c72-6d9d-4693-9f5f-535a836196aa","Mozilla/5.0 (X11; Fedora; Linux x86_64; rv:69.0) Gecko/20100101 Firefox/69.0",,,,"2d1dc5e8-16f2-4de0-92fe-5acddeb5f0c9","1571356800000","Other","panoplay.duckdns.org",,,"0","59735",,,"Festival of Lights - Demo","1571407200000","5b617964-dcb6-4a6e-aa1e-dfcd6a3570f7","193.175.2.0","false","true","true","Verein zur Foerderung eines Deutschen Forschungsne","en-US",,"1571407740000","1569888000000","./livestream/manifest.mpd","Fedora",,,"0","1",,"0","59735","videojs",,"0","html5","videojs-7.6.0",,"BE","900","1600","0","WINDOW","0","playing","dash","1571407741000","d94c2471-d22b-4689-b4f6-7df7f7dc65d9","4038489",,"Horus Live","2816","2816","0","Horus Live","0","0","1953483","1893711",,,,,"web"
"v2.5.4","680","0",,"Firefox","69","0","0",,"berlin","1571407760000","DE","97e13c72-6d9d-4693-9f5f-535a836196aa","Mozilla/5.0 (X11; Fedora; Linux x86_64; rv:69.0) Gecko/20100101 Firefox/69.0",,,,"2d1dc5e8-16f2-4de0-92fe-5acddeb5f0c9","1571356800000","Other","panoplay.duckdns.org",,,"0","18628",,,"Festival of Lights - Demo","1571407200000","5b617964-dcb6-4a6e-aa1e-dfcd6a3570f7","193.175.2.0","false","true","true","Verein zur Foerderung eines Deutschen Forschungsne","en-US",,"1571407740000","1569888000000","./livestream/manifest.mpd","Fedora",,,"0","1",,"0","18628","videojs",,"0","html5","videojs-7.6.0",,"BE","900","1600","0","WINDOW","0","playing","dash","1571407760000","d94c2471-d22b-4689-b4f6-7df7f7dc65d9","4038489",,"Horus Live","2816","2816","0","Horus Live","0","0","1972095","1953483",,,,,"web"
"v2.5.4","680","0",,"Firefox","69","0","0",,"berlin","1571407760000","DE","97e13c72-6d9d-4693-9f5f-535a836196aa","Mozilla/5.0 (X11; Fedora; Linux x86_64; rv:69.0) Gecko/20100101 Firefox/69.0",,,,"2d1dc5e8-16f2-4de0-92fe-5acddeb5f0c9","1571356800000","Other","panoplay.duckdns.org",,,"0","0",,,"Festival of Lights - Demo","1571407200000","5b617964-dcb6-4a6e-aa1e-dfcd6a3570f7","193.175.2.0","false","true","true","Verein zur Foerderung eines Deutschen Forschungsne","en-US",,"1571407740000","1569888000000","./livestream/manifest.mpd","Fedora",,,"0","1",,"0","0","videojs",,"0","html5","videojs-7.6.0",,"BE","900","1600","0","WINDOW","0","qualitychange","dash","1571407760000","d94c2471-d22b-4689-b4f6-7df7f7dc65d9","1038489",,"Horus Live","2816","2816","0","Horus Live","0","0","1972095","1972095",,,,,"web"
"v2.5.4","680","0",,"Firefox","69","0","0",,"berlin","1571407761000","DE","97e13c72-6d9d-4693-9f5f-535a836196aa","Mozilla/5.0 (X11; Fedora; Linux x86_64; rv:69.0) Gecko/20100101 Firefox/69.0",,,,"2d1dc5e8-16f2-4de0-92fe-5acddeb5f0c9","1571356800000","Other","panoplay.duckdns.org",,,"0","1261",,,"Festival of Lights - Demo","1571407200000","5b617964-dcb6-4a6e-aa1e-dfcd6a3570f7","193.175.2.0","false","true","true","Verein zur Foerderung eines Deutschen Forschungsne","en-US",,"1571407740000","1569888000000","./livestream/manifest.mpd","Fedora",,,"0","1",,"0","1261","videojs",,"0","html5","videojs-7.6.0",,"BE","900","1600","0","WINDOW","0","playing","dash","1571407761000","d94c2471-d22b-4689-b4f6-7df7f7dc65d9","1038489",,"Horus Live","2816","2816","0","Horus Live","0","0","1973338","1972095",,,,,"web"
"v2.5.4","680","0",,"Firefox","69","0","9243",,"berlin","1571407771000","DE","97e13c72-6d9d-4693-9f5f-535a836196aa","Mozilla/5.0 (X11; Fedora; Linux x86_64; rv:69.0) Gecko/20100101 Firefox/69.0",,,,"2d1dc5e8-16f2-4de0-92fe-5acddeb5f0c9","1571356800000","Other","panoplay.duckdns.org",,,"0","9243",,,"Festival of Lights - Demo","1571407200000","5b617964-dcb6-4a6e-aa1e-dfcd6a3570f7","193.175.2.0","false","true","true","Verein zur Foerderung eines Deutschen Forschungsne","en-US",,"1571407740000","1569888000000","./livestream/manifest.mpd","Fedora",,,"0","1",,"0","0","videojs",,"0","html5","videojs-7.6.0",,"BE","900","1600","0","WINDOW","0","rebuffering","dash","1571407771000","d94c2471-d22b-4689-b4f6-7df7f7dc65d9","1038489",,"Horus Live","2816","2816","0","Horus Live","0","0","1973463","1973338",,,,,"web"
"v2.5.4","680","0",,"Firefox","69","0","0",,"berlin","1571407774000","DE","97e13c72-6d9d-4693-9f5f-535a836196aa","Mozilla/5.0 (X11; Fedora; Linux x86_64; rv:69.0) Gecko/20100101 Firefox/69.0",,,,"2d1dc5e8-16f2-4de0-92fe-5acddeb5f0c9","1571356800000","Other","panoplay.duckdns.org",,,"0","3577",,,"Festival of Lights - Demo","1571407200000","5b617964-dcb6-4a6e-aa1e-dfcd6a3570f7","193.175.2.0","false","true","true","Verein zur Foerderung eines Deutschen Forschungsne","en-US",,"1571407740000","1569888000000","./livestream/manifest.mpd","Fedora",,,"0","1",,"0","3577","videojs",,"0","html5","videojs-7.6.0",,"BE","900","1600","0","WINDOW","0","playing","dash","1571407774000","d94c2471-d22b-4689-b4f6-7df7f7dc65d9","1038489",,"Horus Live","2816","2816","0","Horus Live","0","0","1977048","1973463",,,,,"web"
"v2.5.4","680","0",,"Firefox","69","0","0",,"berlin","1571407774000","DE","97e13c72-6d9d-4693-9f5f-535a836196aa","Mozilla/5.0 (X11; Fedora; Linux x86_64; rv:69.0) Gecko/20100101 Firefox/69.0",,,,"2d1dc5e8-16f2-4de0-92fe-5acddeb5f0c9","1571356800000","Other","panoplay.duckdns.org",,,"0","0",,,"Festival of Lights - Demo","1571407200000","5b617964-dcb6-4a6e-aa1e-dfcd6a3570f7","193.175.2.0","false","true","true","Verein zur Foerderung eines Deutschen Forschungsne","en-US",,"1571407740000","1569888000000","./livestream/manifest.mpd","Fedora",,,"0","1",,"0","0","videojs",,"0","html5","videojs-7.6.0",,"BE","900","1600","0","WINDOW","0","qualitychange","dash","1571407774000","d94c2471-d22b-4689-b4f6-7df7f7dc65d9","4038489",,"Horus Live","2816","2816","0","Horus Live","0","0","1977048","1977048",,,,,"web"
"v2.5.4","680","0",,"Firefox","69","0","0",,"berlin","1571407777000","DE","97e13c72-6d9d-4693-9f5f-535a836196aa","Mozilla/5.0 (X11; Fedora; Linux x86_64; rv:69.0) Gecko/20100101 Firefox/69.0",,,,"2d1dc5e8-16f2-4de0-92fe-5acddeb5f0c9","1571356800000","Other","panoplay.duckdns.org",,,"0","3189",,,"Festival of Lights - Demo","1571407200000","5b617964-dcb6-4a6e-aa1e-dfcd6a3570f7","193.175.2.0","false","true","true","Verein zur Foerderung eines Deutschen Forschungsne","en-US",,"1571407740000","1569888000000","./livestream/manifest.mpd","Fedora",,,"0","1",,"0","3189","videojs",,"0","html5","videojs-7.6.0",,"BE","900","1600","0","WINDOW","0","playing","dash","1571407777000","d94c2471-d22b-4689-b4f6-7df7f7dc65d9","4038489",,"Horus Live","2816","2816","0","Horus Live","0","0","1980114","1977048",,,,,"web"
"v2.5.4","680","0",,"Firefox","69","0","5964",,"berlin","1571407783000","DE","97e13c72-6d9d-4693-9f5f-535a836196aa","Mozilla/5.0 (X11; Fedora; Linux x86_64; rv:69.0) Gecko/20100101 Firefox/69.0",,,,"2d1dc5e8-16f2-4de0-92fe-5acddeb5f0c9","1571356800000","Other","panoplay.duckdns.org",,,"0","5964",,,"Festival of Lights - Demo","1571407200000","5b617964-dcb6-4a6e-aa1e-dfcd6a3570f7","193.175.2.0","false","true","true","Verein zur Foerderung eines Deutschen Forschungsne","en-US",,"1571407740000","1569888000000","./livestream/manifest.mpd","Fedora",,,"0","1",,"0","0","videojs",,"0","html5","videojs-7.6.0",,"BE","900","1600","0","WINDOW","0","rebuffering","dash","1571407783000","d94c2471-d22b-4689-b4f6-7df7f7dc65d9","4038489",,"Horus Live","2816","2816","0","Horus Live","0","0","1981179","1980114",,,,,"web"
"v2.5.4","680","0",,"Firefox","69","0","0",,"berlin","1571407785000","DE","97e13c72-6d9d-4693-9f5f-535a836196aa","Mozilla/5.0 (X11; Fedora; Linux x86_64; rv:69.0) Gecko/20100101 Firefox/69.0",,,,"2d1dc5e8-16f2-4de0-92fe-5acddeb5f0c9","1571356800000","Other","panoplay.duckdns.org",,,"0","934",,,"Festival of Lights - Demo","1571407200000","5b617964-dcb6-4a6e-aa1e-dfcd6a3570f7","193.175.2.0","false","true","true","Verein zur Foerderung eines Deutschen Forschungsne","en-US",,"1571407740000","1569888000000","./livestream/manifest.mpd","Fedora",,,"0","1",,"0","934","videojs",,"0","html5","videojs-7.6.0",,"BE","900","1600","0","WINDOW","0","playing","dash","1571407785000","d94c2471-d22b-4689-b4f6-7df7f7dc65d9","4038489",,"Horus Live","2816","2816","0","Horus Live","0","0","1981946","1981179",,,,,"web"
"v2.5.4","680","0",,"Firefox","69","0","0",,"berlin","1571407785000","DE","97e13c72-6d9d-4693-9f5f-535a836196aa","Mozilla/5.0 (X11; Fedora; Linux x86_64; rv:69.0) Gecko/20100101 Firefox/69.0",,,,"2d1dc5e8-16f2-4de0-92fe-5acddeb5f0c9","1571356800000","Other","panoplay.duckdns.org",,,"0","0",,,"Festival of Lights - Demo","1571407200000","5b617964-dcb6-4a6e-aa1e-dfcd6a3570f7","193.175.2.0","false","true","true","Verein zur Foerderung eines Deutschen Forschungsne","en-US",,"1571407740000","1569888000000","./livestream/manifest.mpd","Fedora",,,"0","1",,"0","0","videojs",,"0","html5","videojs-7.6.0",,"BE","900","1600","0","WINDOW","0","qualitychange","dash","1571407785000","d94c2471-d22b-4689-b4f6-7df7f7dc65d9","1038489",,"Horus Live","2816","2816","0","Horus Live","0","0","1981946","1981946",,,,,"web"
"v2.5.4","680","0",,"Firefox","69","0","0",,"berlin","1571407789000","DE","97e13c72-6d9d-4693-9f5f-535a836196aa","Mozilla/5.0 (X11; Fedora; Linux x86_64; rv:69.0) Gecko/20100101 Firefox/69.0",,,,"2d1dc5e8-16f2-4de0-92fe-5acddeb5f0c9","1571356800000","Other","panoplay.duckdns.org",,,"0","4778",,,"Festival of Lights - Demo","1571407200000","5b617964-dcb6-4a6e-aa1e-dfcd6a3570f7","193.175.2.0","false","true","true","Verein zur Foerderung eines Deutschen Forschungsne","en-US",,"1571407740000","1569888000000","./livestream/manifest.mpd","Fedora",,,"0","1",,"0","4778","videojs",,"0","html5","videojs-7.6.0",,"BE","900","1600","0","WINDOW","0","playing","dash","1571407789000","d94c2471-d22b-4689-b4f6-7df7f7dc65d9","1038489",,"Horus Live","2816","2816","0","Horus Live","0","0","1986784","1981946",,,,,"web"
"v2.5.4","680","0",,"Firefox","69","0","0",,"berlin","1571407789000","DE","97e13c72-6d9d-4693-9f5f-535a836196aa","Mozilla/5.0 (X11; Fedora; Linux x86_64; rv:69.0) Gecko/20100101 Firefox/69.0",,,,"2d1dc5e8-16f2-4de0-92fe-5acddeb5f0c9","1571356800000","Other","panoplay.duckdns.org",,,"0","358",,,"Festival of Lights - Demo","1571407200000","5b617964-dcb6-4a6e-aa1e-dfcd6a3570f7","193.175.2.0","false","true","true","Verein zur Foerderung eines Deutschen Forschungsne","en-US",,"1571407740000","1569888000000","./livestream/manifest.mpd","Fedora",,,"0","1",,"0","358","videojs",,"0","html5","videojs-7.6.0",,"BE","900","1600","0","WINDOW","0","playing","dash","1571407789000","d94c2471-d22b-4689-b4f6-7df7f7dc65d9","4038489",,"Horus Live","2816","2816","0","Horus Live","0","0","1987147","1986784",,,,,"web"
"v2.5.4","680","0",,"Firefox","69","0","0",,"berlin","1571407789000","DE","97e13c72-6d9d-4693-9f5f-535a836196aa","Mozilla/5.0 (X11; Fedora; Linux x86_64; rv:69.0) Gecko/20100101 Firefox/69.0",,,,"2d1dc5e8-16f2-4de0-92fe-5acddeb5f0c9","1571356800000","Other","panoplay.duckdns.org",,,"0","0",,,"Festival of Lights - Demo","1571407200000","5b617964-dcb6-4a6e-aa1e-dfcd6a3570f7","193.175.2.0","false","true","true","Verein zur Foerderung eines Deutschen Forschungsne","en-US",,"1571407740000","1569888000000","./livestream/manifest.mpd","Fedora",,,"0","1",,"0","0","videojs",,"0","html5","videojs-7.6.0",,"BE","900","1600","0","WINDOW","0","qualitychange","dash","1571407789000","d94c2471-d22b-4689-b4f6-7df7f7dc65d9","4038489",,"Horus Live","2816","2816","0","Horus Live","0","0","1986784","1986784",,,,,"web"
"v2.5.4","680","0",,"Safari","13","0","0",,"berlin","1571408125000","DE","f1c9a346-fffe-4eed-96af-ae73663344c1","Mozilla/5.0 (Macintosh; Intel Mac OS X 10_14_6) AppleWebKit/605.1.15 (KHTML, like Gecko) Version/13.0.1 Safari/605.1.15",,,,"002505dc-1a54-4fd1-83af-5ceee036005e","1571356800000","Other","panoplay.duckdns.org",,,"0","76",,,"Festival of Lights - Demo","1571407200000","5706c8e4-733c-4642-8a2c-b80b9f073b96","193.175.2.0","false","false","true","Verein zur Foerderung eines Deutschen Forschungsne","en-US","./livestream/master.m3u8","1571408100000","1569888000000",,"Mac OS X","10","14","240","2",,"0","0","videojs",,"76","html5","videojs-7.6.0",,"BE","1050","1680","0","WINDOW","0","setup","hls","1571408125000","f8f9cf6e-5062-4092-ad61-044dd12cc9ad","0","0","Horus Live","0","0","0","Horus Live","0","0","0","0",,,,,"web"
"v2.5.4","680","0",,"Firefox","69","0","0",,"berlin","1571408488000","DE","e76e4872-3568-4c3f-9249-7fec9de73a07","Mozilla/5.0 (X11; Fedora; Linux x86_64; rv:69.0) Gecko/20100101 Firefox/69.0",,,,"2d1dc5e8-16f2-4de0-92fe-5acddeb5f0c9","1571356800000","Other","panoplay.duckdns.org",,,"0","46",,,"Festival of Lights - Demo","1571407200000","ff134685-fd8d-438e-b484-827443e2fc11","193.175.2.0","false","false","true","Verein zur Foerderung eines Deutschen Forschungsne","en-US",,"1571408460000","1569888000000","./livestream/manifest.mpd","Fedora",,,"503","1",,"0","0","videojs",,"46","html5","videojs-7.6.0",,"BE","900","1600","0","WINDOW","0","setup","dash","1571408488000","d94c2471-d22b-4689-b4f6-7df7f7dc65d9","0","0","Horus Live","0","0","0","Horus Live","0","0","0","0",,,,,"web"
"v2.5.4","680","0",,"Firefox","69","0","0",,"berlin","1571408505000","DE","95efae4b-b559-43e0-ae7c-5e57b4cc13c6","Mozilla/5.0 (X11; Fedora; Linux x86_64; rv:69.0) Gecko/20100101 Firefox/69.0",,,,"2d1dc5e8-16f2-4de0-92fe-5acddeb5f0c9","1571356800000","Other","panoplay.duckdns.org",,,"0","44",,,"Festival of Lights - Demo","1571407200000","adefd2d2-f8ae-4beb-8f39-2f2438b65421","193.175.2.0","false","false","true","Verein zur Foerderung eines Deutschen Forschungsne","en-US","./livestream/master.m3u8","1571408460000","1569888000000",,"Fedora",,,"482","1",,"0","0","videojs",,"44","html5","videojs-7.6.0",,"BE","900","1600","0","WINDOW","0","setup","hls","1571408505000","d94c2471-d22b-4689-b4f6-7df7f7dc65d9","0","0","Horus Live","0","0","0","Horus Live","0","0","0","0",,,,,"web"
"v2.5.4","680","0","true","Firefox","69","0","0",,"berlin","1571408506000","DE","95efae4b-b559-43e0-ae7c-5e57b4cc13c6","Mozilla/5.0 (X11; Fedora; Linux x86_64; rv:69.0) Gecko/20100101 Firefox/69.0",,,,"2d1dc5e8-16f2-4de0-92fe-5acddeb5f0c9","1571356800000","Other","panoplay.duckdns.org",,,"0","581",,,"Festival of Lights - Demo","1571407200000","adefd2d2-f8ae-4beb-8f39-2f2438b65421","193.175.2.0","false","true","true","Verein zur Foerderung eines Deutschen Forschungsne","en-US","./livestream/master.m3u8","1571408460000","1569888000000",,"Fedora",,,"0","1",,"0","0","videojs",,"0","html5","videojs-7.6.0",,"BE","900","1600","0","WINDOW","625","startup","hls","1571408506000","d94c2471-d22b-4689-b4f6-7df7f7dc65d9","0",,"Horus Live","2816","2816","581","Horus Live","0","0","4004","0",,,,,"web"
"v2.5.4","680","0",,"Firefox","69","0","0",,"berlin","1571408506000","DE","95efae4b-b559-43e0-ae7c-5e57b4cc13c6","Mozilla/5.0 (X11; Fedora; Linux x86_64; rv:69.0) Gecko/20100101 Firefox/69.0",,,,"2d1dc5e8-16f2-4de0-92fe-5acddeb5f0c9","1571356800000","Other","panoplay.duckdns.org",,,"0","0",,,"Festival of Lights - Demo","1571407200000","adefd2d2-f8ae-4beb-8f39-2f2438b65421","193.175.2.0","false","true","true","Verein zur Foerderung eines Deutschen Forschungsne","en-US","./livestream/master.m3u8","1571408460000","1569888000000",,"Fedora",,,"0","1",,"0","0","videojs",,"0","html5","videojs-7.6.0",,"BE","900","1600","0","WINDOW","0","qualitychange","hls","1571408506000","d94c2471-d22b-4689-b4f6-7df7f7dc65d9","8000000",,"Horus Live","2816","2816","0","Horus Live","0","0","4004","4004",,,,,"web"
"v2.5.4","680","0",,"Firefox","69","0","0",,"berlin","1571408506000","DE","95efae4b-b559-43e0-ae7c-5e57b4cc13c6","Mozilla/5.0 (X11; Fedora; Linux x86_64; rv:69.0) Gecko/20100101 Firefox/69.0",,,,"2d1dc5e8-16f2-4de0-92fe-5acddeb5f0c9","1571356800000","Other","panoplay.duckdns.org",,,"0","2",,,"Festival of Lights - Demo","1571407200000","adefd2d2-f8ae-4beb-8f39-2f2438b65421","193.175.2.0","false","true","true","Verein zur Foerderung eines Deutschen Forschungsne","en-US","./livestream/master.m3u8","1571408460000","1569888000000",,"Fedora",,,"0","1",,"0","2","videojs",,"0","html5","videojs-7.6.0",,"BE","900","1600","0","WINDOW","0","playing","hls","1571408506000","d94c2471-d22b-4689-b4f6-7df7f7dc65d9","0",,"Horus Live","2816","2816","0","Horus Live","0","0","4004","4004",,,,,"web"
"v2.5.4","680","0",,"Safari","13","0","0",,"berlin","1571408509000","DE","a55332f2-8659-48bd-a665-51cdbd1eeed5","Mozilla/5.0 (Macintosh; Intel Mac OS X 10_14_6) AppleWebKit/605.1.15 (KHTML, like Gecko) Version/13.0.1 Safari/605.1.15",,,,"002505dc-1a54-4fd1-83af-5ceee036005e","1571356800000","Other","panoplay.duckdns.org",,,"0","38",,,"Festival of Lights - Demo","1571407200000","56fb18a5-abae-4bf2-86a7-d0cc1be3a091","193.175.2.0","false","false","true","Verein zur Foerderung eines Deutschen Forschungsne","en-US","./livestream/master.m3u8","1571408460000","1569888000000",,"Mac OS X","10","14","658","1",,"0","0","videojs",,"38","html5","videojs-7.6.0",,"BE","1050","1680","0","WINDOW","0","setup","hls","1571408509000","f8f9cf6e-5062-4092-ad61-044dd12cc9ad","0","0","Horus Live","0","0","0","Horus Live","0","0","0","0",,,,,"web"
"v2.5.4","680","0","true","Safari","13","0","0",,"berlin","1571408510000","DE","a55332f2-8659-48bd-a665-51cdbd1eeed5","Mozilla/5.0 (Macintosh; Intel Mac OS X 10_14_6) AppleWebKit/605.1.15 (KHTML, like Gecko) Version/13.0.1 Safari/605.1.15",,,,"002505dc-1a54-4fd1-83af-5ceee036005e","1571356800000","Other","panoplay.duckdns.org",,,"0","249",,,"Festival of Lights - Demo","1571407200000","56fb18a5-abae-4bf2-86a7-d0cc1be3a091","193.175.2.0","false","true","true","Verein zur Foerderung eines Deutschen Forschungsne","en-US","./livestream/master.m3u8","1571408460000","1569888000000",,"Mac OS X","10","14","0","1",,"0","0","videojs",,"0","html5","videojs-7.6.0",,"BE","1050","1680","0","WINDOW","287","startup","hls","1571408510000","f8f9cf6e-5062-4092-ad61-044dd12cc9ad","0",,"Horus Live","2816","2816","249","Horus Live","0","0","4257","4008",,,,,"web"
"v2.5.4","680","0",,"Safari","13","0","0",,"berlin","1571408514000","DE","a55332f2-8659-48bd-a665-51cdbd1eeed5","Mozilla/5.0 (Macintosh; Intel Mac OS X 10_14_6) AppleWebKit/605.1.15 (KHTML, like Gecko) Version/13.0.1 Safari/605.1.15",,,,"002505dc-1a54-4fd1-83af-5ceee036005e","1571356800000","Other","panoplay.duckdns.org",,,"0","4725",,,"Festival of Lights - Demo","1571407200000","56fb18a5-abae-4bf2-86a7-d0cc1be3a091","193.175.2.0","false","true","true","Verein zur Foerderung eines Deutschen Forschungsne","en-US","./livestream/master.m3u8","1571408460000","1569888000000",,"Mac OS X","10","14","0","1",,"0","4725","videojs",,"0","html5","videojs-7.6.0",,"BE","1050","1680","0","WINDOW","0","playing","hls","1571408514000","f8f9cf6e-5062-4092-ad61-044dd12cc9ad","0",,"Horus Live","2816","2816","0","Horus Live","0","0","8982","4257",,,,,"web"
"v2.5.4","680","0",,"Safari","13","0","29",,"berlin","1571408514000","DE","a55332f2-8659-48bd-a665-51cdbd1eeed5","Mozilla/5.0 (Macintosh; Intel Mac OS X 10_14_6) AppleWebKit/605.1.15 (KHTML, like Gecko) Version/13.0.1 Safari/605.1.15",,,,"002505dc-1a54-4fd1-83af-5ceee036005e","1571356800000","Other","panoplay.duckdns.org",,,"0","29",,,"Festival of Lights - Demo","1571407200000","56fb18a5-abae-4bf2-86a7-d0cc1be3a091","193.175.2.0","false","true","true","Verein zur Foerderung eines Deutschen Forschungsne","en-US","./livestream/master.m3u8","1571408460000","1569888000000",,"Mac OS X","10","14","0","1",,"0","0","videojs",,"0","html5","videojs-7.6.0",,"BE","1050","1680","0","WINDOW","0","rebuffering","hls","1571408514000","f8f9cf6e-5062-4092-ad61-044dd12cc9ad","0",,"Horus Live","2816","2816","0","Horus Live","0","0","9011","8982",,,,,"web"
"v2.5.4","680","0",,"Firefox","69","0","0",,"berlin","1571408514000","DE","95efae4b-b559-43e0-ae7c-5e57b4cc13c6","Mozilla/5.0 (X11; Fedora; Linux x86_64; rv:69.0) Gecko/20100101 Firefox/69.0",,,,"2d1dc5e8-16f2-4de0-92fe-5acddeb5f0c9","1571356800000","Other","panoplay.duckdns.org",,,"0","8092",,,"Festival of Lights - Demo","1571407200000","adefd2d2-f8ae-4beb-8f39-2f2438b65421","193.175.2.0","false","true","true","Verein zur Foerderung eines Deutschen Forschungsne","en-US","./livestream/master.m3u8","1571408460000","1569888000000",,"Fedora",,,"0","1",,"0","8092","videojs",,"0","html5","videojs-7.6.0",,"BE","900","1600","0","WINDOW","0","playing","hls","1571408514000","d94c2471-d22b-4689-b4f6-7df7f7dc65d9","8000000",,"Horus Live","2816","2816","0","Horus Live","0","0","11984","4004",,,,,"web"
"v2.5.4","680","0",,"Firefox","69","0","0",,"berlin","1571408515000","DE","95efae4b-b559-43e0-ae7c-5e57b4cc13c6","Mozilla/5.0 (X11; Fedora; Linux x86_64; rv:69.0) Gecko/20100101 Firefox/69.0",,,,"2d1dc5e8-16f2-4de0-92fe-5acddeb5f0c9","1571356800000","Other","panoplay.duckdns.org",,,"0","0",,,"Festival of Lights - Demo","1571407200000","adefd2d2-f8ae-4beb-8f39-2f2438b65421","193.175.2.0","false","true","true","Verein zur Foerderung eines Deutschen Forschungsne","en-US","./livestream/master.m3u8","1571408460000","1569888000000",,"Fedora",,,"0","1",,"0","0","videojs",,"0","html5","videojs-7.6.0",,"BE","900","1600","0","WINDOW","0","qualitychange","hls","1571408515000","d94c2471-d22b-4689-b4f6-7df7f7dc65d9","6000000",,"Horus Live","2816","2816","0","Horus Live","0","0","11984","11984",,,,,"web"
"v2.5.4","680","0",,"Firefox","69","0","1684",,"berlin","1571408515000","DE","95efae4b-b559-43e0-ae7c-5e57b4cc13c6","Mozilla/5.0 (X11; Fedora; Linux x86_64; rv:69.0) Gecko/20100101 Firefox/69.0",,,,"2d1dc5e8-16f2-4de0-92fe-5acddeb5f0c9","1571356800000","Other","panoplay.duckdns.org",,,"0","1684",,,"Festival of Lights - Demo","1571407200000","adefd2d2-f8ae-4beb-8f39-2f2438b65421","193.175.2.0","false","true","true","Verein zur Foerderung eines Deutschen Forschungsne","en-US","./livestream/master.m3u8","1571408460000","1569888000000",,"Fedora",,,"0","1",,"0","0","videojs",,"0","html5","videojs-7.6.0",,"BE","900","1600","0","WINDOW","0","rebuffering","hls","1571408515000","d94c2471-d22b-4689-b4f6-7df7f7dc65d9","8000000",,"Horus Live","2816","2816","0","Horus Live","0","0","11984","11984",,,,,"web"
"v2.5.4","680","0",,"Firefox","69","0","0",,"berlin","1571408516000","DE","95efae4b-b559-43e0-ae7c-5e57b4cc13c6","Mozilla/5.0 (X11; Fedora; Linux x86_64; rv:69.0) Gecko/20100101 Firefox/69.0",,,,"2d1dc5e8-16f2-4de0-92fe-5acddeb5f0c9","1571356800000","Other","panoplay.duckdns.org",,,"0","4",,,"Festival of Lights - Demo","1571407200000","adefd2d2-f8ae-4beb-8f39-2f2438b65421","193.175.2.0","false","true","true","Verein zur Foerderung eines Deutschen Forschungsne","en-US","./livestream/master.m3u8","1571408460000","1569888000000",,"Fedora",,,"0","1",,"0","4","videojs",,"0","html5","videojs-7.6.0",,"BE","900","1600","0","WINDOW","0","playing","hls","1571408516000","d94c2471-d22b-4689-b4f6-7df7f7dc65d9","8000000",,"Horus Live","2816","2816","0","Horus Live","0","0","11984","11984",,,,,"web"
"v2.5.4","680","0",,"Safari","13","0","0",,"berlin","1571408527000","DE","a55332f2-8659-48bd-a665-51cdbd1eeed5","Mozilla/5.0 (Macintosh; Intel Mac OS X 10_14_6) AppleWebKit/605.1.15 (KHTML, like Gecko) Version/13.0.1 Safari/605.1.15",,,,"002505dc-1a54-4fd1-83af-5ceee036005e","1571356800000","Other","panoplay.duckdns.org",,,"0","12236",,,"Festival of Lights - Demo","1571407200000","56fb18a5-abae-4bf2-86a7-d0cc1be3a091","193.175.2.0","false","true","true","Verein zur Foerderung eines Deutschen Forschungsne","en-US","./livestream/master.m3u8","1571408520000","1569888000000",,"Mac OS X","10","14","0","1",,"0","12236","videojs",,"0","html5","videojs-7.6.0",,"BE","1050","1680","0","WINDOW","0","playing","hls","1571408527000","f8f9cf6e-5062-4092-ad61-044dd12cc9ad","0",,"Horus Live","2816","2816","0","Horus Live","0","0","21246","9011",,,,,"web"
"v2.5.4","680","0",,"Safari","13","0","40",,"berlin","1571408527000","DE","a55332f2-8659-48bd-a665-51cdbd1eeed5","Mozilla/5.0 (Macintosh; Intel Mac OS X 10_14_6) AppleWebKit/605.1.15 (KHTML, like Gecko) Version/13.0.1 Safari/605.1.15",,,,"002505dc-1a54-4fd1-83af-5ceee036005e","1571356800000","Other","panoplay.duckdns.org",,,"0","40",,,"Festival of Lights - Demo","1571407200000","56fb18a5-abae-4bf2-86a7-d0cc1be3a091","193.175.2.0","false","true","true","Verein zur Foerderung eines Deutschen Forschungsne","en-US","./livestream/master.m3u8","1571408520000","1569888000000",,"Mac OS X","10","14","0","1",,"0","0","videojs",,"0","html5","videojs-7.6.0",,"BE","1050","1680","0","WINDOW","0","rebuffering","hls","1571408527000","f8f9cf6e-5062-4092-ad61-044dd12cc9ad","0",,"Horus Live","2816","2816","0","Horus Live","0","0","21287","21246",,,,,"web"
"v2.5.4","680","0",,"Safari","13","0","0",,"berlin","1571408535000","DE","a55332f2-8659-48bd-a665-51cdbd1eeed5","Mozilla/5.0 (Macintosh; Intel Mac OS X 10_14_6) AppleWebKit/605.1.15 (KHTML, like Gecko) Version/13.0.1 Safari/605.1.15",,,,"002505dc-1a54-4fd1-83af-5ceee036005e","1571356800000","Other","panoplay.duckdns.org",,,"0","8024",,,"Festival of Lights - Demo","1571407200000","56fb18a5-abae-4bf2-86a7-d0cc1be3a091","193.175.2.0","false","true","true","Verein zur Foerderung eines Deutschen Forschungsne","en-US","./livestream/master.m3u8","1571408520000","1569888000000",,"Mac OS X","10","14","0","1",,"0","8024","videojs",,"0","html5","videojs-7.6.0",,"BE","1050","1680","0","WINDOW","0","playing","hls","1571408535000","f8f9cf6e-5062-4092-ad61-044dd12cc9ad","0",,"Horus Live","2816","2816","0","Horus Live","0","0","29311","21287",,,,,"web"
"v2.5.4","680","0",,"Safari","13","0","247",,"berlin","1571408535000","DE","a55332f2-8659-48bd-a665-51cdbd1eeed5","Mozilla/5.0 (Macintosh; Intel Mac OS X 10_14_6) AppleWebKit/605.1.15 (KHTML, like Gecko) Version/13.0.1 Safari/605.1.15",,,,"002505dc-1a54-4fd1-83af-5ceee036005e","1571356800000","Other","panoplay.duckdns.org",,,"0","247",,,"Festival of Lights - Demo","1571407200000","56fb18a5-abae-4bf2-86a7-d0cc1be3a091","193.175.2.0","false","true","true","Verein zur Foerderung eines Deutschen Forschungsne","en-US","./livestream/master.m3u8","1571408520000","1569888000000",,"Mac OS X","10","14","0","1",,"0","0","videojs",,"0","html5","videojs-7.6.0",,"BE","1050","1680","0","WINDOW","0","rebuffering","hls","1571408535000","f8f9cf6e-5062-4092-ad61-044dd12cc9ad","0",,"Horus Live","2816","2816","0","Horus Live","0","0","29558","29311",,,,,"web"
"v2.5.4","680","0",,"Safari","13","0","201",,"berlin","1571408543000","DE","a55332f2-8659-48bd-a665-51cdbd1eeed5","Mozilla/5.0 (Macintosh; Intel Mac OS X 10_14_6) AppleWebKit/605.1.15 (KHTML, like Gecko) Version/13.0.1 Safari/605.1.15",,,,"002505dc-1a54-4fd1-83af-5ceee036005e","1571356800000","Other","panoplay.duckdns.org",,,"0","201",,,"Festival of Lights - Demo","1571407200000","56fb18a5-abae-4bf2-86a7-d0cc1be3a091","193.175.2.0","false","true","true","Verein zur Foerderung eines Deutschen Forschungsne","en-US","./livestream/master.m3u8","1571408520000","1569888000000",,"Mac OS X","10","14","0","1",,"0","0","videojs",,"0","html5","videojs-7.6.0",,"BE","1050","1680","0","WINDOW","0","rebuffering","hls","1571408543000","f8f9cf6e-5062-4092-ad61-044dd12cc9ad","0",,"Horus Live","2816","2816","0","Horus Live","0","0","37577","37376",,,,,"web"
"v2.5.4","680","0",,"Safari","13","0","0",,"berlin","1571408543000","DE","a55332f2-8659-48bd-a665-51cdbd1eeed5","Mozilla/5.0 (Macintosh; Intel Mac OS X 10_14_6) AppleWebKit/605.1.15 (KHTML, like Gecko) Version/13.0.1 Safari/605.1.15",,,,"002505dc-1a54-4fd1-83af-5ceee036005e","1571356800000","Other","panoplay.duckdns.org",,,"0","7819",,,"Festival of Lights - Demo","1571407200000","56fb18a5-abae-4bf2-86a7-d0cc1be3a091","193.175.2.0","false","true","true","Verein zur Foerderung eines Deutschen Forschungsne","en-US","./livestream/master.m3u8","1571408520000","1569888000000",,"Mac OS X","10","14","0","1",,"0","7819","videojs",,"0","html5","videojs-7.6.0",,"BE","1050","1680","0","WINDOW","0","playing","hls","1571408543000","f8f9cf6e-5062-4092-ad61-044dd12cc9ad","0",,"Horus Live","2816","2816","0","Horus Live","0","0","37376","29558",,,,,"web"
"v2.5.4","680","0",,"Safari","13","0","0",,"berlin","1571408549000","DE","a55332f2-8659-48bd-a665-51cdbd1eeed5","Mozilla/5.0 (Macintosh; Intel Mac OS X 10_14_6) AppleWebKit/605.1.15 (KHTML, like Gecko) Version/13.0.1 Safari/605.1.15",,,,"002505dc-1a54-4fd1-83af-5ceee036005e","1571356800000","Other","panoplay.duckdns.org",,,"0","5759",,,"Festival of Lights - Demo","1571407200000","56fb18a5-abae-4bf2-86a7-d0cc1be3a091","193.175.2.0","false","true","true","Verein zur Foerderung eines Deutschen Forschungsne","en-US","./livestream/master.m3u8","1571408520000","1569888000000",,"Mac OS X","10","14","0","1",,"0","5759","videojs",,"0","html5","videojs-7.6.0",,"BE","1050","1680","0","WINDOW","0","playing","hls","1571408549000","f8f9cf6e-5062-4092-ad61-044dd12cc9ad","0",,"Horus Live","2816","2816","0","Horus Live","0","0","43336","37577",,,,,"web"
"v2.5.4","680","0",,"Safari","13","0","1",,"berlin","1571408549000","DE","a55332f2-8659-48bd-a665-51cdbd1eeed5","Mozilla/5.0 (Macintosh; Intel Mac OS X 10_14_6) AppleWebKit/605.1.15 (KHTML, like Gecko) Version/13.0.1 Safari/605.1.15",,,,"002505dc-1a54-4fd1-83af-5ceee036005e","1571356800000","Other","panoplay.duckdns.org",,,"0","1",,,"Festival of Lights - Demo","1571407200000","56fb18a5-abae-4bf2-86a7-d0cc1be3a091","193.175.2.0","false","true","true","Verein zur Foerderung eines Deutschen Forschungsne","en-US","./livestream/master.m3u8","1571408520000","1569888000000",,"Mac OS X","10","14","0","1",,"0","0","videojs",,"0","html5","videojs-7.6.0",,"BE","1050","1680","0","WINDOW","0","rebuffering","hls","1571408549000","f8f9cf6e-5062-4092-ad61-044dd12cc9ad","0",,"Horus Live","2816","2816","0","Horus Live","0","0","43337","43336",,,,,"web"
"v2.5.4","680","0",,"Safari","13","0","0",,"berlin","1571408551000","DE","a55332f2-8659-48bd-a665-51cdbd1eeed5","Mozilla/5.0 (Macintosh; Intel Mac OS X 10_14_6) AppleWebKit/605.1.15 (KHTML, like Gecko) Version/13.0.1 Safari/605.1.15",,,,"002505dc-1a54-4fd1-83af-5ceee036005e","1571356800000","Other","panoplay.duckdns.org",,,"0","2732",,,"Festival of Lights - Demo","1571407200000","56fb18a5-abae-4bf2-86a7-d0cc1be3a091","193.175.2.0","false","true","true","Verein zur Foerderung eines Deutschen Forschungsne","en-US","./livestream/master.m3u8","1571408520000","1569888000000",,"Mac OS X","10","14","0","1",,"0","2732","videojs",,"0","html5","videojs-7.6.0",,"BE","1050","1680","0","WINDOW","0","playing","hls","1571408551000","f8f9cf6e-5062-4092-ad61-044dd12cc9ad","0",,"Horus Live","2816","2816","0","Horus Live","0","0","46063","43337",,,,,"web"
"v2.5.4","680","0",,"Firefox","69","0","386",,"berlin","1571408552000","DE","95efae4b-b559-43e0-ae7c-5e57b4cc13c6","Mozilla/5.0 (X11; Fedora; Linux x86_64; rv:69.0) Gecko/20100101 Firefox/69.0",,,,"2d1dc5e8-16f2-4de0-92fe-5acddeb5f0c9","1571356800000","Other","panoplay.duckdns.org",,,"0","386",,,"Festival of Lights - Demo","1571407200000","adefd2d2-f8ae-4beb-8f39-2f2438b65421","193.175.2.0","false","true","true","Verein zur Foerderung eines Deutschen Forschungsne","en-US","./livestream/master.m3u8","1571408520000","1569888000000",,"Fedora",,,"0","1",,"0","0","videojs",,"0","html5","videojs-7.6.0",,"BE","900","1600","0","WINDOW","0","rebuffering","hls","1571408552000","d94c2471-d22b-4689-b4f6-7df7f7dc65d9","6000000",,"Horus Live","2816","2816","0","Horus Live","0","0","48040","48040",,,,,"web"
"v2.5.4","680","0",,"Firefox","69","0","0",,"berlin","1571408552000","DE","95efae4b-b559-43e0-ae7c-5e57b4cc13c6","Mozilla/5.0 (X11; Fedora; Linux x86_64; rv:69.0) Gecko/20100101 Firefox/69.0",,,,"2d1dc5e8-16f2-4de0-92fe-5acddeb5f0c9","1571356800000","Other","panoplay.duckdns.org",,,"0","36046",,,"Festival of Lights - Demo","1571407200000","adefd2d2-f8ae-4beb-8f39-2f2438b65421","193.175.2.0","false","true","true","Verein zur Foerderung eines Deutschen Forschungsne","en-US","./livestream/master.m3u8","1571408520000","1569888000000",,"Fedora",,,"0","1",,"0","36046","videojs",,"0","html5","videojs-7.6.0",,"BE","900","1600","0","WINDOW","0","playing","hls","1571408552000","d94c2471-d22b-4689-b4f6-7df7f7dc65d9","6000000",,"Horus Live","2816","2816","0","Horus Live","0","0","48040","11984",,,,,"web"
"v2.5.4","680","0",,"Firefox","69","0","0",,"berlin","1571408554000","DE","95efae4b-b559-43e0-ae7c-5e57b4cc13c6","Mozilla/5.0 (X11; Fedora; Linux x86_64; rv:69.0) Gecko/20100101 Firefox/69.0",,,,"2d1dc5e8-16f2-4de0-92fe-5acddeb5f0c9","1571356800000","Other","panoplay.duckdns.org",,,"0","1974",,,"Festival of Lights - Demo","1571407200000","adefd2d2-f8ae-4beb-8f39-2f2438b65421","193.175.2.0","false","true","true","Verein zur Foerderung eines Deutschen Forschungsne","en-US","./livestream/master.m3u8","1571408520000","1569888000000",,"Fedora",,,"0","1",,"0","1974","videojs",,"0","html5","videojs-7.6.0",,"BE","900","1600","0","WINDOW","0","playing","hls","1571408554000","d94c2471-d22b-4689-b4f6-7df7f7dc65d9","6000000",,"Horus Live","2816","2816","0","Horus Live","0","0","50034","48040",,,,,"web"
"v2.5.4","680","0",,"Firefox","69","0","1125",,"berlin","1571408555000","DE","95efae4b-b559-43e0-ae7c-5e57b4cc13c6","Mozilla/5.0 (X11; Fedora; Linux x86_64; rv:69.0) Gecko/20100101 Firefox/69.0",,,,"2d1dc5e8-16f2-4de0-92fe-5acddeb5f0c9","1571356800000","Other","panoplay.duckdns.org",,,"0","1125",,,"Festival of Lights - Demo","1571407200000","adefd2d2-f8ae-4beb-8f39-2f2438b65421","193.175.2.0","false","true","true","Verein zur Foerderung eines Deutschen Forschungsne","en-US","./livestream/master.m3u8","1571408520000","1569888000000",,"Fedora",,,"0","1",,"0","0","videojs",,"0","html5","videojs-7.6.0",,"BE","900","1600","0","WINDOW","0","rebuffering","hls","1571408555000","d94c2471-d22b-4689-b4f6-7df7f7dc65d9","6000000",,"Horus Live","2816","2816","0","Horus Live","0","0","50035","50034",,,,,"web"
"v2.5.4","680","0",,"Safari","13","0","0",,"berlin","1571408563000","DE","8bdf0663-c596-4c91-84c2-f50c56f010d2","Mozilla/5.0 (Macintosh; Intel Mac OS X 10_14_6) AppleWebKit/605.1.15 (KHTML, like Gecko) Version/13.0.1 Safari/605.1.15",,,,"002505dc-1a54-4fd1-83af-5ceee036005e","1571356800000","Other","panoplay.duckdns.org",,,"0","58",,,"Festival of Lights - Demo","1571407200000","766cc5ee-fe39-4597-ac53-5c3ddedca1d4","193.175.2.0","false","false","true","Verein zur Foerderung eines Deutschen Forschungsne","en-US","./livestream/master.m3u8","1571408520000","1569888000000",,"Mac OS X","10","14","1107","1",,"0","0","videojs",,"58","html5","videojs-7.6.0",,"BE","1050","1680","0","WINDOW","0","setup","hls","1571408563000","f8f9cf6e-5062-4092-ad61-044dd12cc9ad","0","0","Horus Live","0","0","0","Horus Live","0","0","0","0",,,,,"web"
"v2.5.4","680","0","true","Safari","13","0","0",,"berlin","1571408564000","DE","8bdf0663-c596-4c91-84c2-f50c56f010d2","Mozilla/5.0 (Macintosh; Intel Mac OS X 10_14_6) AppleWebKit/605.1.15 (KHTML, like Gecko) Version/13.0.1 Safari/605.1.15",,,,"002505dc-1a54-4fd1-83af-5ceee036005e","1571356800000","Other","panoplay.duckdns.org",,,"0","250",,,"Festival of Lights - Demo","1571407200000","766cc5ee-fe39-4597-ac53-5c3ddedca1d4","193.175.2.0","false","true","true","Verein zur Foerderung eines Deutschen Forschungsne","en-US","./livestream/master.m3u8","1571408520000","1569888000000",,"Mac OS X","10","14","0","1",,"0","0","videojs",,"0","html5","videojs-7.6.0",,"BE","1050","1680","0","WINDOW","308","startup","hls","1571408564000","f8f9cf6e-5062-4092-ad61-044dd12cc9ad","0",,"Horus Live","2816","2816","250","Horus Live","0","0","4254","4005",,,,,"web"
"v2.5.4","680","0",,"Safari","13","0","248",,"berlin","1571408567000","DE","8bdf0663-c596-4c91-84c2-f50c56f010d2","Mozilla/5.0 (Macintosh; Intel Mac OS X 10_14_6) AppleWebKit/605.1.15 (KHTML, like Gecko) Version/13.0.1 Safari/605.1.15",,,,"002505dc-1a54-4fd1-83af-5ceee036005e","1571356800000","Other","panoplay.duckdns.org",,,"0","248",,,"Festival of Lights - Demo","1571407200000","766cc5ee-fe39-4597-ac53-5c3ddedca1d4","193.175.2.0","false","true","true","Verein zur Foerderung eines Deutschen Forschungsne","en-US","./livestream/master.m3u8","1571408520000","1569888000000",,"Mac OS X","10","14","0","1",,"0","0","videojs",,"0","html5","videojs-7.6.0",,"BE","1050","1680","0","WINDOW","0","rebuffering","hls","1571408567000","f8f9cf6e-5062-4092-ad61-044dd12cc9ad","0",,"Horus Live","2816","2816","0","Horus Live","0","0","7512","7264",,,,,"web"
"v2.5.4","680","0",,"Safari","13","0","0",,"berlin","1571408567000","DE","8bdf0663-c596-4c91-84c2-f50c56f010d2","Mozilla/5.0 (Macintosh; Intel Mac OS X 10_14_6) AppleWebKit/605.1.15 (KHTML, like Gecko) Version/13.0.1 Safari/605.1.15",,,,"002505dc-1a54-4fd1-83af-5ceee036005e","1571356800000","Other","panoplay.duckdns.org",,,"0","3010",,,"Festival of Lights - Demo","1571407200000","766cc5ee-fe39-4597-ac53-5c3ddedca1d4","193.175.2.0","false","true","true","Verein zur Foerderung eines Deutschen Forschungsne","en-US","./livestream/master.m3u8","1571408520000","1569888000000",,"Mac OS X","10","14","0","1",,"0","3010","videojs",,"0","html5","videojs-7.6.0",,"BE","1050","1680","0","WINDOW","0","playing","hls","1571408567000","f8f9cf6e-5062-4092-ad61-044dd12cc9ad","0",,"Horus Live","2816","2816","0","Horus Live","0","0","7264","4254",,,,,"web"
"v2.5.4","680","0",,"Safari","13","0","0",,"berlin","1571408579000","DE","8bdf0663-c596-4c91-84c2-f50c56f010d2","Mozilla/5.0 (Macintosh; Intel Mac OS X 10_14_6) AppleWebKit/605.1.15 (KHTML, like Gecko) Version/13.0.1 Safari/605.1.15",,,,"002505dc-1a54-4fd1-83af-5ceee036005e","1571356800000","Other","panoplay.duckdns.org",,,"0","11674",,,"Festival of Lights - Demo","1571407200000","766cc5ee-fe39-4597-ac53-5c3ddedca1d4","193.175.2.0","false","true","true","Verein zur Foerderung eines Deutschen Forschungsne","en-US","./livestream/master.m3u8","1571408520000","1569888000000",,"Mac OS X","10","14","0","1",,"0","11674","videojs",,"0","html5","videojs-7.6.0",,"BE","1050","1680","0","WINDOW","0","playing","hls","1571408579000","f8f9cf6e-5062-4092-ad61-044dd12cc9ad","0",,"Horus Live","2816","2816","0","Horus Live","0","0","19186","7512",,,,,"web"
"v2.5.4","680","0",,"Safari","13","0","111",,"berlin","1571408579000","DE","8bdf0663-c596-4c91-84c2-f50c56f010d2","Mozilla/5.0 (Macintosh; Intel Mac OS X 10_14_6) AppleWebKit/605.1.15 (KHTML, like Gecko) Version/13.0.1 Safari/605.1.15",,,,"002505dc-1a54-4fd1-83af-5ceee036005e","1571356800000","Other","panoplay.duckdns.org",,,"0","111",,,"Festival of Lights - Demo","1571407200000","766cc5ee-fe39-4597-ac53-5c3ddedca1d4","193.175.2.0","false","true","true","Verein zur Foerderung eines Deutschen Forschungsne","en-US","./livestream/master.m3u8","1571408520000","1569888000000",,"Mac OS X","10","14","0","1",,"0","0","videojs",,"0","html5","videojs-7.6.0",,"BE","1050","1680","0","WINDOW","0","rebuffering","hls","1571408579000","f8f9cf6e-5062-4092-ad61-044dd12cc9ad","0",,"Horus Live","2816","2816","0","Horus Live","0","0","19297","19186",,,,,"web"
"v2.5.4","680","0",,"Safari","13","0","161",,"berlin","1571408585000","DE","8bdf0663-c596-4c91-84c2-f50c56f010d2","Mozilla/5.0 (Macintosh; Intel Mac OS X 10_14_6) AppleWebKit/605.1.15 (KHTML, like Gecko) Version/13.0.1 Safari/605.1.15",,,,"002505dc-1a54-4fd1-83af-5ceee036005e","1571356800000","Other","panoplay.duckdns.org",,,"0","161",,,"Festival of Lights - Demo","1571407200000","766cc5ee-fe39-4597-ac53-5c3ddedca1d4","193.175.2.0","false","true","true","Verein zur Foerderung eines Deutschen Forschungsne","en-US","./livestream/master.m3u8","1571408580000","1569888000000",,"Mac OS X","10","14","0","1",,"0","0","videojs",,"0","html5","videojs-7.6.0",,"BE","1050","1680","0","WINDOW","0","rebuffering","hls","1571408585000","f8f9cf6e-5062-4092-ad61-044dd12cc9ad","0",,"Horus Live","2816","2816","0","Horus Live","0","0","25307","25145",,,,,"web"
"v2.5.4","680","0",,"Safari","13","0","0",,"berlin","1571408585000","DE","8bdf0663-c596-4c91-84c2-f50c56f010d2","Mozilla/5.0 (Macintosh; Intel Mac OS X 10_14_6) AppleWebKit/605.1.15 (KHTML, like Gecko) Version/13.0.1 Safari/605.1.15",,,,"002505dc-1a54-4fd1-83af-5ceee036005e","1571356800000","Other","panoplay.duckdns.org",,,"0","5848",,,"Festival of Lights - Demo","1571407200000","766cc5ee-fe39-4597-ac53-5c3ddedca1d4","193.175.2.0","false","true","true","Verein zur Foerderung eines Deutschen Forschungsne","en-US","./livestream/master.m3u8","1571408580000","1569888000000",,"Mac OS X","10","14","0","1",,"0","5848","videojs",,"0","html5","videojs-7.6.0",,"BE","1050","1680","0","WINDOW","0","playing","hls","1571408585000","f8f9cf6e-5062-4092-ad61-044dd12cc9ad","0",,"Horus Live","2816","2816","0","Horus Live","0","0","25145","19297",,,,,"web"
"v2.5.4","680","0",,"Safari","13","0","0",,"berlin","1571408586000","DE","8bdf0663-c596-4c91-84c2-f50c56f010d2","Mozilla/5.0 (Macintosh; Intel Mac OS X 10_14_6) AppleWebKit/605.1.15 (KHTML, like Gecko) Version/13.0.1 Safari/605.1.15",,,,"002505dc-1a54-4fd1-83af-5ceee036005e","1571356800000","Other","panoplay.duckdns.org",,,"0","756",,,"Festival of Lights - Demo","1571407200000","766cc5ee-fe39-4597-ac53-5c3ddedca1d4","193.175.2.0","false","true","true","Verein zur Foerderung eines Deutschen Forschungsne","en-US","./livestream/master.m3u8","1571408580000","1569888000000",,"Mac OS X","10","14","0","1",,"0","756","videojs",,"0","html5","videojs-7.6.0",,"BE","1050","1680","0","WINDOW","0","playing","hls","1571408586000","f8f9cf6e-5062-4092-ad61-044dd12cc9ad","0",,"Horus Live","2816","2816","0","Horus Live","0","0","26050","25307",,,,,"web"
"v2.5.4","680","0",,"Safari","13","0","2506",,"berlin","1571408588000","DE","8bdf0663-c596-4c91-84c2-f50c56f010d2","Mozilla/5.0 (Macintosh; Intel Mac OS X 10_14_6) AppleWebKit/605.1.15 (KHTML, like Gecko) Version/13.0.1 Safari/605.1.15",,,,"002505dc-1a54-4fd1-83af-5ceee036005e","1571356800000","Other","panoplay.duckdns.org",,,"0","2506",,,"Festival of Lights - Demo","1571407200000","766cc5ee-fe39-4597-ac53-5c3ddedca1d4","193.175.2.0","false","true","true","Verein zur Foerderung eines Deutschen Forschungsne","en-US","./livestream/master.m3u8","1571408580000","1569888000000",,"Mac OS X","10","14","0","1",,"0","0","videojs",,"0","html5","videojs-7.6.0",,"BE","1050","1680","0","WINDOW","0","rebuffering","hls","1571408588000","f8f9cf6e-5062-4092-ad61-044dd12cc9ad","0",,"Horus Live","2816","2816","0","Horus Live","0","0","26168","26050",,,,,"web"
"v2.5.4","680","0",,"Safari","13","0","0",,"berlin","1571408593000","DE","8bdf0663-c596-4c91-84c2-f50c56f010d2","Mozilla/5.0 (Macintosh; Intel Mac OS X 10_14_6) AppleWebKit/605.1.15 (KHTML, like Gecko) Version/13.0.1 Safari/605.1.15",,,,"002505dc-1a54-4fd1-83af-5ceee036005e","1571356800000","Other","panoplay.duckdns.org",,,"0","4640",,,"Festival of Lights - Demo","1571407200000","766cc5ee-fe39-4597-ac53-5c3ddedca1d4","193.175.2.0","false","true","true","Verein zur Foerderung eines Deutschen Forschungsne","en-US","./livestream/master.m3u8","1571408580000","1569888000000",,"Mac OS X","10","14","0","1",,"0","4640","videojs",,"0","html5","videojs-7.6.0",,"BE","1050","1680","0","WINDOW","0","playing","hls","1571408593000","f8f9cf6e-5062-4092-ad61-044dd12cc9ad","0",,"Horus Live","2816","2816","0","Horus Live","0","0","30808","26168",,,,,"web"
"v2.5.4","680","0",,"Safari","13","0","119",,"berlin","1571408593000","DE","8bdf0663-c596-4c91-84c2-f50c56f010d2","Mozilla/5.0 (Macintosh; Intel Mac OS X 10_14_6) AppleWebKit/605.1.15 (KHTML, like Gecko) Version/13.0.1 Safari/605.1.15",,,,"002505dc-1a54-4fd1-83af-5ceee036005e","1571356800000","Other","panoplay.duckdns.org",,,"0","119",,,"Festival of Lights - Demo","1571407200000","766cc5ee-fe39-4597-ac53-5c3ddedca1d4","193.175.2.0","false","true","true","Verein zur Foerderung eines Deutschen Forschungsne","en-US","./livestream/master.m3u8","1571408580000","1569888000000",,"Mac OS X","10","14","0","1",,"0","0","videojs",,"0","html5","videojs-7.6.0",,"BE","1050","1680","0","WINDOW","0","rebuffering","hls","1571408593000","f8f9cf6e-5062-4092-ad61-044dd12cc9ad","0",,"Horus Live","2816","2816","0","Horus Live","0","0","30927","30808",,,,,"web"
"v2.5.4","680","0",,"Safari","13","0","0",,"berlin","1571408598000","DE","8bdf0663-c596-4c91-84c2-f50c56f010d2","Mozilla/5.0 (Macintosh; Intel Mac OS X 10_14_6) AppleWebKit/605.1.15 (KHTML, like Gecko) Version/13.0.1 Safari/605.1.15",,,,"002505dc-1a54-4fd1-83af-5ceee036005e","1571356800000","Other","panoplay.duckdns.org",,,"0","5132",,,"Festival of Lights - Demo","1571407200000","766cc5ee-fe39-4597-ac53-5c3ddedca1d4","193.175.2.0","false","true","true","Verein zur Foerderung eines Deutschen Forschungsne","en-US","./livestream/master.m3u8","1571408580000","1569888000000",,"Mac OS X","10","14","0","1",,"0","5132","videojs",,"0","html5","videojs-7.6.0",,"BE","1050","1680","0","WINDOW","0","playing","hls","1571408598000","f8f9cf6e-5062-4092-ad61-044dd12cc9ad","0",,"Horus Live","2816","2816","0","Horus Live","0","0","36054","30927",,,,,"web"
"v2.5.4","680","0",,"Firefox","69","0","0",,"berlin","1571408615000","DE","95efae4b-b559-43e0-ae7c-5e57b4cc13c6","Mozilla/5.0 (X11; Fedora; Linux x86_64; rv:69.0) Gecko/20100101 Firefox/69.0",,,,"2d1dc5e8-16f2-4de0-92fe-5acddeb5f0c9","1571356800000","Other","panoplay.duckdns.org",,,"0","59771",,,"Festival of Lights - Demo","1571407200000","adefd2d2-f8ae-4beb-8f39-2f2438b65421","193.175.2.0","false","true","true","Verein zur Foerderung eines Deutschen Forschungsne","en-US","./livestream/master.m3u8","1571408580000","1569888000000",,"Fedora",,,"0","1",,"0","59771","videojs",,"0","html5","videojs-7.6.0",,"BE","900","1600","0","WINDOW","0","playing","hls","1571408615000","d94c2471-d22b-4689-b4f6-7df7f7dc65d9","6000000",,"Horus Live","2816","2816","0","Horus Live","0","0","109809","50035",,,,,"web"
"v2.5.4","680","0",,"Firefox","69","0","0",,"berlin","1571408628000","DE","95efae4b-b559-43e0-ae7c-5e57b4cc13c6","Mozilla/5.0 (X11; Fedora; Linux x86_64; rv:69.0) Gecko/20100101 Firefox/69.0",,,,"2d1dc5e8-16f2-4de0-92fe-5acddeb5f0c9","1571356800000","Other","panoplay.duckdns.org",,,"0","13327",,,"Festival of Lights - Demo","1571407200000","adefd2d2-f8ae-4beb-8f39-2f2438b65421","193.175.2.0","false","true","true","Verein zur Foerderung eines Deutschen Forschungsne","en-US","./livestream/master.m3u8","1571408580000","1569888000000",,"Fedora",,,"0","1",,"0","13327","videojs",,"0","html5","videojs-7.6.0",,"BE","900","1600","0","WINDOW","0","playing","hls","1571408628000","d94c2471-d22b-4689-b4f6-7df7f7dc65d9","6000000",,"Horus Live","2816","2816","0","Horus Live","0","0","123113","109809",,,,,"web"
"v2.5.4","680","0",,"Mobile Safari","12","1","0",,"berlin","1571408629000","DE","a6e0fad1-71ba-4e92-8b4b-b40b7a0b7885","Mozilla/5.0 (iPhone; CPU iPhone OS 12_4_1 like Mac OS X) AppleWebKit/605.1.15 (KHTML, like Gecko) Version/12.1.2 Mobile/15E148 Safari/604.1",,,,"5ff1d38b-aee0-4e04-940f-38bce628848a","1571356800000","iPhone","panoplay.duckdns.org",,,"0","3872827",,,"Festival of Lights - Demo","1571407200000","93cbfdf7-d5d7-4957-9926-240a841adec8","193.175.2.0","false","false","true","Verein zur Foerderung eines Deutschen Forschungsne","en-US","./livestream/master.m3u8","1571408580000","1569888000000",,"iOS","12","4","0","1",,"3872827","0","videojs",,"0","html5","videojs-7.6.0",,"BE","667","375","0","WINDOW","0","pause","hls","1571408629000","cfda95a9-89cf-4e88-abf6-6efb3d1ea461","0","1978976","Horus Live","2816","2816","0","Horus Live","0","0","45629","45629",,,,,"web"
"v2.5.4","680","0",,"Mobile Safari","12","1","0",,"berlin","1571408629000","DE","a6e0fad1-71ba-4e92-8b4b-b40b7a0b7885","Mozilla/5.0 (iPhone; CPU iPhone OS 12_4_1 like Mac OS X) AppleWebKit/605.1.15 (KHTML, like Gecko) Version/12.1.2 Mobile/15E148 Safari/604.1",,,,"5ff1d38b-aee0-4e04-940f-38bce628848a","1571356800000","iPhone","panoplay.duckdns.org",,,"0","0","3","The media playback was aborted due to a corruption problem or because the media used features your browser did not support.","Festival of Lights - Demo","1571407200000","93cbfdf7-d5d7-4957-9926-240a841adec8","193.175.2.0","false","false","true","Verein zur Foerderung eines Deutschen Forschungsne","en-US","./livestream/master.m3u8","1571408580000","1569888000000",,"iOS","12","4","0","1",,"0","0","videojs",,"0","html5","videojs-7.6.0",,"BE","667","375","0","WINDOW","0","error","hls","1571408629000","cfda95a9-89cf-4e88-abf6-6efb3d1ea461","0","1978976","Horus Live","2816","2816","0","Horus Live","0","0","45629","45629",,,,,"web"
"v2.5.4","680","0",,"Firefox","69","0","0",,"berlin","1571408629000","DE","cd320554-915f-4ea4-9a1b-2405082823ab","Mozilla/5.0 (X11; Fedora; Linux x86_64; rv:69.0) Gecko/20100101 Firefox/69.0",,,,"2d1dc5e8-16f2-4de0-92fe-5acddeb5f0c9","1571356800000","Other","panoplay.duckdns.org",,,"0","46",,,"Festival of Lights - Demo","1571407200000","ba368175-e41f-4c52-9629-955136f1ad07","193.175.2.0","false","false","true","Verein zur Foerderung eines Deutschen Forschungsne","en-US",,"1571408580000","1569888000000","./livestream/manifest.mpd","Fedora",,,"413","1",,"0","0","videojs",,"46","html5","videojs-7.6.0",,"BE","900","1600","0","WINDOW","0","setup","dash","1571408629000","d94c2471-d22b-4689-b4f6-7df7f7dc65d9","0","0","Horus Live","0","0","0","Horus Live","0","0","0","0",,,,,"web"
"v2.5.4","680","0",,"Firefox","69","0","0",,"berlin","1571408968000","DE","db965c65-69a5-409c-8cfa-201f9c61f60b","Mozilla/5.0 (X11; Fedora; Linux x86_64; rv:69.0) Gecko/20100101 Firefox/69.0",,,,"2d1dc5e8-16f2-4de0-92fe-5acddeb5f0c9","1571356800000","Other","panoplay.duckdns.org",,,"0","63",,,"Festival of Lights - Demo","1571407200000","4dcf2d9b-8bcb-4402-a71f-718a2cd8da3c","193.175.2.0","false","false","true","Verein zur Foerderung eines Deutschen Forschungsne","en-US",,"1571408940000","1569888000000","./livestream/out.mpd","Fedora",,,"809","1",,"0","0","videojs",,"63","html5","videojs-7.6.0",,"BE","900","1600","0","WINDOW","0","setup","dash","1571408968000","d94c2471-d22b-4689-b4f6-7df7f7dc65d9","0","0","Horus Live","0","0","0","Horus Live","0","0","0","0",,,,,"web"
"v2.5.4","680","0","true","Firefox","69","0","0",,"berlin","1571409001000","DE","db965c65-69a5-409c-8cfa-201f9c61f60b","Mozilla/5.0 (X11; Fedora; Linux x86_64; rv:69.0) Gecko/20100101 Firefox/69.0",,,,"2d1dc5e8-16f2-4de0-92fe-5acddeb5f0c9","1571356800000","Other","panoplay.duckdns.org",,,"0","33568",,,"Festival of Lights - Demo","1571407200000","4dcf2d9b-8bcb-4402-a71f-718a2cd8da3c","193.175.2.0","false","true","true","Verein zur Foerderung eines Deutschen Forschungsne","en-US",,"1571409000000","1569888000000","./livestream/out.mpd","Fedora",,,"0","1",,"0","0","videojs",,"0","html5","videojs-7.6.0",,"BE","900","1600","0","WINDOW","33631","startup","dash","1571409001000","d94c2471-d22b-4689-b4f6-7df7f7dc65d9","0",,"Horus Live","0","0","33568","Horus Live","0","0","4000","0",,,,,"web"
"v2.5.4","680","0",,"Firefox","69","0","0",,"berlin","1571409001000","DE","db965c65-69a5-409c-8cfa-201f9c61f60b","Mozilla/5.0 (X11; Fedora; Linux x86_64; rv:69.0) Gecko/20100101 Firefox/69.0",,,,"2d1dc5e8-16f2-4de0-92fe-5acddeb5f0c9","1571356800000","Other","panoplay.duckdns.org",,,"0","10",,,"Festival of Lights - Demo","1571407200000","4dcf2d9b-8bcb-4402-a71f-718a2cd8da3c","193.175.2.0","false","true","true","Verein zur Foerderung eines Deutschen Forschungsne","en-US",,"1571409000000","1569888000000","./livestream/out.mpd","Fedora",,,"0","1",,"0","10","videojs",,"0","html5","videojs-7.6.0",,"BE","900","1600","0","WINDOW","0","playing","dash","1571409001000","d94c2471-d22b-4689-b4f6-7df7f7dc65d9","4038489",,"Horus Live","0","0","0","Horus Live","0","0","4000","4000",,,,,"web"
"v2.5.4","680","0",,"Firefox","69","0","0",,"berlin","1571409001000","DE","db965c65-69a5-409c-8cfa-201f9c61f60b","Mozilla/5.0 (X11; Fedora; Linux x86_64; rv:69.0) Gecko/20100101 Firefox/69.0",,,,"2d1dc5e8-16f2-4de0-92fe-5acddeb5f0c9","1571356800000","Other","panoplay.duckdns.org",,,"0","2",,,"Festival of Lights - Demo","1571407200000","4dcf2d9b-8bcb-4402-a71f-718a2cd8da3c","193.175.2.0","false","true","true","Verein zur Foerderung eines Deutschen Forschungsne","en-US",,"1571409000000","1569888000000","./livestream/out.mpd","Fedora",,,"0","1",,"0","2","videojs",,"0","html5","videojs-7.6.0",,"BE","900","1600","0","WINDOW","0","playing","dash","1571409001000","d94c2471-d22b-4689-b4f6-7df7f7dc65d9","0",,"Horus Live","0","0","0","Horus Live","0","0","4000","4000",,,,,"web"
"v2.5.4","680","0",,"Firefox","69","0","0",,"berlin","1571409001000","DE","db965c65-69a5-409c-8cfa-201f9c61f60b","Mozilla/5.0 (X11; Fedora; Linux x86_64; rv:69.0) Gecko/20100101 Firefox/69.0",,,,"2d1dc5e8-16f2-4de0-92fe-5acddeb5f0c9","1571356800000","Other","panoplay.duckdns.org",,,"0","0",,,"Festival of Lights - Demo","1571407200000","4dcf2d9b-8bcb-4402-a71f-718a2cd8da3c","193.175.2.0","false","true","true","Verein zur Foerderung eines Deutschen Forschungsne","en-US",,"1571409000000","1569888000000","./livestream/out.mpd","Fedora",,,"0","1",,"0","0","videojs",,"0","html5","videojs-7.6.0",,"BE","900","1600","0","WINDOW","0","qualitychange","dash","1571409001000","d94c2471-d22b-4689-b4f6-7df7f7dc65d9","4038489",,"Horus Live","0","0","0","Horus Live","0","0","4000","4000",,,,,"web"
"v2.5.4","680","0",,"Firefox","69","0","0",,"berlin","1571409015000","DE","238068eb-aa94-43f3-a8b4-c40a1ac49869","Mozilla/5.0 (X11; Fedora; Linux x86_64; rv:69.0) Gecko/20100101 Firefox/69.0",,,,"2d1dc5e8-16f2-4de0-92fe-5acddeb5f0c9","1571356800000","Other","panoplay.duckdns.org",,,"0","61",,,"Festival of Lights - Demo","1571407200000","72773263-6e68-4e2d-a33f-c7baeb93fd1b","193.175.2.0","false","false","true","Verein zur Foerderung eines Deutschen Forschungsne","en-US",,"1571409000000","1569888000000","./livestream/out.mpd","Fedora",,,"566","1",,"0","0","videojs",,"61","html5","videojs-7.6.0",,"BE","900","1600","0","WINDOW","0","setup","dash","1571409015000","d94c2471-d22b-4689-b4f6-7df7f7dc65d9","0","0","Horus Live","0","0","0","Horus Live","0","0","0","0",,,,,"web"
"v2.5.4","680","0",,"Firefox","69","0","0",,"berlin","1571409476000","DE","016e3c2f-d6c1-491a-98fc-7f0eaaf3b67a","Mozilla/5.0 (X11; Fedora; Linux x86_64; rv:69.0) Gecko/20100101 Firefox/69.0",,,,"2d1dc5e8-16f2-4de0-92fe-5acddeb5f0c9","1571356800000","Other","panoplay.duckdns.org",,,"0","69",,,"Festival of Lights - Demo","1571407200000","ab3de06f-c789-470b-9a2f-97b3d431c3b8","193.175.2.0","false","false","true","Verein zur Foerderung eines Deutschen Forschungsne","en-US",,"1571409420000","1569888000000","./livestream/out.mpd","Fedora",,,"659","1",,"0","0","videojs",,"69","html5","videojs-7.6.0",,"BE","900","1600","0","WINDOW","0","setup","dash","1571409476000","d94c2471-d22b-4689-b4f6-7df7f7dc65d9","0","0","Horus Live","0","0","0","Horus Live","0","0","0","0",,,,,"web"
"v2.5.4","680","0",,"Firefox","69","0","0",,"berlin","1571409523000","DE","b1517646-0f4c-45c9-9dc9-afb731f1f847","Mozilla/5.0 (X11; Fedora; Linux x86_64; rv:69.0) Gecko/20100101 Firefox/69.0",,,,"2d1dc5e8-16f2-4de0-92fe-5acddeb5f0c9","1571356800000","Other","panoplay.duckdns.org",,,"0","64",,,"Festival of Lights - Demo","1571407200000","cbe7e0b1-b5e7-4dc0-bddb-35804fce4037","193.175.2.0","false","false","true","Verein zur Foerderung eines Deutschen Forschungsne","en-US",,"1571409480000","1569888000000","./livestream/out.mpd","Fedora",,,"675","1",,"0","0","videojs",,"64","html5","videojs-7.6.0",,"BE","900","1600","0","WINDOW","0","setup","dash","1571409523000","d94c2471-d22b-4689-b4f6-7df7f7dc65d9","0","0","Horus Live","0","0","0","Horus Live","0","0","0","0",,,,,"web"
"v2.5.4","680","0",,"Firefox","69","0","0",,"berlin","1571409524000","DE","b1517646-0f4c-45c9-9dc9-afb731f1f847","Mozilla/5.0 (X11; Fedora; Linux x86_64; rv:69.0) Gecko/20100101 Firefox/69.0",,,,"2d1dc5e8-16f2-4de0-92fe-5acddeb5f0c9","1571356800000","Other","panoplay.duckdns.org",,,"0","2",,,"Festival of Lights - Demo","1571407200000","cbe7e0b1-b5e7-4dc0-bddb-35804fce4037","193.175.2.0","false","true","true","Verein zur Foerderung eines Deutschen Forschungsne","en-US",,"1571409480000","1569888000000","./livestream/out.mpd","Fedora",,,"0","1",,"0","2","videojs",,"0","html5","videojs-7.6.0",,"BE","900","1600","0","WINDOW","0","playing","dash","1571409524000","d94c2471-d22b-4689-b4f6-7df7f7dc65d9","0",,"Horus Live","2816","2816","0","Horus Live","0","0","4000","4000",,,,,"web"
"v2.5.4","680","0","true","Firefox","69","0","0",,"berlin","1571409524000","DE","b1517646-0f4c-45c9-9dc9-afb731f1f847","Mozilla/5.0 (X11; Fedora; Linux x86_64; rv:69.0) Gecko/20100101 Firefox/69.0",,,,"2d1dc5e8-16f2-4de0-92fe-5acddeb5f0c9","1571356800000","Other","panoplay.duckdns.org",,,"0","818",,,"Festival of Lights - Demo","1571407200000","cbe7e0b1-b5e7-4dc0-bddb-35804fce4037","193.175.2.0","false","true","true","Verein zur Foerderung eines Deutschen Forschungsne","en-US",,"1571409480000","1569888000000","./livestream/out.mpd","Fedora",,,"0","1",,"0","0","videojs",,"0","html5","videojs-7.6.0",,"BE","900","1600","0","WINDOW","882","startup","dash","1571409524000","d94c2471-d22b-4689-b4f6-7df7f7dc65d9","0",,"Horus Live","2816","2816","818","Horus Live","0","0","4000","0",,,,,"web"
"v2.5.4","680","0",,"Firefox","69","0","0",,"berlin","1571409524000","DE","b1517646-0f4c-45c9-9dc9-afb731f1f847","Mozilla/5.0 (X11; Fedora; Linux x86_64; rv:69.0) Gecko/20100101 Firefox/69.0",,,,"2d1dc5e8-16f2-4de0-92fe-5acddeb5f0c9","1571356800000","Other","panoplay.duckdns.org",,,"0","0",,,"Festival of Lights - Demo","1571407200000","cbe7e0b1-b5e7-4dc0-bddb-35804fce4037","193.175.2.0","false","true","true","Verein zur Foerderung eines Deutschen Forschungsne","en-US",,"1571409480000","1569888000000","./livestream/out.mpd","Fedora",,,"0","1",,"0","0","videojs",,"0","html5","videojs-7.6.0",,"BE","900","1600","0","WINDOW","0","qualitychange","dash","1571409524000","d94c2471-d22b-4689-b4f6-7df7f7dc65d9","6038489",,"Horus Live","2816","2816","0","Horus Live","0","0","4000","4000",,,,,"web"
"v2.5.4","680","0",,"Firefox","69","0","0",,"berlin","1571409524000","DE","b1517646-0f4c-45c9-9dc9-afb731f1f847","Mozilla/5.0 (X11; Fedora; Linux x86_64; rv:69.0) Gecko/20100101 Firefox/69.0",,,,"2d1dc5e8-16f2-4de0-92fe-5acddeb5f0c9","1571356800000","Other","panoplay.duckdns.org",,,"0","59",,,"Festival of Lights - Demo","1571407200000","cbe7e0b1-b5e7-4dc0-bddb-35804fce4037","193.175.2.0","false","true","true","Verein zur Foerderung eines Deutschen Forschungsne","en-US",,"1571409480000","1569888000000","./livestream/out.mpd","Fedora",,,"0","1",,"0","59","videojs",,"0","html5","videojs-7.6.0",,"BE","900","1600","0","WINDOW","0","playing","dash","1571409524000","d94c2471-d22b-4689-b4f6-7df7f7dc65d9","6038489",,"Horus Live","2816","2816","0","Horus Live","0","0","4000","4000",,,,,"web"
"v2.5.4","680","0",,"Mobile Safari","12","1","0",,"berlin","1571410243000","DE","a95c0ec9-5d27-453b-af53-7d6ea964c771","Mozilla/5.0 (iPhone; CPU iPhone OS 12_4_1 like Mac OS X) AppleWebKit/605.1.15 (KHTML, like Gecko) Version/12.1.2 Mobile/15E148 Safari/604.1",,,,"5ff1d38b-aee0-4e04-940f-38bce628848a","1571356800000","iPhone","panoplay.duckdns.org",,,"0","292",,,"Festival of Lights - Demo","1571407200000","93798951-3bb7-4cd5-9e3a-37ffe2e3fca9","193.175.2.0","false","false","true","Verein zur Foerderung eines Deutschen Forschungsne","en-US","./livestream/master.m3u8","1571410200000","1569888000000",,"iOS","12","4","923","1",,"0","0","videojs",,"292","html5","videojs-7.6.0",,"BE","667","375","0","WINDOW","0","setup","hls","1571410243000","bc196970-b269-4e76-811d-0b2ad6ee7b81","0","0","Horus Live","0","0","0","Horus Live","0","0","0","0",,,,,"web"
"v2.5.4","680","0",,"Mobile Safari","12","1","0",,"berlin","1571410247000","DE","ba1ffc03-6a19-481f-885b-4d3e3cdf02f4","Mozilla/5.0 (iPhone; CPU iPhone OS 12_4_1 like Mac OS X) AppleWebKit/605.1.15 (KHTML, like Gecko) Version/12.1.2 Mobile/15E148 Safari/604.1",,,,"5ff1d38b-aee0-4e04-940f-38bce628848a","1571356800000","iPhone","panoplay.duckdns.org",,,"0","169",,,"Festival of Lights - Demo","1571407200000","50195699-f9e5-45f9-aa8f-322902ed4bff","193.175.2.0","false","false","true","Verein zur Foerderung eines Deutschen Forschungsne","en-US","./livestream/master.m3u8","1571410200000","1569888000000",,"iOS","12","4","482","1",,"0","0","videojs",,"169","html5","videojs-7.6.0",,"BE","667","375","0","WINDOW","0","setup","hls","1571410247000","bc196970-b269-4e76-811d-0b2ad6ee7b81","0","0","Horus Live","0","0","0","Horus Live","0","0","0","0",,,,,"web"
"v2.5.4","680","0",,"Firefox","69","0","0",,"berlin","1571410509000","DE","84aa9106-4e17-4313-a501-e598b0869a63","Mozilla/5.0 (X11; Fedora; Linux x86_64; rv:69.0) Gecko/20100101 Firefox/69.0",,,,"2d1dc5e8-16f2-4de0-92fe-5acddeb5f0c9","1571356800000","Other","panoplay.duckdns.org",,,"0","50",,,"Festival of Lights - Demo","1571407200000","22fd0f51-9121-4f88-bd93-584a9658b862","193.175.2.0","false","false","true","Verein zur Foerderung eines Deutschen Forschungsne","en-US",,"1571410500000","1569888000000","./livestream/out.mpd","Fedora",,,"420","1",,"0","0","videojs",,"50","html5","videojs-7.6.0",,"BE","900","1600","0","WINDOW","0","setup","dash","1571410509000","d94c2471-d22b-4689-b4f6-7df7f7dc65d9","0","0","Horus Live","0","0","0","Horus Live","0","0","0","0",,,,,"web"
"v2.5.4","680","0",,"Firefox","69","0","0",,"berlin","1571410547000","DE","f625a7da-4a7b-4a93-83c6-c00eac12b231","Mozilla/5.0 (X11; Fedora; Linux x86_64; rv:69.0) Gecko/20100101 Firefox/69.0",,,,"2d1dc5e8-16f2-4de0-92fe-5acddeb5f0c9","1571356800000","Other","panoplay.duckdns.org",,,"0","70",,,"Festival of Lights - Demo","1571407200000","b0eb4cad-aafb-4645-a4cd-8ca6a5b4a29c","193.175.2.0","false","false","true","Verein zur Foerderung eines Deutschen Forschungsne","en-US",,"1571410500000","1569888000000","./livestream/out.mpd","Fedora",,,"636","1",,"0","0","videojs",,"70","html5","videojs-7.6.0",,"BE","900","1600","0","WINDOW","0","setup","dash","1571410547000","d94c2471-d22b-4689-b4f6-7df7f7dc65d9","0","0","Horus Live","0","0","0","Horus Live","0","0","0","0",,,,,"web"
"v2.5.4","680","0",,"Firefox","69","0","0",,"berlin","1571410741000","DE","1ae44f95-ae85-4c4d-b29e-30fd35892724","Mozilla/5.0 (X11; Fedora; Linux x86_64; rv:69.0) Gecko/20100101 Firefox/69.0",,,,"2d1dc5e8-16f2-4de0-92fe-5acddeb5f0c9","1571356800000","Other","panoplay.duckdns.org",,,"0","60",,,"Festival of Lights - Demo","1571407200000","6fc0d5d9-20c4-491b-aabe-da1d5573a05c","193.175.2.0","false","false","true","Verein zur Foerderung eines Deutschen Forschungsne","en-US",,"1571410740000","1569888000000","./livestream/out.mpd","Fedora",,,"577","1",,"0","0","videojs",,"60","html5","videojs-7.6.0",,"BE","900","1600","0","WINDOW","0","setup","dash","1571410741000","d94c2471-d22b-4689-b4f6-7df7f7dc65d9","0","0","Horus Live","0","0","0","Horus Live","0","0","0","0",,,,,"web"
"v2.5.4","680","0",,"Firefox","69","0","0",,"berlin","1571410963000","DE","ed30c442-6ee2-479d-a658-b44c74ec7b95","Mozilla/5.0 (X11; Fedora; Linux x86_64; rv:69.0) Gecko/20100101 Firefox/69.0",,,,"2d1dc5e8-16f2-4de0-92fe-5acddeb5f0c9","1571356800000","Other","panoplay.duckdns.org",,,"0","44",,,"Festival of Lights - Demo","1571410800000","c8ea5052-f993-432d-8dc9-08e9f275052e","193.175.2.0","false","false","true","Verein zur Foerderung eines Deutschen Forschungsne","en-US",,"1571410920000","1569888000000","./livestream/out.mpd","Fedora",,,"355","1",,"0","0","videojs",,"44","html5","videojs-7.6.0",,"BE","900","1600","0","WINDOW","0","setup","dash","1571410963000","d94c2471-d22b-4689-b4f6-7df7f7dc65d9","0","0","Horus Live","0","0","0","Horus Live","0","0","0","0",,,,,"web"
"v2.5.4","680","0",,"Firefox","69","0","0",,"berlin","1571410990000","DE","a859a07d-7ca0-4bd2-abe2-3440dccf4a18","Mozilla/5.0 (X11; Fedora; Linux x86_64; rv:69.0) Gecko/20100101 Firefox/69.0",,,,"2d1dc5e8-16f2-4de0-92fe-5acddeb5f0c9","1571356800000","Other","panoplay.duckdns.org",,,"0","59",,,"Festival of Lights - Demo","1571410800000","ae9c6cd7-3b72-4e31-87f1-8a509f451396","193.175.2.0","false","false","true","Verein zur Foerderung eines Deutschen Forschungsne","en-US",,"1571410980000","1569888000000","./livestream/out.mpd","Fedora",,,"587","1",,"0","0","videojs",,"59","html5","videojs-7.6.0",,"BE","900","1600","0","WINDOW","0","setup","dash","1571410990000","d94c2471-d22b-4689-b4f6-7df7f7dc65d9","0","0","Horus Live","0","0","0","Horus Live","0","0","0","0",,,,,"web"
"v2.5.4","680","0",,"Firefox","69","0","0",,"berlin","1571410991000","DE","a859a07d-7ca0-4bd2-abe2-3440dccf4a18","Mozilla/5.0 (X11; Fedora; Linux x86_64; rv:69.0) Gecko/20100101 Firefox/69.0",,,,"2d1dc5e8-16f2-4de0-92fe-5acddeb5f0c9","1571356800000","Other","panoplay.duckdns.org",,,"0","10",,,"Festival of Lights - Demo","1571410800000","ae9c6cd7-3b72-4e31-87f1-8a509f451396","193.175.2.0","false","true","true","Verein zur Foerderung eines Deutschen Forschungsne","en-US",,"1571410980000","1569888000000","./livestream/out.mpd","Fedora",,,"0","1",,"0","10","videojs",,"0","html5","videojs-7.6.0",,"BE","900","1600","0","WINDOW","0","playing","dash","1571410991000","d94c2471-d22b-4689-b4f6-7df7f7dc65d9","0",,"Horus Live","2816","2816","0","Horus Live","0","0","4000","4000",,,,,"web"
"v2.5.4","680","0","true","Firefox","69","0","0",,"berlin","1571410991000","DE","a859a07d-7ca0-4bd2-abe2-3440dccf4a18","Mozilla/5.0 (X11; Fedora; Linux x86_64; rv:69.0) Gecko/20100101 Firefox/69.0",,,,"2d1dc5e8-16f2-4de0-92fe-5acddeb5f0c9","1571356800000","Other","panoplay.duckdns.org",,,"0","733",,,"Festival of Lights - Demo","1571410800000","ae9c6cd7-3b72-4e31-87f1-8a509f451396","193.175.2.0","false","true","true","Verein zur Foerderung eines Deutschen Forschungsne","en-US",,"1571410980000","1569888000000","./livestream/out.mpd","Fedora",,,"0","1",,"0","0","videojs",,"0","html5","videojs-7.6.0",,"BE","900","1600","0","WINDOW","792","startup","dash","1571410991000","d94c2471-d22b-4689-b4f6-7df7f7dc65d9","0",,"Horus Live","2816","2816","733","Horus Live","0","0","4000","0",,,,,"web"
"v2.5.4","680","0",,"Firefox","69","0","0",,"berlin","1571410991000","DE","a859a07d-7ca0-4bd2-abe2-3440dccf4a18","Mozilla/5.0 (X11; Fedora; Linux x86_64; rv:69.0) Gecko/20100101 Firefox/69.0",,,,"2d1dc5e8-16f2-4de0-92fe-5acddeb5f0c9","1571356800000","Other","panoplay.duckdns.org",,,"0","0",,,"Festival of Lights - Demo","1571410800000","ae9c6cd7-3b72-4e31-87f1-8a509f451396","193.175.2.0","false","true","true","Verein zur Foerderung eines Deutschen Forschungsne","en-US",,"1571410980000","1569888000000","./livestream/out.mpd","Fedora",,,"0","1",,"0","0","videojs",,"0","html5","videojs-7.6.0",,"BE","900","1600","0","WINDOW","0","qualitychange","dash","1571410991000","d94c2471-d22b-4689-b4f6-7df7f7dc65d9","1038489",,"Horus Live","2816","2816","0","Horus Live","0","0","4000","4000",,,,,"web"
"v2.5.4","680","0",,"Firefox","69","0","0",,"berlin","1571410993000","DE","a859a07d-7ca0-4bd2-abe2-3440dccf4a18","Mozilla/5.0 (X11; Fedora; Linux x86_64; rv:69.0) Gecko/20100101 Firefox/69.0",,,,"2d1dc5e8-16f2-4de0-92fe-5acddeb5f0c9","1571356800000","Other","panoplay.duckdns.org",,,"0","0",,,"Festival of Lights - Demo","1571410800000","ae9c6cd7-3b72-4e31-87f1-8a509f451396","193.175.2.0","false","true","true","Verein zur Foerderung eines Deutschen Forschungsne","en-US",,"1571410980000","1569888000000","./livestream/out.mpd","Fedora",,,"0","1",,"0","0","videojs",,"0","html5","videojs-7.6.0",,"BE","900","1600","0","WINDOW","0","qualitychange","dash","1571410993000","d94c2471-d22b-4689-b4f6-7df7f7dc65d9","4038489",,"Horus Live","2816","2816","0","Horus Live","0","0","5529","5529",,,,,"web"
"v2.5.4","680","0",,"Firefox","69","0","0",,"berlin","1571410993000","DE","a859a07d-7ca0-4bd2-abe2-3440dccf4a18","Mozilla/5.0 (X11; Fedora; Linux x86_64; rv:69.0) Gecko/20100101 Firefox/69.0",,,,"2d1dc5e8-16f2-4de0-92fe-5acddeb5f0c9","1571356800000","Other","panoplay.duckdns.org",,,"0","1639",,,"Festival of Lights - Demo","1571410800000","ae9c6cd7-3b72-4e31-87f1-8a509f451396","193.175.2.0","false","true","true","Verein zur Foerderung eines Deutschen Forschungsne","en-US",,"1571410980000","1569888000000","./livestream/out.mpd","Fedora",,,"0","1",,"0","1639","videojs",,"0","html5","videojs-7.6.0",,"BE","900","1600","0","WINDOW","0","playing","dash","1571410993000","d94c2471-d22b-4689-b4f6-7df7f7dc65d9","1038489",,"Horus Live","2816","2816","0","Horus Live","0","0","5529","4000",,,,,"web"
"v2.5.4","680","0",,"Firefox","69","0","0",,"berlin","1571410993000","DE","a859a07d-7ca0-4bd2-abe2-3440dccf4a18","Mozilla/5.0 (X11; Fedora; Linux x86_64; rv:69.0) Gecko/20100101 Firefox/69.0",,,,"2d1dc5e8-16f2-4de0-92fe-5acddeb5f0c9","1571356800000","Other","panoplay.duckdns.org",,,"0","0",,,"Festival of Lights - Demo","1571410800000","ae9c6cd7-3b72-4e31-87f1-8a509f451396","193.175.2.0","false","true","true","Verein zur Foerderung eines Deutschen Forschungsne","en-US",,"1571410980000","1569888000000","./livestream/out.mpd","Fedora",,,"0","1",,"0","0","videojs",,"0","html5","videojs-7.6.0",,"BE","900","1600","0","WINDOW","0","qualitychange","dash","1571410993000","d94c2471-d22b-4689-b4f6-7df7f7dc65d9","8038489",,"Horus Live","2816","2816","0","Horus Live","0","0","6374","6374",,,,,"web"
"v2.5.4","680","0",,"Firefox","69","0","0",,"berlin","1571410994000","DE","a859a07d-7ca0-4bd2-abe2-3440dccf4a18","Mozilla/5.0 (X11; Fedora; Linux x86_64; rv:69.0) Gecko/20100101 Firefox/69.0",,,,"2d1dc5e8-16f2-4de0-92fe-5acddeb5f0c9","1571356800000","Other","panoplay.duckdns.org",,,"0","870",,,"Festival of Lights - Demo","1571410800000","ae9c6cd7-3b72-4e31-87f1-8a509f451396","193.175.2.0","false","true","true","Verein zur Foerderung eines Deutschen Forschungsne","en-US",,"1571410980000","1569888000000","./livestream/out.mpd","Fedora",,,"0","1",,"0","870","videojs",,"0","html5","videojs-7.6.0",,"BE","900","1600","0","WINDOW","0","playing","dash","1571410994000","d94c2471-d22b-4689-b4f6-7df7f7dc65d9","4038489",,"Horus Live","2816","2816","0","Horus Live","0","0","6374","5529",,,,,"web"
"v2.5.4","680","0",,"Firefox","69","0","0",,"berlin","1571410995000","DE","a859a07d-7ca0-4bd2-abe2-3440dccf4a18","Mozilla/5.0 (X11; Fedora; Linux x86_64; rv:69.0) Gecko/20100101 Firefox/69.0",,,,"2d1dc5e8-16f2-4de0-92fe-5acddeb5f0c9","1571356800000","Other","panoplay.duckdns.org",,,"0","1070",,,"Festival of Lights - Demo","1571410800000","ae9c6cd7-3b72-4e31-87f1-8a509f451396","193.175.2.0","false","true","true","Verein zur Foerderung eines Deutschen Forschungsne","en-US",,"1571410980000","1569888000000","./livestream/out.mpd","Fedora",,,"0","1",,"0","1070","videojs",,"0","html5","videojs-7.6.0",,"BE","900","1600","0","WINDOW","0","playing","dash","1571410995000","d94c2471-d22b-4689-b4f6-7df7f7dc65d9","8038489",,"Horus Live","2816","2816","0","Horus Live","0","0","7461","6374",,,,,"web"
"v2.5.4","680","0",,"Firefox","69","0","0",,"berlin","1571410995000","DE","a859a07d-7ca0-4bd2-abe2-3440dccf4a18","Mozilla/5.0 (X11; Fedora; Linux x86_64; rv:69.0) Gecko/20100101 Firefox/69.0",,,,"2d1dc5e8-16f2-4de0-92fe-5acddeb5f0c9","1571356800000","Other","panoplay.duckdns.org",,,"0","479",,,"Festival of Lights - Demo","1571410800000","ae9c6cd7-3b72-4e31-87f1-8a509f451396","193.175.2.0","false","true","true","Verein zur Foerderung eines Deutschen Forschungsne","en-US",,"1571410980000","1569888000000","./livestream/out.mpd","Fedora",,,"0","1",,"0","479","videojs",,"0","html5","videojs-7.6.0",,"BE","900","1600","0","WINDOW","0","playing","dash","1571410995000","d94c2471-d22b-4689-b4f6-7df7f7dc65d9","6038489",,"Horus Live","2816","2816","0","Horus Live","0","0","7986","7461",,,,,"web"
"v2.5.4","680","0",,"Firefox","69","0","0",,"berlin","1571410995000","DE","a859a07d-7ca0-4bd2-abe2-3440dccf4a18","Mozilla/5.0 (X11; Fedora; Linux x86_64; rv:69.0) Gecko/20100101 Firefox/69.0",,,,"2d1dc5e8-16f2-4de0-92fe-5acddeb5f0c9","1571356800000","Other","panoplay.duckdns.org",,,"0","0",,,"Festival of Lights - Demo","1571410800000","ae9c6cd7-3b72-4e31-87f1-8a509f451396","193.175.2.0","false","true","true","Verein zur Foerderung eines Deutschen Forschungsne","en-US",,"1571410980000","1569888000000","./livestream/out.mpd","Fedora",,,"0","1",,"0","0","videojs",,"0","html5","videojs-7.6.0",,"BE","900","1600","0","WINDOW","0","qualitychange","dash","1571410995000","d94c2471-d22b-4689-b4f6-7df7f7dc65d9","6038489",,"Horus Live","2816","2816","0","Horus Live","0","0","7461","7461",,,,,"web"
"v2.5.4","680","0",,"Firefox","69","0","1018",,"berlin","1571410996000","DE","a859a07d-7ca0-4bd2-abe2-3440dccf4a18","Mozilla/5.0 (X11; Fedora; Linux x86_64; rv:69.0) Gecko/20100101 Firefox/69.0",,,,"2d1dc5e8-16f2-4de0-92fe-5acddeb5f0c9","1571356800000","Other","panoplay.duckdns.org",,,"0","1018",,,"Festival of Lights - Demo","1571410800000","ae9c6cd7-3b72-4e31-87f1-8a509f451396","193.175.2.0","false","true","true","Verein zur Foerderung eines Deutschen Forschungsne","en-US",,"1571410980000","1569888000000","./livestream/out.mpd","Fedora",,,"0","1",,"0","0","videojs",,"0","html5","videojs-7.6.0",,"BE","900","1600","0","WINDOW","0","rebuffering","dash","1571410996000","d94c2471-d22b-4689-b4f6-7df7f7dc65d9","6038489",,"Horus Live","2816","2816","0","Horus Live","0","0","7986","7986",,,,,"web"
"v2.5.4","680","0",,"Firefox","69","0","0",,"berlin","1571410997000","DE","a859a07d-7ca0-4bd2-abe2-3440dccf4a18","Mozilla/5.0 (X11; Fedora; Linux x86_64; rv:69.0) Gecko/20100101 Firefox/69.0",,,,"2d1dc5e8-16f2-4de0-92fe-5acddeb5f0c9","1571356800000","Other","panoplay.duckdns.org",,,"0","0",,,"Festival of Lights - Demo","1571410800000","ae9c6cd7-3b72-4e31-87f1-8a509f451396","193.175.2.0","false","true","true","Verein zur Foerderung eines Deutschen Forschungsne","en-US",,"1571410980000","1569888000000","./livestream/out.mpd","Fedora",,,"0","1",,"0","0","videojs",,"0","html5","videojs-7.6.0",,"BE","900","1600","0","WINDOW","0","qualitychange","dash","1571410997000","d94c2471-d22b-4689-b4f6-7df7f7dc65d9","4038489",,"Horus Live","2816","2816","0","Horus Live","0","0","8551","8551",,,,,"web"
"v2.5.4","680","0",,"Firefox","69","0","0",,"berlin","1571410997000","DE","a859a07d-7ca0-4bd2-abe2-3440dccf4a18","Mozilla/5.0 (X11; Fedora; Linux x86_64; rv:69.0) Gecko/20100101 Firefox/69.0",,,,"2d1dc5e8-16f2-4de0-92fe-5acddeb5f0c9","1571356800000","Other","panoplay.duckdns.org",,,"0","628",,,"Festival of Lights - Demo","1571410800000","ae9c6cd7-3b72-4e31-87f1-8a509f451396","193.175.2.0","false","true","true","Verein zur Foerderung eines Deutschen Forschungsne","en-US",,"1571410980000","1569888000000","./livestream/out.mpd","Fedora",,,"0","1",,"0","628","videojs",,"0","html5","videojs-7.6.0",,"BE","900","1600","0","WINDOW","0","playing","dash","1571410997000","d94c2471-d22b-4689-b4f6-7df7f7dc65d9","6038489",,"Horus Live","2816","2816","0","Horus Live","0","0","8551","7986",,,,,"web"
"v2.5.4","680","0",,"Firefox","69","0","0",,"berlin","1571410998000","DE","a859a07d-7ca0-4bd2-abe2-3440dccf4a18","Mozilla/5.0 (X11; Fedora; Linux x86_64; rv:69.0) Gecko/20100101 Firefox/69.0",,,,"2d1dc5e8-16f2-4de0-92fe-5acddeb5f0c9","1571356800000","Other","panoplay.duckdns.org",,,"0","1389",,,"Festival of Lights - Demo","1571410800000","ae9c6cd7-3b72-4e31-87f1-8a509f451396","193.175.2.0","false","true","true","Verein zur Foerderung eines Deutschen Forschungsne","en-US",,"1571410980000","1569888000000","./livestream/out.mpd","Fedora",,,"0","1",,"0","1389","videojs",,"0","html5","videojs-7.6.0",,"BE","900","1600","0","WINDOW","0","playing","dash","1571410998000","d94c2471-d22b-4689-b4f6-7df7f7dc65d9","4038489",,"Horus Live","2816","2816","0","Horus Live","0","0","10002","8551",,,,,"web"
"v2.5.4","680","0",,"Firefox","69","0","625",,"berlin","1571410999000","DE","a859a07d-7ca0-4bd2-abe2-3440dccf4a18","Mozilla/5.0 (X11; Fedora; Linux x86_64; rv:69.0) Gecko/20100101 Firefox/69.0",,,,"2d1dc5e8-16f2-4de0-92fe-5acddeb5f0c9","1571356800000","Other","panoplay.duckdns.org",,,"0","625",,,"Festival of Lights - Demo","1571410800000","ae9c6cd7-3b72-4e31-87f1-8a509f451396","193.175.2.0","false","true","true","Verein zur Foerderung eines Deutschen Forschungsne","en-US",,"1571410980000","1569888000000","./livestream/out.mpd","Fedora",,,"0","1",,"0","0","videojs",,"0","html5","videojs-7.6.0",,"BE","900","1600","0","WINDOW","0","rebuffering","dash","1571410999000","d94c2471-d22b-4689-b4f6-7df7f7dc65d9","4038489",,"Horus Live","2816","2816","0","Horus Live","0","0","10002","10002",,,,,"web"
"v2.5.4","680","0",,"Firefox","69","0","0",,"berlin","1571411001000","DE","a859a07d-7ca0-4bd2-abe2-3440dccf4a18","Mozilla/5.0 (X11; Fedora; Linux x86_64; rv:69.0) Gecko/20100101 Firefox/69.0",,,,"2d1dc5e8-16f2-4de0-92fe-5acddeb5f0c9","1571356800000","Other","panoplay.duckdns.org",,,"0","1882",,,"Festival of Lights - Demo","1571410800000","ae9c6cd7-3b72-4e31-87f1-8a509f451396","193.175.2.0","false","true","true","Verein zur Foerderung eines Deutschen Forschungsne","en-US",,"1571410980000","1569888000000","./livestream/out.mpd","Fedora",,,"0","1",,"0","1882","videojs",,"0","html5","videojs-7.6.0",,"BE","900","1600","0","WINDOW","0","playing","dash","1571411001000","d94c2471-d22b-4689-b4f6-7df7f7dc65d9","4038489",,"Horus Live","2816","2816","0","Horus Live","0","0","11893","10002",,,,,"web"
"v2.5.4","680","0",,"Firefox","69","0","0",,"berlin","1571411001000","DE","a859a07d-7ca0-4bd2-abe2-3440dccf4a18","Mozilla/5.0 (X11; Fedora; Linux x86_64; rv:69.0) Gecko/20100101 Firefox/69.0",,,,"2d1dc5e8-16f2-4de0-92fe-5acddeb5f0c9","1571356800000","Other","panoplay.duckdns.org",,,"0","126",,,"Festival of Lights - Demo","1571410800000","ae9c6cd7-3b72-4e31-87f1-8a509f451396","193.175.2.0","false","true","true","Verein zur Foerderung eines Deutschen Forschungsne","en-US",,"1571410980000","1569888000000","./livestream/out.mpd","Fedora",,,"0","1",,"0","126","videojs",,"0","html5","videojs-7.6.0",,"BE","900","1600","0","WINDOW","0","playing","dash","1571411001000","d94c2471-d22b-4689-b4f6-7df7f7dc65d9","1038489",,"Horus Live","2816","2816","0","Horus Live","0","0","12010","11893",,,,,"web"
"v2.5.4","680","0",,"Firefox","69","0","0",,"berlin","1571411001000","DE","a859a07d-7ca0-4bd2-abe2-3440dccf4a18","Mozilla/5.0 (X11; Fedora; Linux x86_64; rv:69.0) Gecko/20100101 Firefox/69.0",,,,"2d1dc5e8-16f2-4de0-92fe-5acddeb5f0c9","1571356800000","Other","panoplay.duckdns.org",,,"0","0",,,"Festival of Lights - Demo","1571410800000","ae9c6cd7-3b72-4e31-87f1-8a509f451396","193.175.2.0","false","true","true","Verein zur Foerderung eines Deutschen Forschungsne","en-US",,"1571410980000","1569888000000","./livestream/out.mpd","Fedora",,,"0","1",,"0","0","videojs",,"0","html5","videojs-7.6.0",,"BE","900","1600","0","WINDOW","0","qualitychange","dash","1571411001000","d94c2471-d22b-4689-b4f6-7df7f7dc65d9","1038489",,"Horus Live","2816","2816","0","Horus Live","0","0","11893","11893",,,,,"web"
"v2.5.4","680","0",,"Firefox","69","0","0",,"berlin","1571411002000","DE","a859a07d-7ca0-4bd2-abe2-3440dccf4a18","Mozilla/5.0 (X11; Fedora; Linux x86_64; rv:69.0) Gecko/20100101 Firefox/69.0",,,,"2d1dc5e8-16f2-4de0-92fe-5acddeb5f0c9","1571356800000","Other","panoplay.duckdns.org",,,"0","0",,,"Festival of Lights - Demo","1571410800000","ae9c6cd7-3b72-4e31-87f1-8a509f451396","193.175.2.0","false","true","true","Verein zur Foerderung eines Deutschen Forschungsne","en-US",,"1571410980000","1569888000000","./livestream/out.mpd","Fedora",,,"0","1",,"0","0","videojs",,"0","html5","videojs-7.6.0",,"BE","900","1600","0","WINDOW","0","qualitychange","dash","1571411002000","d94c2471-d22b-4689-b4f6-7df7f7dc65d9","6038489",,"Horus Live","2816","2816","0","Horus Live","0","0","12297","12297",,,,,"web"
"v2.5.4","680","0",,"Firefox","69","0","0",,"berlin","1571411002000","DE","a859a07d-7ca0-4bd2-abe2-3440dccf4a18","Mozilla/5.0 (X11; Fedora; Linux x86_64; rv:69.0) Gecko/20100101 Firefox/69.0",,,,"2d1dc5e8-16f2-4de0-92fe-5acddeb5f0c9","1571356800000","Other","panoplay.duckdns.org",,,"0","0",,,"Festival of Lights - Demo","1571410800000","ae9c6cd7-3b72-4e31-87f1-8a509f451396","193.175.2.0","false","true","true","Verein zur Foerderung eines Deutschen Forschungsne","en-US",,"1571410980000","1569888000000","./livestream/out.mpd","Fedora",,,"0","1",,"0","0","videojs",,"0","html5","videojs-7.6.0",,"BE","900","1600","0","WINDOW","0","qualitychange","dash","1571411002000","d94c2471-d22b-4689-b4f6-7df7f7dc65d9","8038489",,"Horus Live","2816","2816","0","Horus Live","0","0","12014","12014",,,,,"web"
"v2.5.4","680","0",,"Firefox","69","0","0",,"berlin","1571411002000","DE","a859a07d-7ca0-4bd2-abe2-3440dccf4a18","Mozilla/5.0 (X11; Fedora; Linux x86_64; rv:69.0) Gecko/20100101 Firefox/69.0",,,,"2d1dc5e8-16f2-4de0-92fe-5acddeb5f0c9","1571356800000","Other","panoplay.duckdns.org",,,"0","3",,,"Festival of Lights - Demo","1571410800000","ae9c6cd7-3b72-4e31-87f1-8a509f451396","193.175.2.0","false","true","true","Verein zur Foerderung eines Deutschen Forschungsne","en-US",,"1571410980000","1569888000000","./livestream/out.mpd","Fedora",,,"0","1",,"0","3","videojs",,"0","html5","videojs-7.6.0",,"BE","900","1600","0","WINDOW","0","playing","dash","1571411002000","d94c2471-d22b-4689-b4f6-7df7f7dc65d9","1038489",,"Horus Live","2816","2816","0","Horus Live","0","0","12014","12014",,,,,"web"
"v2.5.4","680","0",,"Firefox","69","0","1553",,"berlin","1571411002000","DE","a859a07d-7ca0-4bd2-abe2-3440dccf4a18","Mozilla/5.0 (X11; Fedora; Linux x86_64; rv:69.0) Gecko/20100101 Firefox/69.0",,,,"2d1dc5e8-16f2-4de0-92fe-5acddeb5f0c9","1571356800000","Other","panoplay.duckdns.org",,,"0","1553",,,"Festival of Lights - Demo","1571410800000","ae9c6cd7-3b72-4e31-87f1-8a509f451396","193.175.2.0","false","true","true","Verein zur Foerderung eines Deutschen Forschungsne","en-US",,"1571410980000","1569888000000","./livestream/out.mpd","Fedora",,,"0","1",,"0","0","videojs",,"0","html5","videojs-7.6.0",,"BE","900","1600","0","WINDOW","0","rebuffering","dash","1571411002000","d94c2471-d22b-4689-b4f6-7df7f7dc65d9","1038489",,"Horus Live","2816","2816","0","Horus Live","0","0","12014","12010",,,,,"web"
"v2.5.4","680","0",,"Firefox","69","0","0",,"berlin","1571411003000","DE","a859a07d-7ca0-4bd2-abe2-3440dccf4a18","Mozilla/5.0 (X11; Fedora; Linux x86_64; rv:69.0) Gecko/20100101 Firefox/69.0",,,,"2d1dc5e8-16f2-4de0-92fe-5acddeb5f0c9","1571356800000","Other","panoplay.duckdns.org",,,"0","257",,,"Festival of Lights - Demo","1571410800000","ae9c6cd7-3b72-4e31-87f1-8a509f451396","193.175.2.0","false","true","true","Verein zur Foerderung eines Deutschen Forschungsne","en-US",,"1571410980000","1569888000000","./livestream/out.mpd","Fedora",,,"0","1",,"0","257","videojs",,"0","html5","videojs-7.6.0",,"BE","900","1600","0","WINDOW","0","playing","dash","1571411003000","d94c2471-d22b-4689-b4f6-7df7f7dc65d9","8038489",,"Horus Live","2816","2816","0","Horus Live","0","0","12297","12014",,,,,"web"
"v2.5.4","680","0",,"Firefox","69","0","0",,"berlin","1571411004000","DE","a859a07d-7ca0-4bd2-abe2-3440dccf4a18","Mozilla/5.0 (X11; Fedora; Linux x86_64; rv:69.0) Gecko/20100101 Firefox/69.0",,,,"2d1dc5e8-16f2-4de0-92fe-5acddeb5f0c9","1571356800000","Other","panoplay.duckdns.org",,,"0","1694",,,"Festival of Lights - Demo","1571410800000","ae9c6cd7-3b72-4e31-87f1-8a509f451396","193.175.2.0","false","true","true","Verein zur Foerderung eines Deutschen Forschungsne","en-US",,"1571410980000","1569888000000","./livestream/out.mpd","Fedora",,,"0","1",,"0","1694","videojs",,"0","html5","videojs-7.6.0",,"BE","900","1600","0","WINDOW","0","playing","dash","1571411004000","d94c2471-d22b-4689-b4f6-7df7f7dc65d9","6038489",,"Horus Live","2816","2816","0","Horus Live","0","0","13988","12297",,,,,"web"
"v2.5.4","680","0",,"Firefox","69","0","0",,"berlin","1571411007000","DE","a859a07d-7ca0-4bd2-abe2-3440dccf4a18","Mozilla/5.0 (X11; Fedora; Linux x86_64; rv:69.0) Gecko/20100101 Firefox/69.0",,,,"2d1dc5e8-16f2-4de0-92fe-5acddeb5f0c9","1571356800000","Other","panoplay.duckdns.org",,,"0","3",,,"Festival of Lights - Demo","1571410800000","ae9c6cd7-3b72-4e31-87f1-8a509f451396","193.175.2.0","false","true","true","Verein zur Foerderung eines Deutschen Forschungsne","en-US",,"1571410980000","1569888000000","./livestream/out.mpd","Fedora",,,"0","1",,"0","3","videojs",,"0","html5","videojs-7.6.0",,"BE","900","1600","0","WINDOW","0","playing","dash","1571411007000","d94c2471-d22b-4689-b4f6-7df7f7dc65d9","6038489",,"Horus Live","2816","2816","0","Horus Live","0","0","13988","13988",,,,,"web"
"v2.5.4","680","0",,"Firefox","69","0","0",,"berlin","1571411007000","DE","a859a07d-7ca0-4bd2-abe2-3440dccf4a18","Mozilla/5.0 (X11; Fedora; Linux x86_64; rv:69.0) Gecko/20100101 Firefox/69.0",,,,"2d1dc5e8-16f2-4de0-92fe-5acddeb5f0c9","1571356800000","Other","panoplay.duckdns.org",,,"0","0",,,"Festival of Lights - Demo","1571410800000","ae9c6cd7-3b72-4e31-87f1-8a509f451396","193.175.2.0","false","true","true","Verein zur Foerderung eines Deutschen Forschungsne","en-US",,"1571410980000","1569888000000","./livestream/out.mpd","Fedora",,,"0","1",,"0","0","videojs",,"0","html5","videojs-7.6.0",,"BE","900","1600","0","WINDOW","0","qualitychange","dash","1571411007000","d94c2471-d22b-4689-b4f6-7df7f7dc65d9","4038489",,"Horus Live","2816","2816","0","Horus Live","0","0","13988","13988",,,,,"web"
"v2.5.4","680","0",,"Firefox","69","0","2449",,"berlin","1571411007000","DE","a859a07d-7ca0-4bd2-abe2-3440dccf4a18","Mozilla/5.0 (X11; Fedora; Linux x86_64; rv:69.0) Gecko/20100101 Firefox/69.0",,,,"2d1dc5e8-16f2-4de0-92fe-5acddeb5f0c9","1571356800000","Other","panoplay.duckdns.org",,,"0","2449",,,"Festival of Lights - Demo","1571410800000","ae9c6cd7-3b72-4e31-87f1-8a509f451396","193.175.2.0","false","true","true","Verein zur Foerderung eines Deutschen Forschungsne","en-US",,"1571410980000","1569888000000","./livestream/out.mpd","Fedora",,,"0","1",,"0","0","videojs",,"0","html5","videojs-7.6.0",,"BE","900","1600","0","WINDOW","0","rebuffering","dash","1571411007000","d94c2471-d22b-4689-b4f6-7df7f7dc65d9","6038489",,"Horus Live","2816","2816","0","Horus Live","0","0","13988","13988",,,,,"web"
"v2.5.4","680","0",,"Firefox","69","0","0",,"berlin","1571411011000","DE","a859a07d-7ca0-4bd2-abe2-3440dccf4a18","Mozilla/5.0 (X11; Fedora; Linux x86_64; rv:69.0) Gecko/20100101 Firefox/69.0",,,,"2d1dc5e8-16f2-4de0-92fe-5acddeb5f0c9","1571356800000","Other","panoplay.duckdns.org",,,"0","4024",,,"Festival of Lights - Demo","1571410800000","ae9c6cd7-3b72-4e31-87f1-8a509f451396","193.175.2.0","false","true","true","Verein zur Foerderung eines Deutschen Forschungsne","en-US",,"1571410980000","1569888000000","./livestream/out.mpd","Fedora",,,"0","1",,"0","4024","videojs",,"0","html5","videojs-7.6.0",,"BE","900","1600","0","WINDOW","0","playing","dash","1571411011000","d94c2471-d22b-4689-b4f6-7df7f7dc65d9","4038489",,"Horus Live","2816","2816","0","Horus Live","0","0","24008","13988",,,,,"web"
"v2.5.4","680","0",,"Firefox","69","0","0",,"berlin","1571411014000","DE","a859a07d-7ca0-4bd2-abe2-3440dccf4a18","Mozilla/5.0 (X11; Fedora; Linux x86_64; rv:69.0) Gecko/20100101 Firefox/69.0",,,,"2d1dc5e8-16f2-4de0-92fe-5acddeb5f0c9","1571356800000","Other","panoplay.duckdns.org",,,"0","0",,,"Festival of Lights - Demo","1571410800000","ae9c6cd7-3b72-4e31-87f1-8a509f451396","193.175.2.0","false","true","true","Verein zur Foerderung eines Deutschen Forschungsne","en-US",,"1571410980000","1569888000000","./livestream/out.mpd","Fedora",,,"0","1",,"0","0","videojs",,"0","html5","videojs-7.6.0",,"BE","900","1600","0","WINDOW","0","qualitychange","dash","1571411014000","d94c2471-d22b-4689-b4f6-7df7f7dc65d9","8038489",,"Horus Live","2816","2816","0","Horus Live","0","0","24008","24008",,,,,"web"
"v2.5.4","680","0",,"Firefox","69","0","0",,"berlin","1571411014000","DE","a859a07d-7ca0-4bd2-abe2-3440dccf4a18","Mozilla/5.0 (X11; Fedora; Linux x86_64; rv:69.0) Gecko/20100101 Firefox/69.0",,,,"2d1dc5e8-16f2-4de0-92fe-5acddeb5f0c9","1571356800000","Other","panoplay.duckdns.org",,,"0","3",,,"Festival of Lights - Demo","1571410800000","ae9c6cd7-3b72-4e31-87f1-8a509f451396","193.175.2.0","false","true","true","Verein zur Foerderung eines Deutschen Forschungsne","en-US",,"1571410980000","1569888000000","./livestream/out.mpd","Fedora",,,"0","1",,"0","3","videojs",,"0","html5","videojs-7.6.0",,"BE","900","1600","0","WINDOW","0","playing","dash","1571411014000","d94c2471-d22b-4689-b4f6-7df7f7dc65d9","4038489",,"Horus Live","2816","2816","0","Horus Live","0","0","24008","24008",,,,,"web"
"v2.5.4","680","0",,"Firefox","69","0","3541",,"berlin","1571411014000","DE","a859a07d-7ca0-4bd2-abe2-3440dccf4a18","Mozilla/5.0 (X11; Fedora; Linux x86_64; rv:69.0) Gecko/20100101 Firefox/69.0",,,,"2d1dc5e8-16f2-4de0-92fe-5acddeb5f0c9","1571356800000","Other","panoplay.duckdns.org",,,"0","3541",,,"Festival of Lights - Demo","1571410800000","ae9c6cd7-3b72-4e31-87f1-8a509f451396","193.175.2.0","false","true","true","Verein zur Foerderung eines Deutschen Forschungsne","en-US",,"1571410980000","1569888000000","./livestream/out.mpd","Fedora",,,"0","1",,"0","0","videojs",,"0","html5","videojs-7.6.0",,"BE","900","1600","0","WINDOW","0","rebuffering","dash","1571411014000","d94c2471-d22b-4689-b4f6-7df7f7dc65d9","4038489",,"Horus Live","2816","2816","0","Horus Live","0","0","24008","24008",,,,,"web"
"v2.5.4","680","0",,"Firefox","69","0","0",,"berlin","1571411014000","DE","a859a07d-7ca0-4bd2-abe2-3440dccf4a18","Mozilla/5.0 (X11; Fedora; Linux x86_64; rv:69.0) Gecko/20100101 Firefox/69.0",,,,"2d1dc5e8-16f2-4de0-92fe-5acddeb5f0c9","1571356800000","Other","panoplay.duckdns.org",,,"0","38",,,"Festival of Lights - Demo","1571410800000","ae9c6cd7-3b72-4e31-87f1-8a509f451396","193.175.2.0","false","true","true","Verein zur Foerderung eines Deutschen Forschungsne","en-US",,"1571410980000","1569888000000","./livestream/out.mpd","Fedora",,,"0","1",,"0","38","videojs",,"0","html5","videojs-7.6.0",,"BE","900","1600","0","WINDOW","0","playing","dash","1571411014000","d94c2471-d22b-4689-b4f6-7df7f7dc65d9","8038489",,"Horus Live","2816","2816","0","Horus Live","0","0","24008","24008",,,,,"web"
"v2.5.4","680","0",,"Firefox","69","0","1369",,"berlin","1571411016000","DE","a859a07d-7ca0-4bd2-abe2-3440dccf4a18","Mozilla/5.0 (X11; Fedora; Linux x86_64; rv:69.0) Gecko/20100101 Firefox/69.0",,,,"2d1dc5e8-16f2-4de0-92fe-5acddeb5f0c9","1571356800000","Other","panoplay.duckdns.org",,,"0","1369",,,"Festival of Lights - Demo","1571410800000","ae9c6cd7-3b72-4e31-87f1-8a509f451396","193.175.2.0","false","true","true","Verein zur Foerderung eines Deutschen Forschungsne","en-US",,"1571410980000","1569888000000","./livestream/out.mpd","Fedora",,,"0","1",,"0","0","videojs",,"0","html5","videojs-7.6.0",,"BE","900","1600","0","WINDOW","0","rebuffering","dash","1571411016000","d94c2471-d22b-4689-b4f6-7df7f7dc65d9","8038489",,"Horus Live","2816","2816","0","Horus Live","0","0","24008","24008",,,,,"web"
"v2.5.4","680","0",,"Firefox","69","0","0",,"berlin","1571411018000","DE","a859a07d-7ca0-4bd2-abe2-3440dccf4a18","Mozilla/5.0 (X11; Fedora; Linux x86_64; rv:69.0) Gecko/20100101 Firefox/69.0",,,,"2d1dc5e8-16f2-4de0-92fe-5acddeb5f0c9","1571356800000","Other","panoplay.duckdns.org",,,"0","1989",,,"Festival of Lights - Demo","1571410800000","ae9c6cd7-3b72-4e31-87f1-8a509f451396","193.175.2.0","false","true","true","Verein zur Foerderung eines Deutschen Forschungsne","en-US",,"1571410980000","1569888000000","./livestream/out.mpd","Fedora",,,"0","1",,"0","1989","videojs",,"0","html5","videojs-7.6.0",,"BE","900","1600","0","WINDOW","0","playing","dash","1571411018000","d94c2471-d22b-4689-b4f6-7df7f7dc65d9","8038489",,"Horus Live","2816","2816","0","Horus Live","0","0","26024","24008",,,,,"web"
"v2.5.4","680","0",,"Firefox","69","0","0",,"berlin","1571411019000","DE","a859a07d-7ca0-4bd2-abe2-3440dccf4a18","Mozilla/5.0 (X11; Fedora; Linux x86_64; rv:69.0) Gecko/20100101 Firefox/69.0",,,,"2d1dc5e8-16f2-4de0-92fe-5acddeb5f0c9","1571356800000","Other","panoplay.duckdns.org",,,"0","298",,,"Festival of Lights - Demo","1571410800000","ae9c6cd7-3b72-4e31-87f1-8a509f451396","193.175.2.0","false","true","true","Verein zur Foerderung eines Deutschen Forschungsne","en-US",,"1571410980000","1569888000000","./livestream/out.mpd","Fedora",,,"0","1",,"0","298","videojs",,"0","html5","videojs-7.6.0",,"BE","900","1600","0","WINDOW","0","playing","dash","1571411019000","d94c2471-d22b-4689-b4f6-7df7f7dc65d9","8038489",,"Horus Live","2816","2816","0","Horus Live","0","0","26269","26027",,,,,"web"
"v2.5.4","680","0",,"Firefox","69","0","840",,"berlin","1571411019000","DE","a859a07d-7ca0-4bd2-abe2-3440dccf4a18","Mozilla/5.0 (X11; Fedora; Linux x86_64; rv:69.0) Gecko/20100101 Firefox/69.0",,,,"2d1dc5e8-16f2-4de0-92fe-5acddeb5f0c9","1571356800000","Other","panoplay.duckdns.org",,,"0","840",,,"Festival of Lights - Demo","1571410800000","ae9c6cd7-3b72-4e31-87f1-8a509f451396","193.175.2.0","false","true","true","Verein zur Foerderung eines Deutschen Forschungsne","en-US",,"1571410980000","1569888000000","./livestream/out.mpd","Fedora",,,"0","1",,"0","0","videojs",,"0","html5","videojs-7.6.0",,"BE","900","1600","0","WINDOW","0","rebuffering","dash","1571411019000","d94c2471-d22b-4689-b4f6-7df7f7dc65d9","8038489",,"Horus Live","2816","2816","0","Horus Live","0","0","26027","26024",,,,,"web"
"v2.5.4","680","0",,"Firefox","69","0","0",,"berlin","1571411019000","DE","a859a07d-7ca0-4bd2-abe2-3440dccf4a18","Mozilla/5.0 (X11; Fedora; Linux x86_64; rv:69.0) Gecko/20100101 Firefox/69.0",,,,"2d1dc5e8-16f2-4de0-92fe-5acddeb5f0c9","1571356800000","Other","panoplay.duckdns.org",,,"0","0",,,"Festival of Lights - Demo","1571410800000","ae9c6cd7-3b72-4e31-87f1-8a509f451396","193.175.2.0","false","true","true","Verein zur Foerderung eines Deutschen Forschungsne","en-US",,"1571410980000","1569888000000","./livestream/out.mpd","Fedora",,,"0","1",,"0","0","videojs",,"0","html5","videojs-7.6.0",,"BE","900","1600","0","WINDOW","0","qualitychange","dash","1571411019000","d94c2471-d22b-4689-b4f6-7df7f7dc65d9","6038489",,"Horus Live","2816","2816","0","Horus Live","0","0","26269","26269",,,,,"web"
"v2.5.4","680","0",,"Firefox","69","0","0",,"berlin","1571411021000","DE","a859a07d-7ca0-4bd2-abe2-3440dccf4a18","Mozilla/5.0 (X11; Fedora; Linux x86_64; rv:69.0) Gecko/20100101 Firefox/69.0",,,,"2d1dc5e8-16f2-4de0-92fe-5acddeb5f0c9","1571356800000","Other","panoplay.duckdns.org",,,"0","1699",,,"Festival of Lights - Demo","1571410800000","ae9c6cd7-3b72-4e31-87f1-8a509f451396","193.175.2.0","false","true","true","Verein zur Foerderung eines Deutschen Forschungsne","en-US",,"1571410980000","1569888000000","./livestream/out.mpd","Fedora",,,"0","1",,"0","1699","videojs",,"0","html5","videojs-7.6.0",,"BE","900","1600","0","WINDOW","0","playing","dash","1571411021000","d94c2471-d22b-4689-b4f6-7df7f7dc65d9","6038489",,"Horus Live","2816","2816","0","Horus Live","0","0","28012","26269",,,,,"web"
"v2.5.4","680","0",,"Firefox","69","0","0",,"berlin","1571411707000","DE","761d236d-ca56-4a07-86d8-b4cf9878e0cd","Mozilla/5.0 (X11; Ubuntu; Linux x86_64; rv:69.0) Gecko/20100101 Firefox/69.0",,,,"a355838f-adef-43a0-b106-0fda819fc4bb","1571356800000","Other","localhost",,,"0","7033637",,,"Festival of Lights - Demo","1571410800000","9c1dfcea-767c-49ee-b9a7-62f227578ec2","193.175.2.0","false","false","true","Verein zur Foerderung eines Deutschen Forschungsne","en-US","./livestream/master.m3u8","1571411700000","1569888000000",,"Ubuntu",,,"0","1",,"7033637","0","videojs",,"0","html5","videojs-7.6.0",,"BE","1200","1920","0","WINDOW","0","pause","hls","1571411707000","348f375f-32b3-4550-bc69-c49eb529d468","4000000","1978977","Horus Live","2816","2816","0","Horus Live","0","0","1978977","1978977",,,,,"web"
"v2.5.4","680","0",,"Firefox","69","0","0",,"berlin","1571412287000","DE","cf5723ea-5547-4fd4-83de-bbff97ef052c","Mozilla/5.0 (X11; Fedora; Linux x86_64; rv:69.0) Gecko/20100101 Firefox/69.0",,,,"2d1dc5e8-16f2-4de0-92fe-5acddeb5f0c9","1571356800000","Other","panoplay.duckdns.org",,,"0","53",,,"Festival of Lights - Demo","1571410800000","849caa67-fed3-4524-8c35-6d4c823453a1","193.175.2.0","false","false","true","Verein zur Foerderung eines Deutschen Forschungsne","en-US",,"1571412240000","1569888000000","./livestream/out.mpd","Fedora",,,"671","1",,"0","0","videojs",,"53","html5","videojs-7.6.0",,"BE","900","1600","0","WINDOW","0","setup","dash","1571412287000","d94c2471-d22b-4689-b4f6-7df7f7dc65d9","0","0","Horus Live","0","0","0","Horus Live","0","0","0","0",,,,,"web"
"v2.5.4","680","0",,"Firefox","69","0","0",,"berlin","1571412310000","DE","a6da9866-b1d8-47df-b5ea-145a87af7667","Mozilla/5.0 (X11; Fedora; Linux x86_64; rv:69.0) Gecko/20100101 Firefox/69.0",,,,"2d1dc5e8-16f2-4de0-92fe-5acddeb5f0c9","1571356800000","Other","panoplay.duckdns.org",,,"0","59",,,"Festival of Lights - Demo","1571410800000","615f16f0-7e9d-41aa-9fe3-e6485d910401","193.175.2.0","false","false","true","Verein zur Foerderung eines Deutschen Forschungsne","en-US",,"1571412300000","1569888000000","./livestream/out.mpd","Fedora",,,"596","1",,"0","0","videojs",,"59","html5","videojs-7.6.0",,"BE","900","1600","0","WINDOW","0","setup","dash","1571412310000","d94c2471-d22b-4689-b4f6-7df7f7dc65d9","0","0","Horus Live","0","0","0","Horus Live","0","0","0","0",,,,,"web"
"v2.5.4","680","0",,"Chrome Mobile","77","0","0",,"berlin","1571412443000","DE","613e2c69-858a-49dc-9d60-fbac99351279","Mozilla/5.0 (Linux; Android 9; Nokia 6.1) AppleWebKit/537.36 (KHTML, like Gecko) Chrome/77.0.3865.116 Mobile Safari/537.36",,,,"b078ba57-f5c6-4cc1-a8d6-bb2bf8d83c14","1571356800000","Nokia 6","panoplay.duckdns.org",,,"0","800",,,"Festival of Lights - Demo","1571410800000","5ea758bc-2d93-499f-95dd-30425a291f6c","193.175.2.0","false","false","true","Verein zur Foerderung eines Deutschen Forschungsne","en-US","./livestream/master.m3u8","1571412420000","1569888000000",,"Android","9",,"2823","1",,"0","0","videojs",,"800","html5","videojs-7.6.0",,"BE","732","412","0","WINDOW","0","setup","hls","1571412443000","d85725c5-e291-47ae-8cf3-e9e14015b751","0","0","Horus Live","0","0","0","Horus Live","0","0","0","0",,,,,"web"
"v2.5.4","680","0","true","Chrome Mobile","77","0","0",,"berlin","1571412447000","DE","613e2c69-858a-49dc-9d60-fbac99351279","Mozilla/5.0 (Linux; Android 9; Nokia 6.1) AppleWebKit/537.36 (KHTML, like Gecko) Chrome/77.0.3865.116 Mobile Safari/537.36",,,,"b078ba57-f5c6-4cc1-a8d6-bb2bf8d83c14","1571356800000","Nokia 6","panoplay.duckdns.org",,,"0","3588",,,"Festival of Lights - Demo","1571410800000","5ea758bc-2d93-499f-95dd-30425a291f6c","193.175.2.0","false","false","true","Verein zur Foerderung eines Deutschen Forschungsne","en-US","./livestream/master.m3u8","1571412420000","1569888000000",,"Android","9",,"0","1",,"0","0","videojs",,"0","html5","videojs-7.6.0",,"BE","732","412","0","WINDOW","4388","startup","hls","1571412447000","d85725c5-e291-47ae-8cf3-e9e14015b751","0","0","Horus Live","0","0","3588","Horus Live","0","0","0","0",,,,,"web"
"v2.5.4","680","0",,"Chrome Mobile","77","0","0",,"berlin","1571412447000","DE","613e2c69-858a-49dc-9d60-fbac99351279","Mozilla/5.0 (Linux; Android 9; Nokia 6.1) AppleWebKit/537.36 (KHTML, like Gecko) Chrome/77.0.3865.116 Mobile Safari/537.36",,,,"b078ba57-f5c6-4cc1-a8d6-bb2bf8d83c14","1571356800000","Nokia 6","panoplay.duckdns.org",,,"0","0","3","The media playback was aborted due to a corruption problem or because the media used features your browser did not support.","Festival of Lights - Demo","1571410800000","5ea758bc-2d93-499f-95dd-30425a291f6c","193.175.2.0","false","false","true","Verein zur Foerderung eines Deutschen Forschungsne","en-US","./livestream/master.m3u8","1571412420000","1569888000000",,"Android","9",,"0","1",,"0","0","videojs",,"0","html5","videojs-7.6.0",,"BE","732","412","0","WINDOW","0","error","hls","1571412447000","d85725c5-e291-47ae-8cf3-e9e14015b751","0","0","Horus Live","0","0","0","Horus Live","0","0","0","0",,,,,"web"
"v2.5.4","680","0",,"Firefox","69","0","0",,"berlin","1571412577000","DE","a6da9866-b1d8-47df-b5ea-145a87af7667","Mozilla/5.0 (X11; Fedora; Linux x86_64; rv:69.0) Gecko/20100101 Firefox/69.0",,,,"2d1dc5e8-16f2-4de0-92fe-5acddeb5f0c9","1571356800000","Other","panoplay.duckdns.org",,,"0","2",,,"Festival of Lights - Demo","1571410800000","615f16f0-7e9d-41aa-9fe3-e6485d910401","193.175.2.0","false","true","true","Verein zur Foerderung eines Deutschen Forschungsne","en-US",,"1571412540000","1569888000000","./livestream/out.mpd","Fedora",,,"0","1",,"0","2","videojs",,"0","html5","videojs-7.6.0",,"BE","900","1600","0","WINDOW","0","playing","dash","1571412577000","d94c2471-d22b-4689-b4f6-7df7f7dc65d9","0",,"Horus Live","2816","2816","0","Horus Live","0","0","265314","265314",,,,,"web"
"v2.5.4","680","0","true","Firefox","69","0","0",,"berlin","1571412577000","DE","a6da9866-b1d8-47df-b5ea-145a87af7667","Mozilla/5.0 (X11; Fedora; Linux x86_64; rv:69.0) Gecko/20100101 Firefox/69.0",,,,"2d1dc5e8-16f2-4de0-92fe-5acddeb5f0c9","1571356800000","Other","panoplay.duckdns.org",,,"0","266813",,,"Festival of Lights - Demo","1571410800000","615f16f0-7e9d-41aa-9fe3-e6485d910401","193.175.2.0","false","true","true","Verein zur Foerderung eines Deutschen Forschungsne","en-US",,"1571412540000","1569888000000","./livestream/out.mpd","Fedora",,,"0","1",,"0","0","videojs",,"0","html5","videojs-7.6.0",,"BE","900","1600","0","WINDOW","266872","startup","dash","1571412577000","d94c2471-d22b-4689-b4f6-7df7f7dc65d9","0",,"Horus Live","2816","2816","266813","Horus Live","0","0","265314","0",,,,,"web"
"v2.5.4","680","0",,"Firefox","69","0","0",,"berlin","1571412577000","DE","a6da9866-b1d8-47df-b5ea-145a87af7667","Mozilla/5.0 (X11; Fedora; Linux x86_64; rv:69.0) Gecko/20100101 Firefox/69.0",,,,"2d1dc5e8-16f2-4de0-92fe-5acddeb5f0c9","1571356800000","Other","panoplay.duckdns.org",,,"0","0",,,"Festival of Lights - Demo","1571410800000","615f16f0-7e9d-41aa-9fe3-e6485d910401","193.175.2.0","false","true","true","Verein zur Foerderung eines Deutschen Forschungsne","en-US",,"1571412540000","1569888000000","./livestream/out.mpd","Fedora",,,"0","1",,"0","0","videojs",,"0","html5","videojs-7.6.0",,"BE","900","1600","0","WINDOW","0","qualitychange","dash","1571412577000","d94c2471-d22b-4689-b4f6-7df7f7dc65d9","4015691",,"Horus Live","2816","2816","0","Horus Live","0","0","265314","265314",,,,,"web"
"v2.5.4","680","0",,"Firefox","69","0","0",,"berlin","1571412577000","DE","a6da9866-b1d8-47df-b5ea-145a87af7667","Mozilla/5.0 (X11; Fedora; Linux x86_64; rv:69.0) Gecko/20100101 Firefox/69.0",,,,"2d1dc5e8-16f2-4de0-92fe-5acddeb5f0c9","1571356800000","Other","panoplay.duckdns.org",,,"0","4",,,"Festival of Lights - Demo","1571410800000","615f16f0-7e9d-41aa-9fe3-e6485d910401","193.175.2.0","false","true","true","Verein zur Foerderung eines Deutschen Forschungsne","en-US",,"1571412540000","1569888000000","./livestream/out.mpd","Fedora",,,"0","1",,"0","4","videojs",,"0","html5","videojs-7.6.0",,"BE","900","1600","0","WINDOW","0","playing","dash","1571412577000","d94c2471-d22b-4689-b4f6-7df7f7dc65d9","4015691",,"Horus Live","2816","2816","0","Horus Live","0","0","265314","265314",,,,,"web"
"v2.5.4","680","0",,"Firefox","69","0","0",,"berlin","1571412665000","DE","e9b09652-a55e-4a18-ba93-1b31ab92f0ad","Mozilla/5.0 (X11; Fedora; Linux x86_64; rv:69.0) Gecko/20100101 Firefox/69.0",,,,"2d1dc5e8-16f2-4de0-92fe-5acddeb5f0c9","1571356800000","Other","panoplay.duckdns.org",,,"0","66",,,"Festival of Lights - Demo","1571410800000","c375ec71-1095-44e5-baf6-51241fb613a0","193.175.2.0","false","false","true","Verein zur Foerderung eines Deutschen Forschungsne","en-US",,"1571412660000","1569888000000","./livestream/out.mpd","Fedora",,,"705","1",,"0","0","videojs",,"66","html5","videojs-7.6.0",,"BE","900","1600","0","WINDOW","0","setup","dash","1571412665000","d94c2471-d22b-4689-b4f6-7df7f7dc65d9","0","0","Horus Live","0","0","0","Horus Live","0","0","0","0",,,,,"web"
"v2.5.4","680","0",,"Firefox","69","0","0",,"berlin","1571412812000","DE","a2fc9399-69be-4a6d-9052-40a68f91b98b","Mozilla/5.0 (X11; Fedora; Linux x86_64; rv:69.0) Gecko/20100101 Firefox/69.0",,,,"2d1dc5e8-16f2-4de0-92fe-5acddeb5f0c9","1571356800000","Other","panoplay.duckdns.org",,,"0","67",,,"Festival of Lights - Demo","1571410800000","665ba90f-3337-43df-bcc2-c4768d84b251","193.175.2.0","false","false","true","Verein zur Foerderung eines Deutschen Forschungsne","en-US","./livestream/master.m3u8","1571412780000","1569888000000",,"Fedora",,,"674","1",,"0","0","videojs",,"67","html5","videojs-7.6.0",,"BE","900","1600","0","WINDOW","0","setup","hls","1571412812000","d94c2471-d22b-4689-b4f6-7df7f7dc65d9","0","0","Horus Live","0","0","0","Horus Live","0","0","0","0",,,,,"web"
"v2.5.4","680","0",,"Firefox","69","0","0",,"berlin","1571412834000","DE","cde7313c-1430-433b-a3b0-b9e5622132ed","Mozilla/5.0 (X11; Fedora; Linux x86_64; rv:69.0) Gecko/20100101 Firefox/69.0",,,,"2d1dc5e8-16f2-4de0-92fe-5acddeb5f0c9","1571356800000","Other","panoplay.duckdns.org",,,"0","72",,,"Festival of Lights - Demo","1571410800000","362674bf-0dfa-432c-a490-95382d97708e","193.175.2.0","false","false","true","Verein zur Foerderung eines Deutschen Forschungsne","en-US","./livestream/master.m3u8","1571412780000","1569888000000",,"Fedora",,,"593","1",,"0","0","videojs",,"72","html5","videojs-7.6.0",,"BE","900","1600","0","WINDOW","0","setup","hls","1571412834000","d94c2471-d22b-4689-b4f6-7df7f7dc65d9","0","0","Horus Live","0","0","0","Horus Live","0","0","0","0",,,,,"web"
"v2.5.4","680","0",,"Firefox","69","0","0",,"berlin","1571412854000","DE","d9927256-82ad-4412-b073-e3ccf35e4576","Mozilla/5.0 (X11; Fedora; Linux x86_64; rv:69.0) Gecko/20100101 Firefox/69.0",,,,"2d1dc5e8-16f2-4de0-92fe-5acddeb5f0c9","1571356800000","Other","panoplay.duckdns.org",,,"0","72",,,"Festival of Lights - Demo","1571410800000","6cd29dd6-c9c0-4607-b1d5-e0caf2ae3d18","193.175.2.0","false","false","true","Verein zur Foerderung eines Deutschen Forschungsne","en-US","./livestream/master.m3u8","1571412840000","1569888000000",,"Fedora",,,"605","1",,"0","0","videojs",,"72","html5","videojs-7.6.0",,"BE","900","1600","0","WINDOW","0","setup","hls","1571412854000","d94c2471-d22b-4689-b4f6-7df7f7dc65d9","0","0","Horus Live","0","0","0","Horus Live","0","0","0","0",,,,,"web"
"v2.5.4","680","0",,"Firefox","69","0","0",,"berlin","1571412950000","DE","d41150eb-3e95-4ffc-8346-75250b406149","Mozilla/5.0 (X11; Fedora; Linux x86_64; rv:69.0) Gecko/20100101 Firefox/69.0",,,,"2d1dc5e8-16f2-4de0-92fe-5acddeb5f0c9","1571356800000","Other","panoplay.duckdns.org",,,"0","50",,,"Festival of Lights - Demo","1571410800000","8de1b669-1c9f-4cfe-bf6f-565829462d24","193.175.2.0","false","false","true","Verein zur Foerderung eines Deutschen Forschungsne","en-US","./livestream/master.m3u8","1571412900000","1569888000000",,"Fedora",,,"579","1",,"0","0","videojs",,"50","html5","videojs-7.6.0",,"BE","900","1600","0","WINDOW","0","setup","hls","1571412950000","d94c2471-d22b-4689-b4f6-7df7f7dc65d9","0","0","Horus Live","0","0","0","Horus Live","0","0","0","0",,,,,"web"
"v2.5.4","680","0",,"Firefox","69","0","0",,"berlin","1571412951000","DE","d41150eb-3e95-4ffc-8346-75250b406149","Mozilla/5.0 (X11; Fedora; Linux x86_64; rv:69.0) Gecko/20100101 Firefox/69.0",,,,"2d1dc5e8-16f2-4de0-92fe-5acddeb5f0c9","1571356800000","Other","panoplay.duckdns.org",,,"0","5",,,"Festival of Lights - Demo","1571410800000","8de1b669-1c9f-4cfe-bf6f-565829462d24","193.175.2.0","false","true","true","Verein zur Foerderung eines Deutschen Forschungsne","en-US","./livestream/master.m3u8","1571412900000","1569888000000",,"Fedora",,,"0","1",,"0","5","videojs",,"0","html5","videojs-7.6.0",,"BE","900","1600","0","WINDOW","0","playing","hls","1571412951000","d94c2471-d22b-4689-b4f6-7df7f7dc65d9","0",,"Horus Live","2816","2816","0","Horus Live","0","0","2002","2002",,,,,"web"
"v2.5.4","680","0","true","Firefox","69","0","0",,"berlin","1571412951000","DE","d41150eb-3e95-4ffc-8346-75250b406149","Mozilla/5.0 (X11; Fedora; Linux x86_64; rv:69.0) Gecko/20100101 Firefox/69.0",,,,"2d1dc5e8-16f2-4de0-92fe-5acddeb5f0c9","1571356800000","Other","panoplay.duckdns.org",,,"0","604",,,"Festival of Lights - Demo","1571410800000","8de1b669-1c9f-4cfe-bf6f-565829462d24","193.175.2.0","false","true","true","Verein zur Foerderung eines Deutschen Forschungsne","en-US","./livestream/master.m3u8","1571412900000","1569888000000",,"Fedora",,,"0","1",,"0","0","videojs",,"0","html5","videojs-7.6.0",,"BE","900","1600","0","WINDOW","654","startup","hls","1571412951000","d94c2471-d22b-4689-b4f6-7df7f7dc65d9","0",,"Horus Live","2816","2816","604","Horus Live","0","0","2002","0",,,,,"web"
"v2.5.4","680","0",,"Firefox","69","0","0",,"berlin","1571412951000","DE","d41150eb-3e95-4ffc-8346-75250b406149","Mozilla/5.0 (X11; Fedora; Linux x86_64; rv:69.0) Gecko/20100101 Firefox/69.0",,,,"2d1dc5e8-16f2-4de0-92fe-5acddeb5f0c9","1571356800000","Other","panoplay.duckdns.org",,,"0","0",,,"Festival of Lights - Demo","1571410800000","8de1b669-1c9f-4cfe-bf6f-565829462d24","193.175.2.0","false","true","true","Verein zur Foerderung eines Deutschen Forschungsne","en-US","./livestream/master.m3u8","1571412900000","1569888000000",,"Fedora",,,"0","1",,"0","0","videojs",,"0","html5","videojs-7.6.0",,"BE","900","1600","0","WINDOW","0","qualitychange","hls","1571412951000","d94c2471-d22b-4689-b4f6-7df7f7dc65d9","6000000",,"Horus Live","2816","2816","0","Horus Live","0","0","2002","2002",,,,,"web"
"v2.5.4","680","0",,"Firefox","69","0","0",,"berlin","1571412952000","DE","d41150eb-3e95-4ffc-8346-75250b406149","Mozilla/5.0 (X11; Fedora; Linux x86_64; rv:69.0) Gecko/20100101 Firefox/69.0",,,,"2d1dc5e8-16f2-4de0-92fe-5acddeb5f0c9","1571356800000","Other","panoplay.duckdns.org",,,"0","1256",,,"Festival of Lights - Demo","1571410800000","8de1b669-1c9f-4cfe-bf6f-565829462d24","193.175.2.0","false","true","true","Verein zur Foerderung eines Deutschen Forschungsne","en-US","./livestream/master.m3u8","1571412900000","1569888000000",,"Fedora",,,"0","1",,"0","1256","videojs",,"0","html5","videojs-7.6.0",,"BE","900","1600","0","WINDOW","0","playing","hls","1571412952000","d94c2471-d22b-4689-b4f6-7df7f7dc65d9","6000000",,"Horus Live","2816","2816","0","Horus Live","0","0","3103","2002",,,,,"web"
"v2.5.4","680","0",,"Firefox","69","0","0",,"berlin","1571412952000","DE","d41150eb-3e95-4ffc-8346-75250b406149","Mozilla/5.0 (X11; Fedora; Linux x86_64; rv:69.0) Gecko/20100101 Firefox/69.0",,,,"2d1dc5e8-16f2-4de0-92fe-5acddeb5f0c9","1571356800000","Other","panoplay.duckdns.org",,,"0","0",,,"Festival of Lights - Demo","1571410800000","8de1b669-1c9f-4cfe-bf6f-565829462d24","193.175.2.0","false","true","true","Verein zur Foerderung eines Deutschen Forschungsne","en-US","./livestream/master.m3u8","1571412900000","1569888000000",,"Fedora",,,"0","1",,"0","0","videojs",,"0","html5","videojs-7.6.0",,"BE","900","1600","0","WINDOW","0","qualitychange","hls","1571412952000","d94c2471-d22b-4689-b4f6-7df7f7dc65d9","8000000",,"Horus Live","2816","2816","0","Horus Live","0","0","3103","3103",,,,,"web"
"v2.5.4","680","0",,"Firefox","69","0","0",,"berlin","1571412959000","DE","d41150eb-3e95-4ffc-8346-75250b406149","Mozilla/5.0 (X11; Fedora; Linux x86_64; rv:69.0) Gecko/20100101 Firefox/69.0",,,,"2d1dc5e8-16f2-4de0-92fe-5acddeb5f0c9","1571356800000","Other","panoplay.duckdns.org",,,"0","6740",,,"Festival of Lights - Demo","1571410800000","8de1b669-1c9f-4cfe-bf6f-565829462d24","193.175.2.0","false","true","true","Verein zur Foerderung eines Deutschen Forschungsne","en-US","./livestream/master.m3u8","1571412900000","1569888000000",,"Fedora",,,"0","1",,"0","6740","videojs",,"0","html5","videojs-7.6.0",,"BE","900","1600","0","WINDOW","0","playing","hls","1571412959000","d94c2471-d22b-4689-b4f6-7df7f7dc65d9","8000000",,"Horus Live","2816","2816","0","Horus Live","0","0","9956","3103",,,,,"web"
"v2.5.4","680","0",,"Firefox","69","0","1116",,"berlin","1571412960000","DE","d41150eb-3e95-4ffc-8346-75250b406149","Mozilla/5.0 (X11; Fedora; Linux x86_64; rv:69.0) Gecko/20100101 Firefox/69.0",,,,"2d1dc5e8-16f2-4de0-92fe-5acddeb5f0c9","1571356800000","Other","panoplay.duckdns.org",,,"0","1116",,,"Festival of Lights - Demo","1571410800000","8de1b669-1c9f-4cfe-bf6f-565829462d24","193.175.2.0","false","true","true","Verein zur Foerderung eines Deutschen Forschungsne","en-US","./livestream/master.m3u8","1571412960000","1569888000000",,"Fedora",,,"0","1",,"0","0","videojs",,"0","html5","videojs-7.6.0",,"BE","900","1600","0","WINDOW","0","rebuffering","hls","1571412960000","d94c2471-d22b-4689-b4f6-7df7f7dc65d9","8000000",,"Horus Live","2816","2816","0","Horus Live","0","0","9956","9956",,,,,"web"
"v2.5.4","680","0",,"Firefox","69","0","0",,"berlin","1571412962000","DE","d41150eb-3e95-4ffc-8346-75250b406149","Mozilla/5.0 (X11; Fedora; Linux x86_64; rv:69.0) Gecko/20100101 Firefox/69.0",,,,"2d1dc5e8-16f2-4de0-92fe-5acddeb5f0c9","1571356800000","Other","panoplay.duckdns.org",,,"0","2033",,,"Festival of Lights - Demo","1571410800000","8de1b669-1c9f-4cfe-bf6f-565829462d24","193.175.2.0","false","true","true","Verein zur Foerderung eines Deutschen Forschungsne","en-US","./livestream/master.m3u8","1571412960000","1569888000000",,"Fedora",,,"0","1",,"0","2033","videojs",,"0","html5","videojs-7.6.0",,"BE","900","1600","0","WINDOW","0","playing","hls","1571412962000","d94c2471-d22b-4689-b4f6-7df7f7dc65d9","8000000",,"Horus Live","2816","2816","0","Horus Live","0","0","11974","9956",,,,,"web"
"v2.5.4","680","0",,"Firefox","69","0","2915",,"berlin","1571412965000","DE","d41150eb-3e95-4ffc-8346-75250b406149","Mozilla/5.0 (X11; Fedora; Linux x86_64; rv:69.0) Gecko/20100101 Firefox/69.0",,,,"2d1dc5e8-16f2-4de0-92fe-5acddeb5f0c9","1571356800000","Other","panoplay.duckdns.org",,,"0","2915",,,"Festival of Lights - Demo","1571410800000","8de1b669-1c9f-4cfe-bf6f-565829462d24","193.175.2.0","false","true","true","Verein zur Foerderung eines Deutschen Forschungsne","en-US","./livestream/master.m3u8","1571412960000","1569888000000",,"Fedora",,,"0","1",,"0","0","videojs",,"0","html5","videojs-7.6.0",,"BE","900","1600","0","FULLSCREEN","0","rebuffering","hls","1571412965000","d94c2471-d22b-4689-b4f6-7df7f7dc65d9","8000000",,"Horus Live","2816","2816","0","Horus Live","0","0","11975","11974",,,,,"web"
"v2.5.4","680","0",,"Firefox","69","0","0",,"berlin","1571412965000","DE","d41150eb-3e95-4ffc-8346-75250b406149","Mozilla/5.0 (X11; Fedora; Linux x86_64; rv:69.0) Gecko/20100101 Firefox/69.0",,,,"2d1dc5e8-16f2-4de0-92fe-5acddeb5f0c9","1571356800000","Other","panoplay.duckdns.org",,,"0","0",,,"Festival of Lights - Demo","1571410800000","8de1b669-1c9f-4cfe-bf6f-565829462d24","193.175.2.0","false","true","true","Verein zur Foerderung eines Deutschen Forschungsne","en-US","./livestream/master.m3u8","1571412960000","1569888000000",,"Fedora",,,"0","1",,"0","0","videojs",,"0","html5","videojs-7.6.0",,"BE","900","1600","0","FULLSCREEN","0","qualitychange","hls","1571412965000","d94c2471-d22b-4689-b4f6-7df7f7dc65d9","6000000",,"Horus Live","2816","2816","0","Horus Live","0","0","11975","11975",,,,,"web"
"v2.5.4","680","0",,"Firefox","69","0","0",,"berlin","1571412965000","DE","d41150eb-3e95-4ffc-8346-75250b406149","Mozilla/5.0 (X11; Fedora; Linux x86_64; rv:69.0) Gecko/20100101 Firefox/69.0",,,,"2d1dc5e8-16f2-4de0-92fe-5acddeb5f0c9","1571356800000","Other","panoplay.duckdns.org",,,"0","4",,,"Festival of Lights - Demo","1571410800000","8de1b669-1c9f-4cfe-bf6f-565829462d24","193.175.2.0","false","true","true","Verein zur Foerderung eines Deutschen Forschungsne","en-US","./livestream/master.m3u8","1571412960000","1569888000000",,"Fedora",,,"0","1",,"0","4","videojs",,"0","html5","videojs-7.6.0",,"BE","900","1600","0","FULLSCREEN","0","playing","hls","1571412965000","d94c2471-d22b-4689-b4f6-7df7f7dc65d9","8000000",,"Horus Live","2816","2816","0","Horus Live","0","0","11975","11975",,,,,"web"
"v2.5.4","680","0",,"Firefox","69","0","0",,"berlin","1571412967000","DE","d41150eb-3e95-4ffc-8346-75250b406149","Mozilla/5.0 (X11; Fedora; Linux x86_64; rv:69.0) Gecko/20100101 Firefox/69.0",,,,"2d1dc5e8-16f2-4de0-92fe-5acddeb5f0c9","1571356800000","Other","panoplay.duckdns.org",,,"0","2066",,,"Festival of Lights - Demo","1571410800000","8de1b669-1c9f-4cfe-bf6f-565829462d24","193.175.2.0","false","true","true","Verein zur Foerderung eines Deutschen Forschungsne","en-US","./livestream/master.m3u8","1571412960000","1569888000000",,"Fedora",,,"0","1",,"0","2066","videojs",,"0","html5","videojs-7.6.0",,"BE","900","1600","0","FULLSCREEN","0","playing","hls","1571412967000","d94c2471-d22b-4689-b4f6-7df7f7dc65d9","6000000",,"Horus Live","2816","2816","0","Horus Live","0","0","13951","11975",,,,,"web"
"v2.5.4","680","0",,"Firefox","69","0","337",,"berlin","1571412967000","DE","d41150eb-3e95-4ffc-8346-75250b406149","Mozilla/5.0 (X11; Fedora; Linux x86_64; rv:69.0) Gecko/20100101 Firefox/69.0",,,,"2d1dc5e8-16f2-4de0-92fe-5acddeb5f0c9","1571356800000","Other","panoplay.duckdns.org",,,"0","337",,,"Festival of Lights - Demo","1571410800000","8de1b669-1c9f-4cfe-bf6f-565829462d24","193.175.2.0","false","true","true","Verein zur Foerderung eines Deutschen Forschungsne","en-US","./livestream/master.m3u8","1571412960000","1569888000000",,"Fedora",,,"0","1",,"0","0","videojs",,"0","html5","videojs-7.6.0",,"BE","900","1600","0","FULLSCREEN","0","rebuffering","hls","1571412967000","d94c2471-d22b-4689-b4f6-7df7f7dc65d9","6000000",,"Horus Live","2816","2816","0","Horus Live","0","0","13951","13951",,,,,"web"
"v2.5.4","680","0",,"Firefox","69","0","0",,"berlin","1571412969000","DE","d41150eb-3e95-4ffc-8346-75250b406149","Mozilla/5.0 (X11; Fedora; Linux x86_64; rv:69.0) Gecko/20100101 Firefox/69.0",,,,"2d1dc5e8-16f2-4de0-92fe-5acddeb5f0c9","1571356800000","Other","panoplay.duckdns.org",,,"0","1997",,,"Festival of Lights - Demo","1571410800000","8de1b669-1c9f-4cfe-bf6f-565829462d24","193.175.2.0","false","true","true","Verein zur Foerderung eines Deutschen Forschungsne","en-US","./livestream/master.m3u8","1571412960000","1569888000000",,"Fedora",,,"0","1",,"0","1997","videojs",,"0","html5","videojs-7.6.0",,"BE","900","1600","0","FULLSCREEN","0","playing","hls","1571412969000","d94c2471-d22b-4689-b4f6-7df7f7dc65d9","6000000",,"Horus Live","2816","2816","0","Horus Live","0","0","15970","13951",,,,,"web"
"v2.5.4","680","0",,"Firefox","69","0","3291",,"berlin","1571412972000","DE","d41150eb-3e95-4ffc-8346-75250b406149","Mozilla/5.0 (X11; Fedora; Linux x86_64; rv:69.0) Gecko/20100101 Firefox/69.0",,,,"2d1dc5e8-16f2-4de0-92fe-5acddeb5f0c9","1571356800000","Other","panoplay.duckdns.org",,,"0","3291",,,"Festival of Lights - Demo","1571410800000","8de1b669-1c9f-4cfe-bf6f-565829462d24","193.175.2.0","false","true","true","Verein zur Foerderung eines Deutschen Forschungsne","en-US","./livestream/master.m3u8","1571412960000","1569888000000",,"Fedora",,,"0","1",,"0","0","videojs",,"0","html5","videojs-7.6.0",,"BE","900","1600","0","FULLSCREEN","0","rebuffering","hls","1571412972000","d94c2471-d22b-4689-b4f6-7df7f7dc65d9","6000000",,"Horus Live","2816","2816","0","Horus Live","0","0","15970","15970",,,,,"web"
"v2.5.4","680","0",,"Firefox","69","0","0",,"berlin","1571412972000","DE","d41150eb-3e95-4ffc-8346-75250b406149","Mozilla/5.0 (X11; Fedora; Linux x86_64; rv:69.0) Gecko/20100101 Firefox/69.0",,,,"2d1dc5e8-16f2-4de0-92fe-5acddeb5f0c9","1571356800000","Other","panoplay.duckdns.org",,,"0","3",,,"Festival of Lights - Demo","1571410800000","8de1b669-1c9f-4cfe-bf6f-565829462d24","193.175.2.0","false","true","true","Verein zur Foerderung eines Deutschen Forschungsne","en-US","./livestream/master.m3u8","1571412960000","1569888000000",,"Fedora",,,"0","1",,"0","3","videojs",,"0","html5","videojs-7.6.0",,"BE","900","1600","0","FULLSCREEN","0","playing","hls","1571412972000","d94c2471-d22b-4689-b4f6-7df7f7dc65d9","6000000",,"Horus Live","2816","2816","0","Horus Live","0","0","15970","15970",,,,,"web"
"v2.5.4","680","0",,"Firefox","69","0","0",,"berlin","1571412972000","DE","d41150eb-3e95-4ffc-8346-75250b406149","Mozilla/5.0 (X11; Fedora; Linux x86_64; rv:69.0) Gecko/20100101 Firefox/69.0",,,,"2d1dc5e8-16f2-4de0-92fe-5acddeb5f0c9","1571356800000","Other","panoplay.duckdns.org",,,"0","0",,,"Festival of Lights - Demo","1571410800000","8de1b669-1c9f-4cfe-bf6f-565829462d24","193.175.2.0","false","true","true","Verein zur Foerderung eines Deutschen Forschungsne","en-US","./livestream/master.m3u8","1571412960000","1569888000000",,"Fedora",,,"0","1",,"0","0","videojs",,"0","html5","videojs-7.6.0",,"BE","900","1600","0","FULLSCREEN","0","qualitychange","hls","1571412972000","d94c2471-d22b-4689-b4f6-7df7f7dc65d9","4000000",,"Horus Live","2816","2816","0","Horus Live","0","0","15970","15970",,,,,"web"
"v2.5.4","680","0",,"Firefox","69","0","0",,"berlin","1571412974000","DE","d41150eb-3e95-4ffc-8346-75250b406149","Mozilla/5.0 (X11; Fedora; Linux x86_64; rv:69.0) Gecko/20100101 Firefox/69.0",,,,"2d1dc5e8-16f2-4de0-92fe-5acddeb5f0c9","1571356800000","Other","panoplay.duckdns.org",,,"0","2034",,,"Festival of Lights - Demo","1571410800000","8de1b669-1c9f-4cfe-bf6f-565829462d24","193.175.2.0","false","true","true","Verein zur Foerderung eines Deutschen Forschungsne","en-US","./livestream/master.m3u8","1571412960000","1569888000000",,"Fedora",,,"0","1",,"0","2034","videojs",,"0","html5","videojs-7.6.0",,"BE","900","1600","0","FULLSCREEN","0","playing","hls","1571412974000","d94c2471-d22b-4689-b4f6-7df7f7dc65d9","4000000",,"Horus Live","2816","2816","0","Horus Live","0","0","17985","15970",,,,,"web"
"v2.5.4","680","0",,"Firefox","69","0","1157",,"berlin","1571412975000","DE","d41150eb-3e95-4ffc-8346-75250b406149","Mozilla/5.0 (X11; Fedora; Linux x86_64; rv:69.0) Gecko/20100101 Firefox/69.0",,,,"2d1dc5e8-16f2-4de0-92fe-5acddeb5f0c9","1571356800000","Other","panoplay.duckdns.org",,,"0","1157",,,"Festival of Lights - Demo","1571410800000","8de1b669-1c9f-4cfe-bf6f-565829462d24","193.175.2.0","false","true","true","Verein zur Foerderung eines Deutschen Forschungsne","en-US","./livestream/master.m3u8","1571412960000","1569888000000",,"Fedora",,,"0","1",,"0","0","videojs",,"0","html5","videojs-7.6.0",,"BE","900","1600","0","WINDOW","0","rebuffering","hls","1571412975000","d94c2471-d22b-4689-b4f6-7df7f7dc65d9","4000000",,"Horus Live","2816","2816","0","Horus Live","0","0","17991","17985",,,,,"web"
"v2.5.4","680","0",,"Firefox","69","0","0",,"berlin","1571412977000","DE","d41150eb-3e95-4ffc-8346-75250b406149","Mozilla/5.0 (X11; Fedora; Linux x86_64; rv:69.0) Gecko/20100101 Firefox/69.0",,,,"2d1dc5e8-16f2-4de0-92fe-5acddeb5f0c9","1571356800000","Other","panoplay.duckdns.org",,,"0","1981",,,"Festival of Lights - Demo","1571410800000","8de1b669-1c9f-4cfe-bf6f-565829462d24","193.175.2.0","false","true","true","Verein zur Foerderung eines Deutschen Forschungsne","en-US","./livestream/master.m3u8","1571412960000","1569888000000",,"Fedora",,,"0","1",,"0","1981","videojs",,"0","html5","videojs-7.6.0",,"BE","900","1600","0","WINDOW","0","playing","hls","1571412977000","d94c2471-d22b-4689-b4f6-7df7f7dc65d9","4000000",,"Horus Live","2816","2816","0","Horus Live","0","0","19964","17991",,,,,"web"
"v2.5.4","680","0",,"Firefox","69","0","262",,"berlin","1571412978000","DE","d41150eb-3e95-4ffc-8346-75250b406149","Mozilla/5.0 (X11; Fedora; Linux x86_64; rv:69.0) Gecko/20100101 Firefox/69.0",,,,"2d1dc5e8-16f2-4de0-92fe-5acddeb5f0c9","1571356800000","Other","panoplay.duckdns.org",,,"0","262",,,"Festival of Lights - Demo","1571410800000","8de1b669-1c9f-4cfe-bf6f-565829462d24","193.175.2.0","false","true","true","Verein zur Foerderung eines Deutschen Forschungsne","en-US","./livestream/master.m3u8","1571412960000","1569888000000",,"Fedora",,,"0","1",,"0","0","videojs",,"0","html5","videojs-7.6.0",,"BE","900","1600","0","WINDOW","0","rebuffering","hls","1571412978000","d94c2471-d22b-4689-b4f6-7df7f7dc65d9","4000000",,"Horus Live","2816","2816","0","Horus Live","0","0","20004","19964",,,,,"web"
"v2.5.4","680","0",,"Firefox","69","0","0",,"berlin","1571412984000","DE","d41150eb-3e95-4ffc-8346-75250b406149","Mozilla/5.0 (X11; Fedora; Linux x86_64; rv:69.0) Gecko/20100101 Firefox/69.0",,,,"2d1dc5e8-16f2-4de0-92fe-5acddeb5f0c9","1571356800000","Other","panoplay.duckdns.org",,,"0","5963",,,"Festival of Lights - Demo","1571410800000","8de1b669-1c9f-4cfe-bf6f-565829462d24","193.175.2.0","false","true","true","Verein zur Foerderung eines Deutschen Forschungsne","en-US","./livestream/master.m3u8","1571412960000","1569888000000",,"Fedora",,,"0","1",,"0","5963","videojs",,"0","html5","videojs-7.6.0",,"BE","900","1600","0","WINDOW","0","playing","hls","1571412984000","d94c2471-d22b-4689-b4f6-7df7f7dc65d9","4000000",,"Horus Live","2816","2816","0","Horus Live","0","0","25969","20004",,,,,"web"
"v2.5.4","680","0",,"Firefox","69","0","3124",,"berlin","1571412987000","DE","d41150eb-3e95-4ffc-8346-75250b406149","Mozilla/5.0 (X11; Fedora; Linux x86_64; rv:69.0) Gecko/20100101 Firefox/69.0",,,,"2d1dc5e8-16f2-4de0-92fe-5acddeb5f0c9","1571356800000","Other","panoplay.duckdns.org",,,"0","3124",,,"Festival of Lights - Demo","1571410800000","8de1b669-1c9f-4cfe-bf6f-565829462d24","193.175.2.0","false","true","true","Verein zur Foerderung eines Deutschen Forschungsne","en-US","./livestream/master.m3u8","1571412960000","1569888000000",,"Fedora",,,"0","1",,"0","0","videojs",,"0","html5","videojs-7.6.0",,"BE","900","1600","0","WINDOW","0","rebuffering","hls","1571412987000","d94c2471-d22b-4689-b4f6-7df7f7dc65d9","4000000",,"Horus Live","2816","2816","0","Horus Live","0","0","25970","25969",,,,,"web"
"v2.5.4","680","0",,"Firefox","69","0","0",,"berlin","1571412987000","DE","d41150eb-3e95-4ffc-8346-75250b406149","Mozilla/5.0 (X11; Fedora; Linux x86_64; rv:69.0) Gecko/20100101 Firefox/69.0",,,,"2d1dc5e8-16f2-4de0-92fe-5acddeb5f0c9","1571356800000","Other","panoplay.duckdns.org",,,"0","0",,,"Festival of Lights - Demo","1571410800000","8de1b669-1c9f-4cfe-bf6f-565829462d24","193.175.2.0","false","true","true","Verein zur Foerderung eines Deutschen Forschungsne","en-US","./livestream/master.m3u8","1571412960000","1569888000000",,"Fedora",,,"0","1",,"0","0","videojs",,"0","html5","videojs-7.6.0",,"BE","900","1600","0","WINDOW","0","qualitychange","hls","1571412987000","d94c2471-d22b-4689-b4f6-7df7f7dc65d9","1038489",,"Horus Live","2816","2816","0","Horus Live","0","0","25970","25970",,,,,"web"
"v2.5.4","680","0",,"Firefox","69","0","0",,"berlin","1571412987000","DE","d41150eb-3e95-4ffc-8346-75250b406149","Mozilla/5.0 (X11; Fedora; Linux x86_64; rv:69.0) Gecko/20100101 Firefox/69.0",,,,"2d1dc5e8-16f2-4de0-92fe-5acddeb5f0c9","1571356800000","Other","panoplay.duckdns.org",,,"0","2",,,"Festival of Lights - Demo","1571410800000","8de1b669-1c9f-4cfe-bf6f-565829462d24","193.175.2.0","false","true","true","Verein zur Foerderung eines Deutschen Forschungsne","en-US","./livestream/master.m3u8","1571412960000","1569888000000",,"Fedora",,,"0","1",,"0","2","videojs",,"0","html5","videojs-7.6.0",,"BE","900","1600","0","WINDOW","0","playing","hls","1571412987000","d94c2471-d22b-4689-b4f6-7df7f7dc65d9","4000000",,"Horus Live","2816","2816","0","Horus Live","0","0","25970","25970",,,,,"web"
"v2.5.4","680","0",,"Firefox","69","0","0",,"berlin","1571412989000","DE","d41150eb-3e95-4ffc-8346-75250b406149","Mozilla/5.0 (X11; Fedora; Linux x86_64; rv:69.0) Gecko/20100101 Firefox/69.0",,,,"2d1dc5e8-16f2-4de0-92fe-5acddeb5f0c9","1571356800000","Other","panoplay.duckdns.org",,,"0","2046",,,"Festival of Lights - Demo","1571410800000","8de1b669-1c9f-4cfe-bf6f-565829462d24","193.175.2.0","false","true","true","Verein zur Foerderung eines Deutschen Forschungsne","en-US","./livestream/master.m3u8","1571412960000","1569888000000",,"Fedora",,,"0","1",,"0","2046","videojs",,"0","html5","videojs-7.6.0",,"BE","900","1600","0","WINDOW","0","playing","hls","1571412989000","d94c2471-d22b-4689-b4f6-7df7f7dc65d9","1038489",,"Horus Live","2816","2816","0","Horus Live","0","0","27986","25970",,,,,"web"
"v2.5.4","680","0",,"Firefox","69","0","0",,"berlin","1571412992000","DE","d41150eb-3e95-4ffc-8346-75250b406149","Mozilla/5.0 (X11; Fedora; Linux x86_64; rv:69.0) Gecko/20100101 Firefox/69.0",,,,"2d1dc5e8-16f2-4de0-92fe-5acddeb5f0c9","1571356800000","Other","panoplay.duckdns.org",,,"0","2",,,"Festival of Lights - Demo","1571410800000","8de1b669-1c9f-4cfe-bf6f-565829462d24","193.175.2.0","false","true","true","Verein zur Foerderung eines Deutschen Forschungsne","en-US","./livestream/master.m3u8","1571412960000","1569888000000",,"Fedora",,,"0","1",,"0","2","videojs",,"0","html5","videojs-7.6.0",,"BE","900","1600","0","WINDOW","0","playing","hls","1571412992000","d94c2471-d22b-4689-b4f6-7df7f7dc65d9","1038489",,"Horus Live","2816","2816","0","Horus Live","0","0","27987","27987",,,,,"web"
"v2.5.4","680","0",,"Firefox","69","0","0",,"berlin","1571412992000","DE","d41150eb-3e95-4ffc-8346-75250b406149","Mozilla/5.0 (X11; Fedora; Linux x86_64; rv:69.0) Gecko/20100101 Firefox/69.0",,,,"2d1dc5e8-16f2-4de0-92fe-5acddeb5f0c9","1571356800000","Other","panoplay.duckdns.org",,,"0","0",,,"Festival of Lights - Demo","1571410800000","8de1b669-1c9f-4cfe-bf6f-565829462d24","193.175.2.0","false","true","true","Verein zur Foerderung eines Deutschen Forschungsne","en-US","./livestream/master.m3u8","1571412960000","1569888000000",,"Fedora",,,"0","1",,"0","0","videojs",,"0","html5","videojs-7.6.0",,"BE","900","1600","0","WINDOW","0","qualitychange","hls","1571412992000","d94c2471-d22b-4689-b4f6-7df7f7dc65d9","6000000",,"Horus Live","2816","2816","0","Horus Live","0","0","27987","27987",,,,,"web"
"v2.5.4","680","0",,"Firefox","69","0","2917",,"berlin","1571412992000","DE","d41150eb-3e95-4ffc-8346-75250b406149","Mozilla/5.0 (X11; Fedora; Linux x86_64; rv:69.0) Gecko/20100101 Firefox/69.0",,,,"2d1dc5e8-16f2-4de0-92fe-5acddeb5f0c9","1571356800000","Other","panoplay.duckdns.org",,,"0","2917",,,"Festival of Lights - Demo","1571410800000","8de1b669-1c9f-4cfe-bf6f-565829462d24","193.175.2.0","false","true","true","Verein zur Foerderung eines Deutschen Forschungsne","en-US","./livestream/master.m3u8","1571412960000","1569888000000",,"Fedora",,,"0","1",,"0","0","videojs",,"0","html5","videojs-7.6.0",,"BE","900","1600","0","WINDOW","0","rebuffering","hls","1571412992000","d94c2471-d22b-4689-b4f6-7df7f7dc65d9","1038489",,"Horus Live","2816","2816","0","Horus Live","0","0","27987","27986",,,,,"web"
"v2.5.4","680","0",,"Firefox","69","0","0",,"berlin","1571412994000","DE","d41150eb-3e95-4ffc-8346-75250b406149","Mozilla/5.0 (X11; Fedora; Linux x86_64; rv:69.0) Gecko/20100101 Firefox/69.0",,,,"2d1dc5e8-16f2-4de0-92fe-5acddeb5f0c9","1571356800000","Other","panoplay.duckdns.org",,,"0","1958",,,"Festival of Lights - Demo","1571410800000","8de1b669-1c9f-4cfe-bf6f-565829462d24","193.175.2.0","false","true","true","Verein zur Foerderung eines Deutschen Forschungsne","en-US","./livestream/master.m3u8","1571412960000","1569888000000",,"Fedora",,,"0","1",,"0","1958","videojs",,"0","html5","videojs-7.6.0",,"BE","900","1600","0","WINDOW","0","playing","hls","1571412994000","d94c2471-d22b-4689-b4f6-7df7f7dc65d9","6000000",,"Horus Live","2816","2816","0","Horus Live","0","0","29967","27987",,,,,"web"
"v2.5.4","680","0",,"Firefox","69","0","0",,"berlin","1571412997000","DE","d41150eb-3e95-4ffc-8346-75250b406149","Mozilla/5.0 (X11; Fedora; Linux x86_64; rv:69.0) Gecko/20100101 Firefox/69.0",,,,"2d1dc5e8-16f2-4de0-92fe-5acddeb5f0c9","1571356800000","Other","panoplay.duckdns.org",,,"0","0",,,"Festival of Lights - Demo","1571410800000","8de1b669-1c9f-4cfe-bf6f-565829462d24","193.175.2.0","false","true","true","Verein zur Foerderung eines Deutschen Forschungsne","en-US","./livestream/master.m3u8","1571412960000","1569888000000",,"Fedora",,,"0","1",,"0","0","videojs",,"0","html5","videojs-7.6.0",,"BE","900","1600","0","WINDOW","0","qualitychange","hls","1571412997000","d94c2471-d22b-4689-b4f6-7df7f7dc65d9","8000000",,"Horus Live","2816","2816","0","Horus Live","0","0","29968","29968",,,,,"web"
"v2.5.4","680","0",,"Firefox","69","0","0",,"berlin","1571412997000","DE","d41150eb-3e95-4ffc-8346-75250b406149","Mozilla/5.0 (X11; Fedora; Linux x86_64; rv:69.0) Gecko/20100101 Firefox/69.0",,,,"2d1dc5e8-16f2-4de0-92fe-5acddeb5f0c9","1571356800000","Other","panoplay.duckdns.org",,,"0","1",,,"Festival of Lights - Demo","1571410800000","8de1b669-1c9f-4cfe-bf6f-565829462d24","193.175.2.0","false","true","true","Verein zur Foerderung eines Deutschen Forschungsne","en-US","./livestream/master.m3u8","1571412960000","1569888000000",,"Fedora",,,"0","1",,"0","1","videojs",,"0","html5","videojs-7.6.0",,"BE","900","1600","0","WINDOW","0","playing","hls","1571412997000","d94c2471-d22b-4689-b4f6-7df7f7dc65d9","6000000",,"Horus Live","2816","2816","0","Horus Live","0","0","29968","29968",,,,,"web"
"v2.5.4","680","0",,"Firefox","69","0","2849",,"berlin","1571412997000","DE","d41150eb-3e95-4ffc-8346-75250b406149","Mozilla/5.0 (X11; Fedora; Linux x86_64; rv:69.0) Gecko/20100101 Firefox/69.0",,,,"2d1dc5e8-16f2-4de0-92fe-5acddeb5f0c9","1571356800000","Other","panoplay.duckdns.org",,,"0","2849",,,"Festival of Lights - Demo","1571410800000","8de1b669-1c9f-4cfe-bf6f-565829462d24","193.175.2.0","false","true","true","Verein zur Foerderung eines Deutschen Forschungsne","en-US","./livestream/master.m3u8","1571412960000","1569888000000",,"Fedora",,,"0","1",,"0","0","videojs",,"0","html5","videojs-7.6.0",,"BE","900","1600","0","WINDOW","0","rebuffering","hls","1571412997000","d94c2471-d22b-4689-b4f6-7df7f7dc65d9","6000000",,"Horus Live","2816","2816","0","Horus Live","0","0","29968","29967",,,,,"web"
"v2.5.4","680","0",,"Firefox","69","0","0",,"berlin","1571413001000","DE","d41150eb-3e95-4ffc-8346-75250b406149","Mozilla/5.0 (X11; Fedora; Linux x86_64; rv:69.0) Gecko/20100101 Firefox/69.0",,,,"2d1dc5e8-16f2-4de0-92fe-5acddeb5f0c9","1571356800000","Other","panoplay.duckdns.org",,,"0","4051",,,"Festival of Lights - Demo","1571410800000","8de1b669-1c9f-4cfe-bf6f-565829462d24","193.175.2.0","false","true","true","Verein zur Foerderung eines Deutschen Forschungsne","en-US","./livestream/master.m3u8","1571412960000","1569888000000",,"Fedora",,,"0","1",,"0","4051","videojs",,"0","html5","videojs-7.6.0",,"BE","900","1600","0","WINDOW","0","playing","hls","1571413001000","d94c2471-d22b-4689-b4f6-7df7f7dc65d9","8000000",,"Horus Live","2816","2816","0","Horus Live","0","0","33980","29968",,,,,"web"
"v2.5.4","680","0",,"Firefox","69","0","0",,"berlin","1571413002000","DE","d41150eb-3e95-4ffc-8346-75250b406149","Mozilla/5.0 (X11; Fedora; Linux x86_64; rv:69.0) Gecko/20100101 Firefox/69.0",,,,"2d1dc5e8-16f2-4de0-92fe-5acddeb5f0c9","1571356800000","Other","panoplay.duckdns.org",,,"0","2",,,"Festival of Lights - Demo","1571410800000","8de1b669-1c9f-4cfe-bf6f-565829462d24","193.175.2.0","false","true","true","Verein zur Foerderung eines Deutschen Forschungsne","en-US","./livestream/master.m3u8","1571412960000","1569888000000",,"Fedora",,,"0","1",,"0","2","videojs",,"0","html5","videojs-7.6.0",,"BE","900","1600","0","WINDOW","0","playing","hls","1571413002000","d94c2471-d22b-4689-b4f6-7df7f7dc65d9","8000000",,"Horus Live","2816","2816","0","Horus Live","0","0","33980","33980",,,,,"web"
"v2.5.4","680","0",,"Firefox","69","0","1535",,"berlin","1571413002000","DE","d41150eb-3e95-4ffc-8346-75250b406149","Mozilla/5.0 (X11; Fedora; Linux x86_64; rv:69.0) Gecko/20100101 Firefox/69.0",,,,"2d1dc5e8-16f2-4de0-92fe-5acddeb5f0c9","1571356800000","Other","panoplay.duckdns.org",,,"0","1535",,,"Festival of Lights - Demo","1571410800000","8de1b669-1c9f-4cfe-bf6f-565829462d24","193.175.2.0","false","true","true","Verein zur Foerderung eines Deutschen Forschungsne","en-US","./livestream/master.m3u8","1571412960000","1569888000000",,"Fedora",,,"0","1",,"0","0","videojs",,"0","html5","videojs-7.6.0",,"BE","900","1600","0","WINDOW","0","rebuffering","hls","1571413002000","d94c2471-d22b-4689-b4f6-7df7f7dc65d9","8000000",,"Horus Live","2816","2816","0","Horus Live","0","0","33980","33980",,,,,"web"
"v2.5.4","680","0",,"Firefox","69","0","0",,"berlin","1571413002000","DE","d41150eb-3e95-4ffc-8346-75250b406149","Mozilla/5.0 (X11; Fedora; Linux x86_64; rv:69.0) Gecko/20100101 Firefox/69.0",,,,"2d1dc5e8-16f2-4de0-92fe-5acddeb5f0c9","1571356800000","Other","panoplay.duckdns.org",,,"0","0",,,"Festival of Lights - Demo","1571410800000","8de1b669-1c9f-4cfe-bf6f-565829462d24","193.175.2.0","false","true","true","Verein zur Foerderung eines Deutschen Forschungsne","en-US","./livestream/master.m3u8","1571412960000","1569888000000",,"Fedora",,,"0","1",,"0","0","videojs",,"0","html5","videojs-7.6.0",,"BE","900","1600","0","WINDOW","0","qualitychange","hls","1571413002000","d94c2471-d22b-4689-b4f6-7df7f7dc65d9","4000000",,"Horus Live","2816","2816","0","Horus Live","0","0","33980","33980",,,,,"web"
"v2.5.4","680","0",,"Firefox","69","0","0",,"berlin","1571413016000","DE","d41150eb-3e95-4ffc-8346-75250b406149","Mozilla/5.0 (X11; Fedora; Linux x86_64; rv:69.0) Gecko/20100101 Firefox/69.0",,,,"2d1dc5e8-16f2-4de0-92fe-5acddeb5f0c9","1571356800000","Other","panoplay.duckdns.org",,,"0","14009",,,"Festival of Lights - Demo","1571410800000","8de1b669-1c9f-4cfe-bf6f-565829462d24","193.175.2.0","false","true","true","Verein zur Foerderung eines Deutschen Forschungsne","en-US","./livestream/master.m3u8","1571412960000","1569888000000",,"Fedora",,,"0","1",,"0","14009","videojs",,"0","html5","videojs-7.6.0",,"BE","900","1600","0","WINDOW","0","playing","hls","1571413016000","d94c2471-d22b-4689-b4f6-7df7f7dc65d9","4000000",,"Horus Live","2816","2816","0","Horus Live","0","0","48014","33980",,,,,"web"
"v2.5.4","680","0",,"Firefox","69","0","1780",,"berlin","1571413018000","DE","d41150eb-3e95-4ffc-8346-75250b406149","Mozilla/5.0 (X11; Fedora; Linux x86_64; rv:69.0) Gecko/20100101 Firefox/69.0",,,,"2d1dc5e8-16f2-4de0-92fe-5acddeb5f0c9","1571356800000","Other","panoplay.duckdns.org",,,"0","1780",,,"Festival of Lights - Demo","1571410800000","8de1b669-1c9f-4cfe-bf6f-565829462d24","193.175.2.0","false","true","true","Verein zur Foerderung eines Deutschen Forschungsne","en-US","./livestream/master.m3u8","1571412960000","1569888000000",,"Fedora",,,"0","1",,"0","0","videojs",,"0","html5","videojs-7.6.0",,"BE","900","1600","0","WINDOW","0","rebuffering","hls","1571413018000","d94c2471-d22b-4689-b4f6-7df7f7dc65d9","4000000",,"Horus Live","2816","2816","0","Horus Live","0","0","48015","48014",,,,,"web"
"v2.5.4","680","0",,"Firefox","69","0","263",,"berlin","1571413020000","DE","d41150eb-3e95-4ffc-8346-75250b406149","Mozilla/5.0 (X11; Fedora; Linux x86_64; rv:69.0) Gecko/20100101 Firefox/69.0",,,,"2d1dc5e8-16f2-4de0-92fe-5acddeb5f0c9","1571356800000","Other","panoplay.duckdns.org",,,"0","263",,,"Festival of Lights - Demo","1571410800000","8de1b669-1c9f-4cfe-bf6f-565829462d24","193.175.2.0","false","true","true","Verein zur Foerderung eines Deutschen Forschungsne","en-US","./livestream/master.m3u8","1571413020000","1569888000000",,"Fedora",,,"0","1",,"0","0","videojs",,"0","html5","videojs-7.6.0",,"BE","900","1600","0","WINDOW","0","rebuffering","hls","1571413020000","d94c2471-d22b-4689-b4f6-7df7f7dc65d9","4000000",,"Horus Live","2816","2816","0","Horus Live","0","0","49987","49987",,,,,"web"
"v2.5.4","680","0",,"Firefox","69","0","0",,"berlin","1571413020000","DE","d41150eb-3e95-4ffc-8346-75250b406149","Mozilla/5.0 (X11; Fedora; Linux x86_64; rv:69.0) Gecko/20100101 Firefox/69.0",,,,"2d1dc5e8-16f2-4de0-92fe-5acddeb5f0c9","1571356800000","Other","panoplay.duckdns.org",,,"0","1972",,,"Festival of Lights - Demo","1571410800000","8de1b669-1c9f-4cfe-bf6f-565829462d24","193.175.2.0","false","true","true","Verein zur Foerderung eines Deutschen Forschungsne","en-US","./livestream/master.m3u8","1571413020000","1569888000000",,"Fedora",,,"0","1",,"0","1972","videojs",,"0","html5","videojs-7.6.0",,"BE","900","1600","0","WINDOW","0","playing","hls","1571413020000","d94c2471-d22b-4689-b4f6-7df7f7dc65d9","4000000",,"Horus Live","2816","2816","0","Horus Live","0","0","49987","48015",,,,,"web"
"v2.5.4","680","0",,"Firefox","69","0","0",,"berlin","1571413028000","DE","d41150eb-3e95-4ffc-8346-75250b406149","Mozilla/5.0 (X11; Fedora; Linux x86_64; rv:69.0) Gecko/20100101 Firefox/69.0",,,,"2d1dc5e8-16f2-4de0-92fe-5acddeb5f0c9","1571356800000","Other","panoplay.duckdns.org",,,"0","8018",,,"Festival of Lights - Demo","1571410800000","8de1b669-1c9f-4cfe-bf6f-565829462d24","193.175.2.0","false","true","true","Verein zur Foerderung eines Deutschen Forschungsne","en-US","./livestream/master.m3u8","1571413020000","1569888000000",,"Fedora",,,"0","1",,"0","8018","videojs",,"0","html5","videojs-7.6.0",,"BE","900","1600","0","WINDOW","0","playing","hls","1571413028000","d94c2471-d22b-4689-b4f6-7df7f7dc65d9","4000000",,"Horus Live","2816","2816","0","Horus Live","0","0","58005","49987",,,,,"web"
"v2.5.4","680","0",,"Firefox","69","0","1992",,"berlin","1571413030000","DE","d41150eb-3e95-4ffc-8346-75250b406149","Mozilla/5.0 (X11; Fedora; Linux x86_64; rv:69.0) Gecko/20100101 Firefox/69.0",,,,"2d1dc5e8-16f2-4de0-92fe-5acddeb5f0c9","1571356800000","Other","panoplay.duckdns.org",,,"0","1992",,,"Festival of Lights - Demo","1571410800000","8de1b669-1c9f-4cfe-bf6f-565829462d24","193.175.2.0","false","true","true","Verein zur Foerderung eines Deutschen Forschungsne","en-US","./livestream/master.m3u8","1571413020000","1569888000000",,"Fedora",,,"0","1",,"0","0","videojs",,"0","html5","videojs-7.6.0",,"BE","900","1600","0","WINDOW","0","rebuffering","hls","1571413030000","d94c2471-d22b-4689-b4f6-7df7f7dc65d9","4000000",,"Horus Live","2816","2816","0","Horus Live","0","0","58005","58005",,,,,"web"
"v2.5.4","680","0",,"Firefox","69","0","0",,"berlin","1571413032000","DE","d41150eb-3e95-4ffc-8346-75250b406149","Mozilla/5.0 (X11; Fedora; Linux x86_64; rv:69.0) Gecko/20100101 Firefox/69.0",,,,"2d1dc5e8-16f2-4de0-92fe-5acddeb5f0c9","1571356800000","Other","panoplay.duckdns.org",,,"0","2013",,,"Festival of Lights - Demo","1571410800000","8de1b669-1c9f-4cfe-bf6f-565829462d24","193.175.2.0","false","true","true","Verein zur Foerderung eines Deutschen Forschungsne","en-US","./livestream/master.m3u8","1571413020000","1569888000000",,"Fedora",,,"0","1",,"0","2013","videojs",,"0","html5","videojs-7.6.0",,"BE","900","1600","0","WINDOW","0","playing","hls","1571413032000","d94c2471-d22b-4689-b4f6-7df7f7dc65d9","4000000",,"Horus Live","2816","2816","0","Horus Live","0","0","60018","58005",,,,,"web"
"v2.5.4","680","0",,"Firefox","69","0","3019",,"berlin","1571413035000","DE","d41150eb-3e95-4ffc-8346-75250b406149","Mozilla/5.0 (X11; Fedora; Linux x86_64; rv:69.0) Gecko/20100101 Firefox/69.0",,,,"2d1dc5e8-16f2-4de0-92fe-5acddeb5f0c9","1571356800000","Other","panoplay.duckdns.org",,,"0","3019",,,"Festival of Lights - Demo","1571410800000","8de1b669-1c9f-4cfe-bf6f-565829462d24","193.175.2.0","false","true","true","Verein zur Foerderung eines Deutschen Forschungsne","en-US","./livestream/master.m3u8","1571413020000","1569888000000",,"Fedora",,,"0","1",,"0","0","videojs",,"0","html5","videojs-7.6.0",,"BE","900","1600","0","WINDOW","0","rebuffering","hls","1571413035000","d94c2471-d22b-4689-b4f6-7df7f7dc65d9","4000000",,"Horus Live","2816","2816","0","Horus Live","0","0","60018","60018",,,,,"web"
"v2.5.4","680","0",,"Firefox","69","0","0",,"berlin","1571413037000","DE","d41150eb-3e95-4ffc-8346-75250b406149","Mozilla/5.0 (X11; Fedora; Linux x86_64; rv:69.0) Gecko/20100101 Firefox/69.0",,,,"2d1dc5e8-16f2-4de0-92fe-5acddeb5f0c9","1571356800000","Other","panoplay.duckdns.org",,,"0","2066",,,"Festival of Lights - Demo","1571410800000","8de1b669-1c9f-4cfe-bf6f-565829462d24","193.175.2.0","false","true","true","Verein zur Foerderung eines Deutschen Forschungsne","en-US","./livestream/master.m3u8","1571413020000","1569888000000",,"Fedora",,,"0","1",,"0","2066","videojs",,"0","html5","videojs-7.6.0",,"BE","900","1600","0","WINDOW","0","playing","hls","1571413037000","d94c2471-d22b-4689-b4f6-7df7f7dc65d9","4000000",,"Horus Live","2816","2816","0","Horus Live","0","0","62010","60018",,,,,"web"
"v2.5.4","680","0",,"Firefox","69","0","1932",,"berlin","1571413039000","DE","d41150eb-3e95-4ffc-8346-75250b406149","Mozilla/5.0 (X11; Fedora; Linux x86_64; rv:69.0) Gecko/20100101 Firefox/69.0",,,,"2d1dc5e8-16f2-4de0-92fe-5acddeb5f0c9","1571356800000","Other","panoplay.duckdns.org",,,"0","1932",,,"Festival of Lights - Demo","1571410800000","8de1b669-1c9f-4cfe-bf6f-565829462d24","193.175.2.0","false","true","true","Verein zur Foerderung eines Deutschen Forschungsne","en-US","./livestream/master.m3u8","1571413020000","1569888000000",,"Fedora",,,"0","1",,"0","0","videojs",,"0","html5","videojs-7.6.0",,"BE","900","1600","0","WINDOW","0","rebuffering","hls","1571413039000","d94c2471-d22b-4689-b4f6-7df7f7dc65d9","4000000",,"Horus Live","2816","2816","0","Horus Live","0","0","62011","62010",,,,,"web"
"v2.5.4","680","0",,"Firefox","69","0","0",,"berlin","1571413039000","DE","d41150eb-3e95-4ffc-8346-75250b406149","Mozilla/5.0 (X11; Fedora; Linux x86_64; rv:69.0) Gecko/20100101 Firefox/69.0",,,,"2d1dc5e8-16f2-4de0-92fe-5acddeb5f0c9","1571356800000","Other","panoplay.duckdns.org",,,"0","3",,,"Festival of Lights - Demo","1571410800000","8de1b669-1c9f-4cfe-bf6f-565829462d24","193.175.2.0","false","true","true","Verein zur Foerderung eines Deutschen Forschungsne","en-US","./livestream/master.m3u8","1571413020000","1569888000000",,"Fedora",,,"0","1",,"0","3","videojs",,"0","html5","videojs-7.6.0",,"BE","900","1600","0","WINDOW","0","playing","hls","1571413039000","d94c2471-d22b-4689-b4f6-7df7f7dc65d9","4000000",,"Horus Live","2816","2816","0","Horus Live","0","0","62011","62011",,,,,"web"
"v2.5.4","680","0",,"Firefox","69","0","0",,"berlin","1571413039000","DE","d41150eb-3e95-4ffc-8346-75250b406149","Mozilla/5.0 (X11; Fedora; Linux x86_64; rv:69.0) Gecko/20100101 Firefox/69.0",,,,"2d1dc5e8-16f2-4de0-92fe-5acddeb5f0c9","1571356800000","Other","panoplay.duckdns.org",,,"0","0",,,"Festival of Lights - Demo","1571410800000","8de1b669-1c9f-4cfe-bf6f-565829462d24","193.175.2.0","false","true","true","Verein zur Foerderung eines Deutschen Forschungsne","en-US","./livestream/master.m3u8","1571413020000","1569888000000",,"Fedora",,,"0","1",,"0","0","videojs",,"0","html5","videojs-7.6.0",,"BE","900","1600","0","WINDOW","0","qualitychange","hls","1571413039000","d94c2471-d22b-4689-b4f6-7df7f7dc65d9","8000000",,"Horus Live","2816","2816","0","Horus Live","0","0","62011","62011",,,,,"web"
"v2.5.4","680","0",,"Firefox","69","0","0",,"berlin","1571413069000","DE","d41150eb-3e95-4ffc-8346-75250b406149","Mozilla/5.0 (X11; Fedora; Linux x86_64; rv:69.0) Gecko/20100101 Firefox/69.0",,,,"2d1dc5e8-16f2-4de0-92fe-5acddeb5f0c9","1571356800000","Other","panoplay.duckdns.org",,,"0","29984",,,"Festival of Lights - Demo","1571410800000","8de1b669-1c9f-4cfe-bf6f-565829462d24","193.175.2.0","false","true","true","Verein zur Foerderung eines Deutschen Forschungsne","en-US","./livestream/master.m3u8","1571413020000","1569888000000",,"Fedora",,,"0","1",,"0","29984","videojs",,"0","html5","videojs-7.6.0",,"BE","900","1600","0","WINDOW","0","playing","hls","1571413069000","d94c2471-d22b-4689-b4f6-7df7f7dc65d9","8000000",,"Horus Live","2816","2816","0","Horus Live","0","0","92030","62011",,,,,"web"
"v2.5.4","680","0",,"Firefox","69","0","285",,"berlin","1571413069000","DE","d41150eb-3e95-4ffc-8346-75250b406149","Mozilla/5.0 (X11; Fedora; Linux x86_64; rv:69.0) Gecko/20100101 Firefox/69.0",,,,"2d1dc5e8-16f2-4de0-92fe-5acddeb5f0c9","1571356800000","Other","panoplay.duckdns.org",,,"0","285",,,"Festival of Lights - Demo","1571410800000","8de1b669-1c9f-4cfe-bf6f-565829462d24","193.175.2.0","false","true","true","Verein zur Foerderung eines Deutschen Forschungsne","en-US","./livestream/master.m3u8","1571413020000","1569888000000",,"Fedora",,,"0","1",,"0","0","videojs",,"0","html5","videojs-7.6.0",,"BE","900","1600","0","WINDOW","0","rebuffering","hls","1571413069000","d94c2471-d22b-4689-b4f6-7df7f7dc65d9","8000000",,"Horus Live","2816","2816","0","Horus Live","0","0","92030","92030",,,,,"web"
"v2.5.4","680","0",,"Firefox","69","0","0",,"berlin","1571413072000","DE","d41150eb-3e95-4ffc-8346-75250b406149","Mozilla/5.0 (X11; Fedora; Linux x86_64; rv:69.0) Gecko/20100101 Firefox/69.0",,,,"2d1dc5e8-16f2-4de0-92fe-5acddeb5f0c9","1571356800000","Other","panoplay.duckdns.org",,,"0","2014",,,"Festival of Lights - Demo","1571410800000","8de1b669-1c9f-4cfe-bf6f-565829462d24","193.175.2.0","false","true","true","Verein zur Foerderung eines Deutschen Forschungsne","en-US","./livestream/master.m3u8","1571413020000","1569888000000",,"Fedora",,,"0","1",,"0","2014","videojs",,"0","html5","videojs-7.6.0",,"BE","900","1600","0","WINDOW","0","playing","hls","1571413072000","d94c2471-d22b-4689-b4f6-7df7f7dc65d9","8000000",,"Horus Live","2816","2816","0","Horus Live","0","0","94044","92030",,,,,"web"
"v2.5.4","680","0",,"Firefox","69","0","0",,"berlin","1571413074000","DE","d41150eb-3e95-4ffc-8346-75250b406149","Mozilla/5.0 (X11; Fedora; Linux x86_64; rv:69.0) Gecko/20100101 Firefox/69.0",,,,"2d1dc5e8-16f2-4de0-92fe-5acddeb5f0c9","1571356800000","Other","panoplay.duckdns.org",,,"0","1",,,"Festival of Lights - Demo","1571410800000","8de1b669-1c9f-4cfe-bf6f-565829462d24","193.175.2.0","false","true","true","Verein zur Foerderung eines Deutschen Forschungsne","en-US","./livestream/master.m3u8","1571413020000","1569888000000",,"Fedora",,,"0","1",,"0","1","videojs",,"0","html5","videojs-7.6.0",,"BE","900","1600","0","WINDOW","0","playing","hls","1571413074000","d94c2471-d22b-4689-b4f6-7df7f7dc65d9","8000000",,"Horus Live","2816","2816","0","Horus Live","0","0","94044","94044",,,,,"web"
"v2.5.4","680","0",,"Firefox","69","0","2283",,"berlin","1571413074000","DE","d41150eb-3e95-4ffc-8346-75250b406149","Mozilla/5.0 (X11; Fedora; Linux x86_64; rv:69.0) Gecko/20100101 Firefox/69.0",,,,"2d1dc5e8-16f2-4de0-92fe-5acddeb5f0c9","1571356800000","Other","panoplay.duckdns.org",,,"0","2283",,,"Festival of Lights - Demo","1571410800000","8de1b669-1c9f-4cfe-bf6f-565829462d24","193.175.2.0","false","true","true","Verein zur Foerderung eines Deutschen Forschungsne","en-US","./livestream/master.m3u8","1571413020000","1569888000000",,"Fedora",,,"0","1",,"0","0","videojs",,"0","html5","videojs-7.6.0",,"BE","900","1600","0","WINDOW","0","rebuffering","hls","1571413074000","d94c2471-d22b-4689-b4f6-7df7f7dc65d9","8000000",,"Horus Live","2816","2816","0","Horus Live","0","0","94044","94044",,,,,"web"
"v2.5.4","680","0",,"Firefox","69","0","0",,"berlin","1571413074000","DE","d41150eb-3e95-4ffc-8346-75250b406149","Mozilla/5.0 (X11; Fedora; Linux x86_64; rv:69.0) Gecko/20100101 Firefox/69.0",,,,"2d1dc5e8-16f2-4de0-92fe-5acddeb5f0c9","1571356800000","Other","panoplay.duckdns.org",,,"0","0",,,"Festival of Lights - Demo","1571410800000","8de1b669-1c9f-4cfe-bf6f-565829462d24","193.175.2.0","false","true","true","Verein zur Foerderung eines Deutschen Forschungsne","en-US","./livestream/master.m3u8","1571413020000","1569888000000",,"Fedora",,,"0","1",,"0","0","videojs",,"0","html5","videojs-7.6.0",,"BE","900","1600","0","WINDOW","0","qualitychange","hls","1571413074000","d94c2471-d22b-4689-b4f6-7df7f7dc65d9","6000000",,"Horus Live","2816","2816","0","Horus Live","0","0","94044","94044",,,,,"web"
"v2.5.4","680","0",,"Firefox","69","0","0",,"berlin","1571413076000","DE","d41150eb-3e95-4ffc-8346-75250b406149","Mozilla/5.0 (X11; Fedora; Linux x86_64; rv:69.0) Gecko/20100101 Firefox/69.0",,,,"2d1dc5e8-16f2-4de0-92fe-5acddeb5f0c9","1571356800000","Other","panoplay.duckdns.org",,,"0","2012",,,"Festival of Lights - Demo","1571410800000","8de1b669-1c9f-4cfe-bf6f-565829462d24","193.175.2.0","false","true","true","Verein zur Foerderung eines Deutschen Forschungsne","en-US","./livestream/master.m3u8","1571413020000","1569888000000",,"Fedora",,,"0","1",,"0","2012","videojs",,"0","html5","videojs-7.6.0",,"BE","900","1600","0","WINDOW","0","playing","hls","1571413076000","d94c2471-d22b-4689-b4f6-7df7f7dc65d9","6000000",,"Horus Live","2816","2816","0","Horus Live","0","0","96058","94044",,,,,"web"
"v2.5.4","680","0",,"Firefox","69","0","2581",,"berlin","1571413078000","DE","d41150eb-3e95-4ffc-8346-75250b406149","Mozilla/5.0 (X11; Fedora; Linux x86_64; rv:69.0) Gecko/20100101 Firefox/69.0",,,,"2d1dc5e8-16f2-4de0-92fe-5acddeb5f0c9","1571356800000","Other","panoplay.duckdns.org",,,"0","2581",,,"Festival of Lights - Demo","1571410800000","8de1b669-1c9f-4cfe-bf6f-565829462d24","193.175.2.0","false","true","true","Verein zur Foerderung eines Deutschen Forschungsne","en-US","./livestream/master.m3u8","1571413020000","1569888000000",,"Fedora",,,"0","1",,"0","0","videojs",,"0","html5","videojs-7.6.0",,"BE","900","1600","0","WINDOW","0","rebuffering","hls","1571413078000","d94c2471-d22b-4689-b4f6-7df7f7dc65d9","6000000",,"Horus Live","2816","2816","0","Horus Live","0","0","96058","96058",,,,,"web"
"v2.5.4","680","0",,"Firefox","69","0","0",,"berlin","1571413114000","DE","d41150eb-3e95-4ffc-8346-75250b406149","Mozilla/5.0 (X11; Fedora; Linux x86_64; rv:69.0) Gecko/20100101 Firefox/69.0",,,,"2d1dc5e8-16f2-4de0-92fe-5acddeb5f0c9","1571356800000","Other","panoplay.duckdns.org",,,"0","36016",,,"Festival of Lights - Demo","1571410800000","8de1b669-1c9f-4cfe-bf6f-565829462d24","193.175.2.0","false","true","true","Verein zur Foerderung eines Deutschen Forschungsne","en-US","./livestream/master.m3u8","1571413080000","1569888000000",,"Fedora",,,"0","1",,"0","36016","videojs",,"0","html5","videojs-7.6.0",,"BE","900","1600","0","WINDOW","0","playing","hls","1571413114000","d94c2471-d22b-4689-b4f6-7df7f7dc65d9","6000000",,"Horus Live","2816","2816","0","Horus Live","0","0","132072","96058",,,,,"web"
"v2.5.4","680","0",,"Firefox","69","0","1400",,"berlin","1571413116000","DE","d41150eb-3e95-4ffc-8346-75250b406149","Mozilla/5.0 (X11; Fedora; Linux x86_64; rv:69.0) Gecko/20100101 Firefox/69.0",,,,"2d1dc5e8-16f2-4de0-92fe-5acddeb5f0c9","1571356800000","Other","panoplay.duckdns.org",,,"0","1400",,,"Festival of Lights - Demo","1571410800000","8de1b669-1c9f-4cfe-bf6f-565829462d24","193.175.2.0","false","true","true","Verein zur Foerderung eines Deutschen Forschungsne","en-US","./livestream/master.m3u8","1571413080000","1569888000000",,"Fedora",,,"0","1",,"0","0","videojs",,"0","html5","videojs-7.6.0",,"BE","900","1600","0","WINDOW","0","rebuffering","hls","1571413116000","d94c2471-d22b-4689-b4f6-7df7f7dc65d9","6000000",,"Horus Live","2816","2816","0","Horus Live","0","0","132072","132072",,,,,"web"
"v2.5.4","680","0",,"Firefox","69","0","0",,"berlin","1571413124000","DE","d41150eb-3e95-4ffc-8346-75250b406149","Mozilla/5.0 (X11; Fedora; Linux x86_64; rv:69.0) Gecko/20100101 Firefox/69.0",,,,"2d1dc5e8-16f2-4de0-92fe-5acddeb5f0c9","1571356800000","Other","panoplay.duckdns.org",,,"0","8018",,,"Festival of Lights - Demo","1571410800000","8de1b669-1c9f-4cfe-bf6f-565829462d24","193.175.2.0","false","true","true","Verein zur Foerderung eines Deutschen Forschungsne","en-US","./livestream/master.m3u8","1571413080000","1569888000000",,"Fedora",,,"0","1",,"0","8018","videojs",,"0","html5","videojs-7.6.0",,"BE","900","1600","0","WINDOW","0","playing","hls","1571413124000","d94c2471-d22b-4689-b4f6-7df7f7dc65d9","6000000",,"Horus Live","2816","2816","0","Horus Live","0","0","140089","132072",,,,,"web"
"v2.5.4","680","0",,"Firefox","69","0","2895",,"berlin","1571413127000","DE","d41150eb-3e95-4ffc-8346-75250b406149","Mozilla/5.0 (X11; Fedora; Linux x86_64; rv:69.0) Gecko/20100101 Firefox/69.0",,,,"2d1dc5e8-16f2-4de0-92fe-5acddeb5f0c9","1571356800000","Other","panoplay.duckdns.org",,,"0","2895",,,"Festival of Lights - Demo","1571410800000","8de1b669-1c9f-4cfe-bf6f-565829462d24","193.175.2.0","false","true","true","Verein zur Foerderung eines Deutschen Forschungsne","en-US","./livestream/master.m3u8","1571413080000","1569888000000",,"Fedora",,,"0","1",,"0","0","videojs",,"0","html5","videojs-7.6.0",,"BE","900","1600","0","WINDOW","0","rebuffering","hls","1571413127000","d94c2471-d22b-4689-b4f6-7df7f7dc65d9","6000000",,"Horus Live","2816","2816","0","Horus Live","0","0","140089","140089",,,,,"web"
"v2.5.4","680","0",,"Firefox","69","0","0",,"berlin","1571413131000","DE","d41150eb-3e95-4ffc-8346-75250b406149","Mozilla/5.0 (X11; Fedora; Linux x86_64; rv:69.0) Gecko/20100101 Firefox/69.0",,,,"2d1dc5e8-16f2-4de0-92fe-5acddeb5f0c9","1571356800000","Other","panoplay.duckdns.org",,,"0","3993",,,"Festival of Lights - Demo","1571410800000","8de1b669-1c9f-4cfe-bf6f-565829462d24","193.175.2.0","false","true","true","Verein zur Foerderung eines Deutschen Forschungsne","en-US","./livestream/master.m3u8","1571413080000","1569888000000",,"Fedora",,,"0","1",,"0","3993","videojs",,"0","html5","videojs-7.6.0",,"BE","900","1600","0","WINDOW","0","playing","hls","1571413131000","d94c2471-d22b-4689-b4f6-7df7f7dc65d9","6000000",,"Horus Live","2816","2816","0","Horus Live","0","0","144082","140089",,,,,"web"
"v2.5.4","680","0",,"Firefox","69","0","274",,"berlin","1571413131000","DE","d41150eb-3e95-4ffc-8346-75250b406149","Mozilla/5.0 (X11; Fedora; Linux x86_64; rv:69.0) Gecko/20100101 Firefox/69.0",,,,"2d1dc5e8-16f2-4de0-92fe-5acddeb5f0c9","1571356800000","Other","panoplay.duckdns.org",,,"0","274",,,"Festival of Lights - Demo","1571410800000","8de1b669-1c9f-4cfe-bf6f-565829462d24","193.175.2.0","false","true","true","Verein zur Foerderung eines Deutschen Forschungsne","en-US","./livestream/master.m3u8","1571413080000","1569888000000",,"Fedora",,,"0","1",,"0","0","videojs",,"0","html5","videojs-7.6.0",,"BE","900","1600","0","WINDOW","0","rebuffering","hls","1571413131000","d94c2471-d22b-4689-b4f6-7df7f7dc65d9","6000000",,"Horus Live","2816","2816","0","Horus Live","0","0","144203","144082",,,,,"web"
"v2.5.4","680","0",,"Firefox","69","0","0",,"berlin","1571413191000","DE","d41150eb-3e95-4ffc-8346-75250b406149","Mozilla/5.0 (X11; Fedora; Linux x86_64; rv:69.0) Gecko/20100101 Firefox/69.0",,,,"2d1dc5e8-16f2-4de0-92fe-5acddeb5f0c9","1571356800000","Other","panoplay.duckdns.org",,,"0","59786",,,"Festival of Lights - Demo","1571410800000","8de1b669-1c9f-4cfe-bf6f-565829462d24","193.175.2.0","false","true","true","Verein zur Foerderung eines Deutschen Forschungsne","en-US","./livestream/master.m3u8","1571413140000","1569888000000",,"Fedora",,,"0","1",,"0","59786","videojs",,"0","html5","videojs-7.6.0",,"BE","900","1600","0","WINDOW","0","playing","hls","1571413191000","d94c2471-d22b-4689-b4f6-7df7f7dc65d9","6000000",,"Horus Live","2816","2816","0","Horus Live","0","0","203990","144203",,,,,"web"
"v2.5.4","680","0",,"Firefox","69","0","0",,"berlin","1571413193000","DE","d41150eb-3e95-4ffc-8346-75250b406149","Mozilla/5.0 (X11; Fedora; Linux x86_64; rv:69.0) Gecko/20100101 Firefox/69.0",,,,"2d1dc5e8-16f2-4de0-92fe-5acddeb5f0c9","1571356800000","Other","panoplay.duckdns.org",,,"0","2179",,,"Festival of Lights - Demo","1571410800000","8de1b669-1c9f-4cfe-bf6f-565829462d24","193.175.2.0","false","true","true","Verein zur Foerderung eines Deutschen Forschungsne","en-US","./livestream/master.m3u8","1571413140000","1569888000000",,"Fedora",,,"0","1",,"0","2179","videojs",,"0","html5","videojs-7.6.0",,"BE","900","1600","0","WINDOW","0","playing","hls","1571413193000","d94c2471-d22b-4689-b4f6-7df7f7dc65d9","6000000",,"Horus Live","2816","2816","0","Horus Live","0","0","206168","203990",,,,,"web"
"v2.5.4","680","0",,"Firefox","69","0","2379",,"berlin","1571413195000","DE","d41150eb-3e95-4ffc-8346-75250b406149","Mozilla/5.0 (X11; Fedora; Linux x86_64; rv:69.0) Gecko/20100101 Firefox/69.0",,,,"2d1dc5e8-16f2-4de0-92fe-5acddeb5f0c9","1571356800000","Other","panoplay.duckdns.org",,,"0","2379",,,"Festival of Lights - Demo","1571410800000","8de1b669-1c9f-4cfe-bf6f-565829462d24","193.175.2.0","false","true","true","Verein zur Foerderung eines Deutschen Forschungsne","en-US","./livestream/master.m3u8","1571413140000","1569888000000",,"Fedora",,,"0","1",,"0","0","videojs",,"0","html5","videojs-7.6.0",,"BE","900","1600","0","WINDOW","0","rebuffering","hls","1571413195000","d94c2471-d22b-4689-b4f6-7df7f7dc65d9","6000000",,"Horus Live","2816","2816","0","Horus Live","0","0","206168","206168",,,,,"web"
"v2.5.4","680","0",,"Firefox","69","0","0",,"berlin","1571413197000","DE","d41150eb-3e95-4ffc-8346-75250b406149","Mozilla/5.0 (X11; Fedora; Linux x86_64; rv:69.0) Gecko/20100101 Firefox/69.0",,,,"2d1dc5e8-16f2-4de0-92fe-5acddeb5f0c9","1571356800000","Other","panoplay.duckdns.org",,,"0","2014",,,"Festival of Lights - Demo","1571410800000","8de1b669-1c9f-4cfe-bf6f-565829462d24","193.175.2.0","false","true","true","Verein zur Foerderung eines Deutschen Forschungsne","en-US","./livestream/master.m3u8","1571413140000","1569888000000",,"Fedora",,,"0","1",,"0","2014","videojs",,"0","html5","videojs-7.6.0",,"BE","900","1600","0","WINDOW","0","playing","hls","1571413197000","d94c2471-d22b-4689-b4f6-7df7f7dc65d9","6000000",,"Horus Live","2816","2816","0","Horus Live","0","0","208175","206168",,,,,"web"
"v2.5.4","680","0",,"Firefox","69","0","1923",,"berlin","1571413199000","DE","d41150eb-3e95-4ffc-8346-75250b406149","Mozilla/5.0 (X11; Fedora; Linux x86_64; rv:69.0) Gecko/20100101 Firefox/69.0",,,,"2d1dc5e8-16f2-4de0-92fe-5acddeb5f0c9","1571356800000","Other","panoplay.duckdns.org",,,"0","1923",,,"Festival of Lights - Demo","1571410800000","8de1b669-1c9f-4cfe-bf6f-565829462d24","193.175.2.0","false","true","true","Verein zur Foerderung eines Deutschen Forschungsne","en-US","./livestream/master.m3u8","1571413140000","1569888000000",,"Fedora",,,"0","1",,"0","0","videojs",,"0","html5","videojs-7.6.0",,"BE","900","1600","0","WINDOW","0","rebuffering","hls","1571413199000","d94c2471-d22b-4689-b4f6-7df7f7dc65d9","6000000",,"Horus Live","2816","2816","0","Horus Live","0","0","208182","208175",,,,,"web"
"v2.5.4","680","0",,"Firefox","69","0","0",,"berlin","1571413207000","DE","d41150eb-3e95-4ffc-8346-75250b406149","Mozilla/5.0 (X11; Fedora; Linux x86_64; rv:69.0) Gecko/20100101 Firefox/69.0",,,,"2d1dc5e8-16f2-4de0-92fe-5acddeb5f0c9","1571356800000","Other","panoplay.duckdns.org",,,"0","7978",,,"Festival of Lights - Demo","1571410800000","8de1b669-1c9f-4cfe-bf6f-565829462d24","193.175.2.0","false","true","true","Verein zur Foerderung eines Deutschen Forschungsne","en-US","./livestream/master.m3u8","1571413200000","1569888000000",,"Fedora",,,"0","1",,"0","7978","videojs",,"0","html5","videojs-7.6.0",,"BE","900","1600","0","WINDOW","0","playing","hls","1571413207000","d94c2471-d22b-4689-b4f6-7df7f7dc65d9","6000000",,"Horus Live","2816","2816","0","Horus Live","0","0","216160","208182",,,,,"web"
"v2.5.4","680","0",,"Firefox","69","0","1083",,"berlin","1571413208000","DE","d41150eb-3e95-4ffc-8346-75250b406149","Mozilla/5.0 (X11; Fedora; Linux x86_64; rv:69.0) Gecko/20100101 Firefox/69.0",,,,"2d1dc5e8-16f2-4de0-92fe-5acddeb5f0c9","1571356800000","Other","panoplay.duckdns.org",,,"0","1083",,,"Festival of Lights - Demo","1571410800000","8de1b669-1c9f-4cfe-bf6f-565829462d24","193.175.2.0","false","true","true","Verein zur Foerderung eines Deutschen Forschungsne","en-US","./livestream/master.m3u8","1571413200000","1569888000000",,"Fedora",,,"0","1",,"0","0","videojs",,"0","html5","videojs-7.6.0",,"BE","900","1600","0","WINDOW","0","rebuffering","hls","1571413208000","d94c2471-d22b-4689-b4f6-7df7f7dc65d9","6000000",,"Horus Live","2816","2816","0","Horus Live","0","0","216160","216160",,,,,"web"
"v2.5.4","680","0",,"Firefox","69","0","0",,"berlin","1571413246000","DE","d41150eb-3e95-4ffc-8346-75250b406149","Mozilla/5.0 (X11; Fedora; Linux x86_64; rv:69.0) Gecko/20100101 Firefox/69.0",,,,"2d1dc5e8-16f2-4de0-92fe-5acddeb5f0c9","1571356800000","Other","panoplay.duckdns.org",,,"0","38038",,,"Festival of Lights - Demo","1571410800000","8de1b669-1c9f-4cfe-bf6f-565829462d24","193.175.2.0","false","true","true","Verein zur Foerderung eines Deutschen Forschungsne","en-US","./livestream/master.m3u8","1571413200000","1569888000000",,"Fedora",,,"0","1",,"0","38038","videojs",,"0","html5","videojs-7.6.0",,"BE","900","1600","0","WINDOW","0","playing","hls","1571413246000","d94c2471-d22b-4689-b4f6-7df7f7dc65d9","6000000",,"Horus Live","2816","2816","0","Horus Live","0","0","254198","216160",,,,,"web"
"v2.5.4","680","0",,"Firefox","69","0","352",,"berlin","1571413247000","DE","d41150eb-3e95-4ffc-8346-75250b406149","Mozilla/5.0 (X11; Fedora; Linux x86_64; rv:69.0) Gecko/20100101 Firefox/69.0",,,,"2d1dc5e8-16f2-4de0-92fe-5acddeb5f0c9","1571356800000","Other","panoplay.duckdns.org",,,"0","352",,,"Festival of Lights - Demo","1571410800000","8de1b669-1c9f-4cfe-bf6f-565829462d24","193.175.2.0","false","true","true","Verein zur Foerderung eines Deutschen Forschungsne","en-US","./livestream/master.m3u8","1571413200000","1569888000000",,"Fedora",,,"0","1",,"0","0","videojs",,"0","html5","videojs-7.6.0",,"BE","900","1600","0","WINDOW","0","rebuffering","hls","1571413247000","d94c2471-d22b-4689-b4f6-7df7f7dc65d9","6000000",,"Horus Live","2816","2816","0","Horus Live","0","0","254198","254198",,,,,"web"
"v2.5.4","680","0",,"Firefox","69","0","0",,"berlin","1571413289000","DE","d41150eb-3e95-4ffc-8346-75250b406149","Mozilla/5.0 (X11; Fedora; Linux x86_64; rv:69.0) Gecko/20100101 Firefox/69.0",,,,"2d1dc5e8-16f2-4de0-92fe-5acddeb5f0c9","1571356800000","Other","panoplay.duckdns.org",,,"0","42101",,,"Festival of Lights - Demo","1571410800000","8de1b669-1c9f-4cfe-bf6f-565829462d24","193.175.2.0","false","true","true","Verein zur Foerderung eines Deutschen Forschungsne","en-US","./livestream/master.m3u8","1571413260000","1569888000000",,"Fedora",,,"0","1",,"0","42101","videojs",,"0","html5","videojs-7.6.0",,"BE","900","1600","0","WINDOW","0","playing","hls","1571413289000","d94c2471-d22b-4689-b4f6-7df7f7dc65d9","6000000",,"Horus Live","2816","2816","0","Horus Live","0","0","296263","254198",,,,,"web"
"v2.5.4","680","0",,"Firefox","69","0","831",,"berlin","1571413290000","DE","d41150eb-3e95-4ffc-8346-75250b406149","Mozilla/5.0 (X11; Fedora; Linux x86_64; rv:69.0) Gecko/20100101 Firefox/69.0",,,,"2d1dc5e8-16f2-4de0-92fe-5acddeb5f0c9","1571356800000","Other","panoplay.duckdns.org",,,"0","831",,,"Festival of Lights - Demo","1571410800000","8de1b669-1c9f-4cfe-bf6f-565829462d24","193.175.2.0","false","true","true","Verein zur Foerderung eines Deutschen Forschungsne","en-US","./livestream/master.m3u8","1571413260000","1569888000000",,"Fedora",,,"0","1",,"0","0","videojs",,"0","html5","videojs-7.6.0",,"BE","900","1600","0","WINDOW","0","rebuffering","hls","1571413290000","d94c2471-d22b-4689-b4f6-7df7f7dc65d9","6000000",,"Horus Live","2816","2816","0","Horus Live","0","0","296263","296263",,,,,"web"
"v2.5.4","680","0",,"Firefox","69","0","0",,"berlin","1571413334000","DE","d41150eb-3e95-4ffc-8346-75250b406149","Mozilla/5.0 (X11; Fedora; Linux x86_64; rv:69.0) Gecko/20100101 Firefox/69.0",,,,"2d1dc5e8-16f2-4de0-92fe-5acddeb5f0c9","1571356800000","Other","panoplay.duckdns.org",,,"0","44032",,,"Festival of Lights - Demo","1571410800000","8de1b669-1c9f-4cfe-bf6f-565829462d24","193.175.2.0","false","true","true","Verein zur Foerderung eines Deutschen Forschungsne","en-US","./livestream/master.m3u8","1571413320000","1569888000000",,"Fedora",,,"0","1",,"0","44032","videojs",,"0","html5","videojs-7.6.0",,"BE","900","1600","0","WINDOW","0","playing","hls","1571413334000","d94c2471-d22b-4689-b4f6-7df7f7dc65d9","6000000",,"Horus Live","2816","2816","0","Horus Live","0","0","340292","296263",,,,,"web"
"v2.5.4","680","0",,"Firefox","69","0","0",,"berlin","1571413870000","DE","bfd96e3f-811a-4c64-93d1-15786fd5e2e3","Mozilla/5.0 (X11; Fedora; Linux x86_64; rv:69.0) Gecko/20100101 Firefox/69.0",,,,"2d1dc5e8-16f2-4de0-92fe-5acddeb5f0c9","1571356800000","Other","panoplay.duckdns.org",,,"0","52",,,"Festival of Lights - Demo","1571410800000","200dfbce-5d37-4c06-9e2e-cebbb5ecd354","193.175.2.0","false","false","true","Verein zur Foerderung eines Deutschen Forschungsne","en-US",,"1571413860000","1569888000000","./livestream/out.mpd","Fedora",,,"417","1",,"0","0","videojs",,"52","html5","videojs-7.6.0",,"BE","900","1600","0","WINDOW","0","setup","dash","1571413870000","d94c2471-d22b-4689-b4f6-7df7f7dc65d9","0","0","Horus Live","0","0","0","Horus Live","0","0","0","0",,,,,"web"
"v2.5.4","680","0",,"Firefox","69","0","0",,"berlin","1571414175000","DE","57d7319e-e599-4ac7-91db-515c740c7da0","Mozilla/5.0 (X11; Fedora; Linux x86_64; rv:69.0) Gecko/20100101 Firefox/69.0",,,,"2d1dc5e8-16f2-4de0-92fe-5acddeb5f0c9","1571356800000","Other","panoplay.duckdns.org",,,"0","60",,,"Festival of Lights - Demo","1571410800000","8d3acc19-5643-4dae-bfee-298b177694a8","193.175.2.0","false","false","true","Verein zur Foerderung eines Deutschen Forschungsne","en-US",,"1571414160000","1569888000000","./livestream/out.mpd","Fedora",,,"998","1",,"0","0","videojs",,"60","html5","videojs-7.6.0",,"BE","900","1600","0","WINDOW","0","setup","dash","1571414175000","d94c2471-d22b-4689-b4f6-7df7f7dc65d9","0","0","Horus Live","0","0","0","Horus Live","0","0","0","0",,,,,"web"
"v2.5.4","3209","0",,"Mobile Safari","12","1","0",,"berlin","1571415194000","DE","df0144fb-a054-47c7-a6dc-a6c1596509c0","Mozilla/5.0 (iPhone; CPU iPhone OS 12_4_1 like Mac OS X) AppleWebKit/605.1.15 (KHTML, like Gecko) Version/12.1.2 Mobile/15E148 Safari/604.1",,,,"5ff1d38b-aee0-4e04-940f-38bce628848a","1571356800000","iPhone","panoplay.duckdns.org",,,"0","202",,,"Festival of Lights - Demo","1571414400000","78470ceb-5c9d-4128-9868-5d138cfc8690","109.41.0.0","false","false","true","Vodafone GmbH","en-US","./livestream/master.m3u8","1571415180000","1569888000000",,"iOS","12","4","1724","1",,"0","0","videojs",,"202","html5","videojs-7.6.0",,"BE","667","375","0","WINDOW","0","setup","hls","1571415194000","84b87dc4-9d39-49f4-8caa-91b17a518125","0","0","Horus Live","0","0","0","Horus Live","0","0","0","0",,,,,"web"
"v2.5.4","3209","0",,"Mobile Safari","12","1","0",,"berlin","1571415547000","DE","39771991-33c2-4b3f-8aa9-3278e0e1c55c","Mozilla/5.0 (iPhone; CPU iPhone OS 12_4_1 like Mac OS X) AppleWebKit/605.1.15 (KHTML, like Gecko) Version/12.1.2 Mobile/15E148 Safari/604.1",,,,"5ff1d38b-aee0-4e04-940f-38bce628848a","1571356800000","iPhone","panoplay.duckdns.org",,,"0","337",,,"Festival of Lights - Demo","1571414400000","45a520f7-8140-4194-93d2-05a34f47c823","109.41.0.0","false","false","true","Vodafone GmbH","en-US","./livestream/master.m3u8","1571415540000","1569888000000",,"iOS","12","4","1427","1",,"0","0","videojs",,"337","html5","videojs-7.6.0",,"BE","667","375","0","WINDOW","0","setup","hls","1571415547000","dfb5f3c0-29dd-4137-a52b-87057d9b4b1b","0","0","Horus Live","0","0","0","Horus Live","0","0","0","0",,,,,"web"
"v2.5.4","3209","0",,"Mobile Safari","12","1","0",,"berlin","1571415550000","DE","39771991-33c2-4b3f-8aa9-3278e0e1c55c","Mozilla/5.0 (iPhone; CPU iPhone OS 12_4_1 like Mac OS X) AppleWebKit/605.1.15 (KHTML, like Gecko) Version/12.1.2 Mobile/15E148 Safari/604.1",,,,"5ff1d38b-aee0-4e04-940f-38bce628848a","1571356800000","iPhone","panoplay.duckdns.org",,,"0","963",,,"Festival of Lights - Demo","1571414400000","45a520f7-8140-4194-93d2-05a34f47c823","109.41.0.0","false","true","false","Vodafone GmbH","en-US","./livestream/master.m3u8","1571415540000","1569888000000",,"iOS","12","4","0","1",,"0","963","videojs",,"0","html5","videojs-7.6.0",,"BE","667","375","0","FULLSCREEN","0","playing","hls","1571415550000","dfb5f3c0-29dd-4137-a52b-87057d9b4b1b","0",,"Horus Live","2816","2816","233","Horus Live","0","0","5189","4226",,,,,"web"
"v2.5.4","3209","0",,"Mobile Safari","12","1","13",,"berlin","1571415553000","DE","39771991-33c2-4b3f-8aa9-3278e0e1c55c","Mozilla/5.0 (iPhone; CPU iPhone OS 12_4_1 like Mac OS X) AppleWebKit/605.1.15 (KHTML, like Gecko) Version/12.1.2 Mobile/15E148 Safari/604.1",,,,"5ff1d38b-aee0-4e04-940f-38bce628848a","1571356800000","iPhone","panoplay.duckdns.org",,,"0","13",,,"Festival of Lights - Demo","1571414400000","45a520f7-8140-4194-93d2-05a34f47c823","109.41.0.0","false","true","false","Vodafone GmbH","en-US","./livestream/master.m3u8","1571415540000","1569888000000",,"iOS","12","4","0","1",,"0","0","videojs",,"0","html5","videojs-7.6.0",,"BE","667","375","0","FULLSCREEN","0","rebuffering","hls","1571415553000","dfb5f3c0-29dd-4137-a52b-87057d9b4b1b","0",,"Horus Live","2816","2816","0","Horus Live","0","0","8374","8361",,,,,"web"
"v2.5.4","3209","0",,"Mobile Safari","12","1","0",,"berlin","1571415553000","DE","39771991-33c2-4b3f-8aa9-3278e0e1c55c","Mozilla/5.0 (iPhone; CPU iPhone OS 12_4_1 like Mac OS X) AppleWebKit/605.1.15 (KHTML, like Gecko) Version/12.1.2 Mobile/15E148 Safari/604.1",,,,"5ff1d38b-aee0-4e04-940f-38bce628848a","1571356800000","iPhone","panoplay.duckdns.org",,,"0","3172",,,"Festival of Lights - Demo","1571414400000","45a520f7-8140-4194-93d2-05a34f47c823","109.41.0.0","false","true","false","Vodafone GmbH","en-US","./livestream/master.m3u8","1571415540000","1569888000000",,"iOS","12","4","0","1",,"0","3172","videojs",,"0","html5","videojs-7.6.0",,"BE","667","375","0","FULLSCREEN","0","playing","hls","1571415553000","dfb5f3c0-29dd-4137-a52b-87057d9b4b1b","0",,"Horus Live","2816","2816","0","Horus Live","0","0","8361","5189",,,,,"web"
"v2.5.4","3209","0",,"Mobile Safari","12","1","125",,"berlin","1571415558000","DE","39771991-33c2-4b3f-8aa9-3278e0e1c55c","Mozilla/5.0 (iPhone; CPU iPhone OS 12_4_1 like Mac OS X) AppleWebKit/605.1.15 (KHTML, like Gecko) Version/12.1.2 Mobile/15E148 Safari/604.1",,,,"5ff1d38b-aee0-4e04-940f-38bce628848a","1571356800000","iPhone","panoplay.duckdns.org",,,"0","125",,,"Festival of Lights - Demo","1571414400000","45a520f7-8140-4194-93d2-05a34f47c823","109.41.0.0","false","true","false","Vodafone GmbH","en-US","./livestream/master.m3u8","1571415540000","1569888000000",,"iOS","12","4","0","1",,"0","0","videojs",,"0","html5","videojs-7.6.0",,"BE","667","375","0","FULLSCREEN","0","rebuffering","hls","1571415558000","dfb5f3c0-29dd-4137-a52b-87057d9b4b1b","0",,"Horus Live","2816","2816","0","Horus Live","0","0","13784","13658",,,,,"web"
"v2.5.4","3209","0",,"Mobile Safari","12","1","0",,"berlin","1571415558000","DE","39771991-33c2-4b3f-8aa9-3278e0e1c55c","Mozilla/5.0 (iPhone; CPU iPhone OS 12_4_1 like Mac OS X) AppleWebKit/605.1.15 (KHTML, like Gecko) Version/12.1.2 Mobile/15E148 Safari/604.1",,,,"5ff1d38b-aee0-4e04-940f-38bce628848a","1571356800000","iPhone","panoplay.duckdns.org",,,"0","5285",,,"Festival of Lights - Demo","1571414400000","45a520f7-8140-4194-93d2-05a34f47c823","109.41.0.0","false","true","false","Vodafone GmbH","en-US","./livestream/master.m3u8","1571415540000","1569888000000",,"iOS","12","4","0","1",,"0","5285","videojs",,"0","html5","videojs-7.6.0",,"BE","667","375","0","FULLSCREEN","0","playing","hls","1571415558000","dfb5f3c0-29dd-4137-a52b-87057d9b4b1b","0",,"Horus Live","2816","2816","0","Horus Live","0","0","13658","8374",,,,,"web"
"v2.5.4","3209","0",,"Mobile Safari","12","1","0",,"berlin","1571415563000","DE","39771991-33c2-4b3f-8aa9-3278e0e1c55c","Mozilla/5.0 (iPhone; CPU iPhone OS 12_4_1 like Mac OS X) AppleWebKit/605.1.15 (KHTML, like Gecko) Version/12.1.2 Mobile/15E148 Safari/604.1",,,,"5ff1d38b-aee0-4e04-940f-38bce628848a","1571356800000","iPhone","panoplay.duckdns.org",,,"0","395",,,"Festival of Lights - Demo","1571414400000","45a520f7-8140-4194-93d2-05a34f47c823","109.41.0.0","false","true","false","Vodafone GmbH","en-US","./livestream/master.m3u8","1571415540000","1569888000000",,"iOS","12","4","0","1",,"395","0","videojs",,"0","html5","videojs-7.6.0",,"BE","667","375","0","WINDOW","0","pause","hls","1571415563000","dfb5f3c0-29dd-4137-a52b-87057d9b4b1b","0",,"Horus Live","2816","2816","0","Horus Live","0","0","18329","18249",,,,,"web"
"v2.5.4","3209","0",,"Mobile Safari","12","1","0",,"berlin","1571415563000","DE","39771991-33c2-4b3f-8aa9-3278e0e1c55c","Mozilla/5.0 (iPhone; CPU iPhone OS 12_4_1 like Mac OS X) AppleWebKit/605.1.15 (KHTML, like Gecko) Version/12.1.2 Mobile/15E148 Safari/604.1",,,,"5ff1d38b-aee0-4e04-940f-38bce628848a","1571356800000","iPhone","panoplay.duckdns.org",,,"0","4498",,,"Festival of Lights - Demo","1571414400000","45a520f7-8140-4194-93d2-05a34f47c823","109.41.0.0","false","true","false","Vodafone GmbH","en-US","./livestream/master.m3u8","1571415540000","1569888000000",,"iOS","12","4","0","1",,"0","4498","videojs",,"0","html5","videojs-7.6.0",,"BE","667","375","0","WINDOW","0","playing","hls","1571415563000","dfb5f3c0-29dd-4137-a52b-87057d9b4b1b","0",,"Horus Live","2816","2816","0","Horus Live","0","0","18249","13784",,,,,"web"
"v2.5.4","3209","0",,"Mobile Safari","13","0","0",,"berlin","1571415563000","DE","ccbd2a34-032b-4b37-a107-4634c5048e84","Mozilla/5.0 (iPhone; CPU iPhone OS 13_1_3 like Mac OS X) AppleWebKit/605.1.15 (KHTML, like Gecko) Version/13.0.1 Mobile/15E148 Safari/604.1",,,,"f8facb94-c185-4fb6-9808-829dd3ee5e6d","1571356800000","iPhone","panoplay.duckdns.org",,,"0","80",,,"Festival of Lights - Demo","1571414400000","8e3502d2-e1fe-48d8-8853-a861f2407eef","109.41.0.0","false","false","true","Vodafone GmbH","en-GB","./livestream/master.m3u8","1571415540000","1569888000000",,"iOS","13","1","1567","1",,"0","0","videojs",,"80","html5","videojs-7.6.0",,"BE","568","320","0","WINDOW","0","setup","hls","1571415563000","e1328973-ddbd-4ccf-9752-67fa90f75704","0","0","Horus Live","0","0","0","Horus Live","0","0","0","0",,,,,"web"
"v2.5.4","3209","0",,"Mobile Safari","12","1","0",,"berlin","1571415569000","DE","39771991-33c2-4b3f-8aa9-3278e0e1c55c","Mozilla/5.0 (iPhone; CPU iPhone OS 12_4_1 like Mac OS X) AppleWebKit/605.1.15 (KHTML, like Gecko) Version/12.1.2 Mobile/15E148 Safari/604.1",,,,"5ff1d38b-aee0-4e04-940f-38bce628848a","1571356800000","iPhone","panoplay.duckdns.org",,,"0","5798",,,"Festival of Lights - Demo","1571414400000","45a520f7-8140-4194-93d2-05a34f47c823","109.41.0.0","false","true","false","Vodafone GmbH","en-US","./livestream/master.m3u8","1571415540000","1569888000000",,"iOS","12","4","0","1",,"0","5798","videojs",,"0","html5","videojs-7.6.0",,"BE","667","375","0","WINDOW","0","playing","hls","1571415569000","dfb5f3c0-29dd-4137-a52b-87057d9b4b1b","0",,"Horus Live","2816","2816","0","Horus Live","0","0","24118","18329",,,,,"web"
"v2.5.4","3209","0",,"Mobile Safari","12","1","23",,"berlin","1571415569000","DE","39771991-33c2-4b3f-8aa9-3278e0e1c55c","Mozilla/5.0 (iPhone; CPU iPhone OS 12_4_1 like Mac OS X) AppleWebKit/605.1.15 (KHTML, like Gecko) Version/12.1.2 Mobile/15E148 Safari/604.1",,,,"5ff1d38b-aee0-4e04-940f-38bce628848a","1571356800000","iPhone","panoplay.duckdns.org",,,"0","23",,,"Festival of Lights - Demo","1571414400000","45a520f7-8140-4194-93d2-05a34f47c823","109.41.0.0","false","true","false","Vodafone GmbH","en-US","./livestream/master.m3u8","1571415540000","1569888000000",,"iOS","12","4","0","1",,"0","0","videojs",,"0","html5","videojs-7.6.0",,"BE","667","375","0","WINDOW","0","rebuffering","hls","1571415569000","dfb5f3c0-29dd-4137-a52b-87057d9b4b1b","0",,"Horus Live","2816","2816","0","Horus Live","0","0","24118","24118",,,,,"web"
"v2.5.4","3209","0",,"Mobile Safari","12","1","0",,"berlin","1571415569000","DE","39771991-33c2-4b3f-8aa9-3278e0e1c55c","Mozilla/5.0 (iPhone; CPU iPhone OS 12_4_1 like Mac OS X) AppleWebKit/605.1.15 (KHTML, like Gecko) Version/12.1.2 Mobile/15E148 Safari/604.1",,,,"5ff1d38b-aee0-4e04-940f-38bce628848a","1571356800000","iPhone","panoplay.duckdns.org",,,"0","3",,,"Festival of Lights - Demo","1571414400000","45a520f7-8140-4194-93d2-05a34f47c823","109.41.0.0","false","true","false","Vodafone GmbH","en-US","./livestream/master.m3u8","1571415540000","1569888000000",,"iOS","12","4","0","1",,"0","3","videojs",,"0","html5","videojs-7.6.0",,"BE","667","375","0","WINDOW","0","playing","hls","1571415569000","dfb5f3c0-29dd-4137-a52b-87057d9b4b1b","0",,"Horus Live","2816","2816","0","Horus Live","0","0","24118","24118",,,,,"web"
"v2.5.4","3209","0",,"Mobile Safari","13","0","0",,"berlin","1571415571000","DE","ccbd2a34-032b-4b37-a107-4634c5048e84","Mozilla/5.0 (iPhone; CPU iPhone OS 13_1_3 like Mac OS X) AppleWebKit/605.1.15 (KHTML, like Gecko) Version/13.0.1 Mobile/15E148 Safari/604.1",,,,"f8facb94-c185-4fb6-9808-829dd3ee5e6d","1571356800000","iPhone","panoplay.duckdns.org",,,"0","5271",,,"Festival of Lights - Demo","1571414400000","8e3502d2-e1fe-48d8-8853-a861f2407eef","109.41.0.0","false","true","true","Vodafone GmbH","en-GB","./livestream/master.m3u8","1571415540000","1569888000000",,"iOS","13","1","0","1",,"0","5271","videojs",,"0","html5","videojs-7.6.0",,"BE","568","320","0","FULLSCREEN","0","playing","hls","1571415571000","e1328973-ddbd-4ccf-9752-67fa90f75704","0",,"Horus Live","2816","2816","290","Horus Live","0","0","9556","4286",,,,,"web"
"v2.5.4","3209","0",,"Mobile Safari","13","0","90",,"berlin","1571415571000","DE","ccbd2a34-032b-4b37-a107-4634c5048e84","Mozilla/5.0 (iPhone; CPU iPhone OS 13_1_3 like Mac OS X) AppleWebKit/605.1.15 (KHTML, like Gecko) Version/13.0.1 Mobile/15E148 Safari/604.1",,,,"f8facb94-c185-4fb6-9808-829dd3ee5e6d","1571356800000","iPhone","panoplay.duckdns.org",,,"0","90",,,"Festival of Lights - Demo","1571414400000","8e3502d2-e1fe-48d8-8853-a861f2407eef","109.41.0.0","false","true","true","Vodafone GmbH","en-GB","./livestream/master.m3u8","1571415540000","1569888000000",,"iOS","13","1","0","1",,"0","0","videojs",,"0","html5","videojs-7.6.0",,"BE","568","320","0","FULLSCREEN","0","rebuffering","hls","1571415571000","e1328973-ddbd-4ccf-9752-67fa90f75704","0",,"Horus Live","2816","2816","0","Horus Live","0","0","9647","9556",,,,,"web"
"v2.5.4","3209","0",,"Mobile Safari","13","0","0",,"berlin","1571415574000","DE","ccbd2a34-032b-4b37-a107-4634c5048e84","Mozilla/5.0 (iPhone; CPU iPhone OS 13_1_3 like Mac OS X) AppleWebKit/605.1.15 (KHTML, like Gecko) Version/13.0.1 Mobile/15E148 Safari/604.1",,,,"f8facb94-c185-4fb6-9808-829dd3ee5e6d","1571356800000","iPhone","panoplay.duckdns.org",,,"0","2611",,,"Festival of Lights - Demo","1571414400000","8e3502d2-e1fe-48d8-8853-a861f2407eef","109.41.0.0","false","true","true","Vodafone GmbH","en-GB","./livestream/master.m3u8","1571415540000","1569888000000",,"iOS","13","1","0","1",,"0","2611","videojs",,"0","html5","videojs-7.6.0",,"BE","568","320","0","FULLSCREEN","0","playing","hls","1571415574000","e1328973-ddbd-4ccf-9752-67fa90f75704","0",,"Horus Live","2816","2816","0","Horus Live","0","0","12009","9647",,,,,"web"
"v2.5.4","3209","0",,"Mobile Safari","13","0","958",,"berlin","1571415574000","DE","ccbd2a34-032b-4b37-a107-4634c5048e84","Mozilla/5.0 (iPhone; CPU iPhone OS 13_1_3 like Mac OS X) AppleWebKit/605.1.15 (KHTML, like Gecko) Version/13.0.1 Mobile/15E148 Safari/604.1",,,,"f8facb94-c185-4fb6-9808-829dd3ee5e6d","1571356800000","iPhone","panoplay.duckdns.org",,,"0","958",,,"Festival of Lights - Demo","1571414400000","8e3502d2-e1fe-48d8-8853-a861f2407eef","109.41.0.0","false","true","true","Vodafone GmbH","en-GB","./livestream/master.m3u8","1571415540000","1569888000000",,"iOS","13","1","0","1",,"0","0","videojs",,"0","html5","videojs-7.6.0",,"BE","568","320","0","FULLSCREEN","0","rebuffering","hls","1571415574000","e1328973-ddbd-4ccf-9752-67fa90f75704","0",,"Horus Live","2816","2816","0","Horus Live","0","0","12025","12009",,,,,"web"
"v2.5.4","3209","0",,"Mobile Safari","13","0","50",,"berlin","1571415581000","DE","ccbd2a34-032b-4b37-a107-4634c5048e84","Mozilla/5.0 (iPhone; CPU iPhone OS 13_1_3 like Mac OS X) AppleWebKit/605.1.15 (KHTML, like Gecko) Version/13.0.1 Mobile/15E148 Safari/604.1",,,,"f8facb94-c185-4fb6-9808-829dd3ee5e6d","1571356800000","iPhone","panoplay.duckdns.org",,,"0","50",,,"Festival of Lights - Demo","1571414400000","8e3502d2-e1fe-48d8-8853-a861f2407eef","109.41.0.0","false","true","true","Vodafone GmbH","en-GB","./livestream/master.m3u8","1571415540000","1569888000000",,"iOS","13","1","0","1",,"0","0","videojs",,"0","html5","videojs-7.6.0",,"BE","568","320","0","WINDOW","0","rebuffering","hls","1571415581000","e1328973-ddbd-4ccf-9752-67fa90f75704","0",,"Horus Live","2816","2816","0","Horus Live","0","0","18297","18246",,,,,"web"
"v2.5.4","3209","0",,"Mobile Safari","13","0","0",,"berlin","1571415581000","DE","ccbd2a34-032b-4b37-a107-4634c5048e84","Mozilla/5.0 (iPhone; CPU iPhone OS 13_1_3 like Mac OS X) AppleWebKit/605.1.15 (KHTML, like Gecko) Version/13.0.1 Mobile/15E148 Safari/604.1",,,,"f8facb94-c185-4fb6-9808-829dd3ee5e6d","1571356800000","iPhone","panoplay.duckdns.org",,,"0","6223",,,"Festival of Lights - Demo","1571414400000","8e3502d2-e1fe-48d8-8853-a861f2407eef","109.41.0.0","false","true","true","Vodafone GmbH","en-GB","./livestream/master.m3u8","1571415540000","1569888000000",,"iOS","13","1","0","1",,"0","6223","videojs",,"0","html5","videojs-7.6.0",,"BE","568","320","0","WINDOW","0","playing","hls","1571415581000","e1328973-ddbd-4ccf-9752-67fa90f75704","0",,"Horus Live","2816","2816","0","Horus Live","0","0","18246","12025",,,,,"web"
"v2.5.4","3209","0",,"Mobile Safari","13","0","0",,"berlin","1571415585000","DE","ccbd2a34-032b-4b37-a107-4634c5048e84","Mozilla/5.0 (iPhone; CPU iPhone OS 13_1_3 like Mac OS X) AppleWebKit/605.1.15 (KHTML, like Gecko) Version/13.0.1 Mobile/15E148 Safari/604.1",,,,"f8facb94-c185-4fb6-9808-829dd3ee5e6d","1571356800000","iPhone","panoplay.duckdns.org",,,"0","4187",,,"Festival of Lights - Demo","1571414400000","8e3502d2-e1fe-48d8-8853-a861f2407eef","109.41.0.0","false","true","true","Vodafone GmbH","en-GB","./livestream/master.m3u8","1571415540000","1569888000000",,"iOS","13","1","0","1",,"0","4187","videojs",,"0","html5","videojs-7.6.0",,"BE","568","320","0","WINDOW","0","playing","hls","1571415585000","e1328973-ddbd-4ccf-9752-67fa90f75704","0",,"Horus Live","2816","2816","0","Horus Live","0","0","22484","18297",,,,,"web"
"v2.5.4","3209","0",,"Mobile Safari","13","0","102",,"berlin","1571415585000","DE","ccbd2a34-032b-4b37-a107-4634c5048e84","Mozilla/5.0 (iPhone; CPU iPhone OS 13_1_3 like Mac OS X) AppleWebKit/605.1.15 (KHTML, like Gecko) Version/13.0.1 Mobile/15E148 Safari/604.1",,,,"f8facb94-c185-4fb6-9808-829dd3ee5e6d","1571356800000","iPhone","panoplay.duckdns.org",,,"0","102",,,"Festival of Lights - Demo","1571414400000","8e3502d2-e1fe-48d8-8853-a861f2407eef","109.41.0.0","false","true","true","Vodafone GmbH","en-GB","./livestream/master.m3u8","1571415540000","1569888000000",,"iOS","13","1","0","1",,"0","0","videojs",,"0","html5","videojs-7.6.0",,"BE","568","320","0","WINDOW","0","rebuffering","hls","1571415585000","e1328973-ddbd-4ccf-9752-67fa90f75704","0",,"Horus Live","2816","2816","0","Horus Live","0","0","22586","22484",,,,,"web"
"v2.5.4","3209","0",,"Mobile Safari","13","0","0",,"berlin","1571415589000","DE","ccbd2a34-032b-4b37-a107-4634c5048e84","Mozilla/5.0 (iPhone; CPU iPhone OS 13_1_3 like Mac OS X) AppleWebKit/605.1.15 (KHTML, like Gecko) Version/13.0.1 Mobile/15E148 Safari/604.1",,,,"f8facb94-c185-4fb6-9808-829dd3ee5e6d","1571356800000","iPhone","panoplay.duckdns.org",,,"0","12",,,"Festival of Lights - Demo","1571414400000","8e3502d2-e1fe-48d8-8853-a861f2407eef","109.41.0.0","false","true","true","Vodafone GmbH","en-GB","./livestream/master.m3u8","1571415540000","1569888000000",,"iOS","13","1","0","1",,"0","12","videojs",,"0","html5","videojs-7.6.0",,"BE","568","320","0","WINDOW","0","playing","hls","1571415589000","e1328973-ddbd-4ccf-9752-67fa90f75704","0",,"Horus Live","2816","2816","0","Horus Live","0","0","26400","26400",,,,,"web"
"v2.5.4","3209","0",,"Mobile Safari","13","0","0",,"berlin","1571415589000","DE","ccbd2a34-032b-4b37-a107-4634c5048e84","Mozilla/5.0 (iPhone; CPU iPhone OS 13_1_3 like Mac OS X) AppleWebKit/605.1.15 (KHTML, like Gecko) Version/13.0.1 Mobile/15E148 Safari/604.1",,,,"f8facb94-c185-4fb6-9808-829dd3ee5e6d","1571356800000","iPhone","panoplay.duckdns.org",,,"0","3788",,,"Festival of Lights - Demo","1571414400000","8e3502d2-e1fe-48d8-8853-a861f2407eef","109.41.0.0","false","true","true","Vodafone GmbH","en-GB","./livestream/master.m3u8","1571415540000","1569888000000",,"iOS","13","1","0","1",,"0","3788","videojs",,"0","html5","videojs-7.6.0",,"BE","568","320","0","WINDOW","0","playing","hls","1571415589000","e1328973-ddbd-4ccf-9752-67fa90f75704","0",,"Horus Live","2816","2816","0","Horus Live","0","0","26372","22586",,,,,"web"
"v2.5.4","3209","0",,"Mobile Safari","13","0","22",,"berlin","1571415589000","DE","ccbd2a34-032b-4b37-a107-4634c5048e84","Mozilla/5.0 (iPhone; CPU iPhone OS 13_1_3 like Mac OS X) AppleWebKit/605.1.15 (KHTML, like Gecko) Version/13.0.1 Mobile/15E148 Safari/604.1",,,,"f8facb94-c185-4fb6-9808-829dd3ee5e6d","1571356800000","iPhone","panoplay.duckdns.org",,,"0","22",,,"Festival of Lights - Demo","1571414400000","8e3502d2-e1fe-48d8-8853-a861f2407eef","109.41.0.0","false","true","true","Vodafone GmbH","en-GB","./livestream/master.m3u8","1571415540000","1569888000000",,"iOS","13","1","0","1",,"0","0","videojs",,"0","html5","videojs-7.6.0",,"BE","568","320","0","WINDOW","0","rebuffering","hls","1571415589000","e1328973-ddbd-4ccf-9752-67fa90f75704","0",,"Horus Live","2816","2816","0","Horus Live","0","0","26400","26372",,,,,"web"
"v2.5.4","3209","0",,"Mobile Safari","12","1","0",,"berlin","1571415593000","DE","02ff1c94-fb23-435e-87e4-0ee1f96e8a3b","Mozilla/5.0 (iPhone; CPU iPhone OS 12_4_1 like Mac OS X) AppleWebKit/605.1.15 (KHTML, like Gecko) Version/12.1.2 Mobile/15E148 Safari/604.1",,,,"5ff1d38b-aee0-4e04-940f-38bce628848a","1571356800000","iPhone","panoplay.duckdns.org",,,"0","216",,,"Festival of Lights - Demo","1571414400000","4619e0c6-7a34-4578-af90-2f2bc36dd6cb","109.41.0.0","false","false","true","Vodafone GmbH","en-US","./livestream/master.m3u8","1571415540000","1569888000000",,"iOS","12","4","1122","1",,"0","0","videojs",,"216","html5","videojs-7.6.0",,"BE","667","375","0","WINDOW","0","setup","hls","1571415593000","dfb5f3c0-29dd-4137-a52b-87057d9b4b1b","0","0","Horus Live","0","0","0","Horus Live","0","0","0","0",,,,,"web"
"v2.5.4","3209","0",,"Mobile Safari","12","1","0",,"berlin","1571415599000","DE","02ff1c94-fb23-435e-87e4-0ee1f96e8a3b","Mozilla/5.0 (iPhone; CPU iPhone OS 12_4_1 like Mac OS X) AppleWebKit/605.1.15 (KHTML, like Gecko) Version/12.1.2 Mobile/15E148 Safari/604.1",,,,"5ff1d38b-aee0-4e04-940f-38bce628848a","1571356800000","iPhone","panoplay.duckdns.org",,,"0","3041",,,"Festival of Lights - Demo","1571414400000","4619e0c6-7a34-4578-af90-2f2bc36dd6cb","109.41.0.0","false","true","true","Vodafone GmbH","en-US","./livestream/master.m3u8","1571415540000","1569888000000",,"iOS","12","4","0","1",,"0","3041","videojs",,"0","html5","videojs-7.6.0",,"BE","667","375","0","FULLSCREEN","0","playing","hls","1571415599000","dfb5f3c0-29dd-4137-a52b-87057d9b4b1b","0",,"Horus Live","2816","2816","272","Horus Live","0","0","7300","4260",,,,,"web"
"v2.5.4","3209","0",,"Mobile Safari","12","1","140",,"berlin","1571415599000","DE","02ff1c94-fb23-435e-87e4-0ee1f96e8a3b","Mozilla/5.0 (iPhone; CPU iPhone OS 12_4_1 like Mac OS X) AppleWebKit/605.1.15 (KHTML, like Gecko) Version/12.1.2 Mobile/15E148 Safari/604.1",,,,"5ff1d38b-aee0-4e04-940f-38bce628848a","1571356800000","iPhone","panoplay.duckdns.org",,,"0","140",,,"Festival of Lights - Demo","1571414400000","4619e0c6-7a34-4578-af90-2f2bc36dd6cb","109.41.0.0","false","true","true","Vodafone GmbH","en-US","./livestream/master.m3u8","1571415540000","1569888000000",,"iOS","12","4","0","1",,"0","0","videojs",,"0","html5","videojs-7.6.0",,"BE","667","375","0","FULLSCREEN","0","rebuffering","hls","1571415599000","dfb5f3c0-29dd-4137-a52b-87057d9b4b1b","0",,"Horus Live","2816","2816","0","Horus Live","0","0","7441","7300",,,,,"web"
"v2.5.4","3209","0",,"Mobile Safari","12","1","0",,"berlin","1571415602000","DE","02ff1c94-fb23-435e-87e4-0ee1f96e8a3b","Mozilla/5.0 (iPhone; CPU iPhone OS 12_4_1 like Mac OS X) AppleWebKit/605.1.15 (KHTML, like Gecko) Version/12.1.2 Mobile/15E148 Safari/604.1",,,,"5ff1d38b-aee0-4e04-940f-38bce628848a","1571356800000","iPhone","panoplay.duckdns.org",,,"0","2838",,,"Festival of Lights - Demo","1571414400000","4619e0c6-7a34-4578-af90-2f2bc36dd6cb","109.41.0.0","false","true","true","Vodafone GmbH","en-US","./livestream/master.m3u8","1571415600000","1569888000000",,"iOS","12","4","0","1",,"0","2838","videojs",,"0","html5","videojs-7.6.0",,"BE","667","375","0","WINDOW","0","playing","hls","1571415602000","dfb5f3c0-29dd-4137-a52b-87057d9b4b1b","0",,"Horus Live","2816","2816","0","Horus Live","0","0","10245","7441",,,,,"web"
"v2.5.4","3209","0",,"Mobile Safari","13","0","0",,"berlin","1571416683000","DE","ccbd2a34-032b-4b37-a107-4634c5048e84","Mozilla/5.0 (iPhone; CPU iPhone OS 13_1_3 like Mac OS X) AppleWebKit/605.1.15 (KHTML, like Gecko) Version/13.0.1 Mobile/15E148 Safari/604.1",,,,"f8facb94-c185-4fb6-9808-829dd3ee5e6d","1571356800000","iPhone","panoplay.duckdns.org",,,"0","3",,,"Festival of Lights - Demo","1571414400000","8e3502d2-e1fe-48d8-8853-a861f2407eef","109.41.0.0","false","true","true","Vodafone GmbH","en-GB","./livestream/master.m3u8","1571416680000","1569888000000",,"iOS","13","1","0","1",,"0","3","videojs",,"0","html5","videojs-7.6.0",,"BE","568","320","0","WINDOW","0","playing","hls","1571416683000","e1328973-ddbd-4ccf-9752-67fa90f75704","0",,"Horus Live","2816","2816","0","Horus Live","0","0","26400","26400",,,,,"web"
"v2.5.4","3209","0",,"Mobile Safari","13","0","2857",,"berlin","1571416683000","DE","ccbd2a34-032b-4b37-a107-4634c5048e84","Mozilla/5.0 (iPhone; CPU iPhone OS 13_1_3 like Mac OS X) AppleWebKit/605.1.15 (KHTML, like Gecko) Version/13.0.1 Mobile/15E148 Safari/604.1",,,,"f8facb94-c185-4fb6-9808-829dd3ee5e6d","1571356800000","iPhone","panoplay.duckdns.org",,,"0","2857",,,"Festival of Lights - Demo","1571414400000","8e3502d2-e1fe-48d8-8853-a861f2407eef","109.41.0.0","false","true","true","Vodafone GmbH","en-GB","./livestream/master.m3u8","1571416680000","1569888000000",,"iOS","13","1","0","1",,"0","0","videojs",,"0","html5","videojs-7.6.0",,"BE","568","320","0","FULLSCREEN","0","rebuffering","hls","1571416683000","e1328973-ddbd-4ccf-9752-67fa90f75704","0",,"Horus Live","2816","2816","0","Horus Live","0","0","26400","26400",,,,,"web"
"v2.5.4","3209","0",,"Mobile Safari","12","1","0",,"berlin","1571417618000","DE","a2d29e3f-f9a0-4c18-abc6-86347e2a2168","Mozilla/5.0 (iPhone; CPU iPhone OS 12_4_1 like Mac OS X) AppleWebKit/605.1.15 (KHTML, like Gecko) Version/12.1.2 Mobile/15E148 Safari/604.1",,,,"5ff1d38b-aee0-4e04-940f-38bce628848a","1571356800000","iPhone","panoplay.duckdns.org",,,"0","542",,,"Festival of Lights - Demo","1571414400000","bd0037e7-f9bf-4988-9388-e81f0c44c624","109.41.0.0","false","false","true","Vodafone GmbH","en-US","./livestream/master.m3u8","1571417580000","1569888000000",,"iOS","12","4","2015","1",,"0","0","videojs",,"542","html5","videojs-7.6.0",,"BE","667","375","0","WINDOW","0","setup","hls","1571417618000","631dc2ec-834d-40df-8bbd-8b8a75b5925f","0","0","Horus Live","0","0","0","Horus Live","0","0","0","0",,,,,"web"
"v2.5.4","3209","0",,"Mobile Safari","12","1","0",,"berlin","1571417620000","DE","1cb5f03f-a33e-4050-a1c4-bb52cb9629af","Mozilla/5.0 (iPhone; CPU iPhone OS 12_4_1 like Mac OS X) AppleWebKit/605.1.15 (KHTML, like Gecko) Version/12.1.2 Mobile/15E148 Safari/604.1",,,,"5ff1d38b-aee0-4e04-940f-38bce628848a","1571356800000","iPhone","panoplay.duckdns.org",,,"0","201",,,"Festival of Lights - Demo","1571414400000","9e6bff39-a1df-49c2-b33e-b284be74ca5a","109.41.0.0","false","false","true","Vodafone GmbH","en-US","./livestream/master.m3u8","1571417580000","1569888000000",,"iOS","12","4","1127","1",,"0","0","videojs",,"201","html5","videojs-7.6.0",,"BE","667","375","0","WINDOW","0","setup","hls","1571417620000","631dc2ec-834d-40df-8bbd-8b8a75b5925f","0","0","Horus Live","0","0","0","Horus Live","0","0","0","0",,,,,"web"
"v2.5.4","3209","0",,"Mobile Safari","12","1","0",,"berlin","1571417623000","DE","1cb5f03f-a33e-4050-a1c4-bb52cb9629af","Mozilla/5.0 (iPhone; CPU iPhone OS 12_4_1 like Mac OS X) AppleWebKit/605.1.15 (KHTML, like Gecko) Version/12.1.2 Mobile/15E148 Safari/604.1",,,,"5ff1d38b-aee0-4e04-940f-38bce628848a","1571356800000","iPhone","panoplay.duckdns.org",,,"0","377",,,"Festival of Lights - Demo","1571414400000","9e6bff39-a1df-49c2-b33e-b284be74ca5a","109.41.0.0","false","true","false","Vodafone GmbH","en-US","./livestream/master.m3u8","1571417580000","1569888000000",,"iOS","12","4","0","1",,"0","377","videojs",,"0","html5","videojs-7.6.0",,"BE","667","375","0","FULLSCREEN","0","playing","hls","1571417623000","631dc2ec-834d-40df-8bbd-8b8a75b5925f","0",,"Horus Live","2816","2816","564","Horus Live","0","0","4939","4562",,,,,"web"
"v2.5.4","3209","0",,"Mobile Safari","12","1","0",,"berlin","1571417627000","DE","1cb5f03f-a33e-4050-a1c4-bb52cb9629af","Mozilla/5.0 (iPhone; CPU iPhone OS 12_4_1 like Mac OS X) AppleWebKit/605.1.15 (KHTML, like Gecko) Version/12.1.2 Mobile/15E148 Safari/604.1",,,,"5ff1d38b-aee0-4e04-940f-38bce628848a","1571356800000","iPhone","panoplay.duckdns.org",,,"0","4069",,,"Festival of Lights - Demo","1571414400000","9e6bff39-a1df-49c2-b33e-b284be74ca5a","109.41.0.0","false","true","false","Vodafone GmbH","en-US","./livestream/master.m3u8","1571417580000","1569888000000",,"iOS","12","4","0","1",,"0","4069","videojs",,"0","html5","videojs-7.6.0",,"BE","667","375","0","WINDOW","0","playing","hls","1571417627000","631dc2ec-834d-40df-8bbd-8b8a75b5925f","0",,"Horus Live","2816","2816","0","Horus Live","0","0","8952","4939",,,,,"web"
"v2.5.4","3209","0",,"Mobile Safari","13","0","0",,"berlin","1571417868000","DE","966a7653-adb6-4d5b-9435-5dfdb44f91d3","Mozilla/5.0 (iPhone; CPU iPhone OS 13_1_3 like Mac OS X) AppleWebKit/605.1.15 (KHTML, like Gecko) Version/13.0.1 Mobile/15E148 Safari/604.1",,,,"f8facb94-c185-4fb6-9808-829dd3ee5e6d","1571356800000","iPhone","panoplay.duckdns.org",,,"0","71",,,"Festival of Lights - Demo","1571414400000","fb42342d-185e-4d41-a44c-60251ae65244","109.41.0.0","false","false","true","Vodafone GmbH","en-GB","./livestream/master.m3u8","1571417820000","1569888000000",,"iOS","13","1","841","1",,"0","0","videojs",,"71","html5","videojs-7.6.0",,"BE","568","320","0","WINDOW","0","setup","hls","1571417868000","e1328973-ddbd-4ccf-9752-67fa90f75704","0","0","Horus Live","0","0","0","Horus Live","0","0","0","0",,,,,"web"
"v2.5.4","3209","0",,"Mobile Safari","13","0","131",,"berlin","1571417873000","DE","966a7653-adb6-4d5b-9435-5dfdb44f91d3","Mozilla/5.0 (iPhone; CPU iPhone OS 13_1_3 like Mac OS X) AppleWebKit/605.1.15 (KHTML, like Gecko) Version/13.0.1 Mobile/15E148 Safari/604.1",,,,"f8facb94-c185-4fb6-9808-829dd3ee5e6d","1571356800000","iPhone","panoplay.duckdns.org",,,"0","131",,,"Festival of Lights - Demo","1571414400000","fb42342d-185e-4d41-a44c-60251ae65244","109.41.0.0","false","true","true","Vodafone GmbH","en-GB","./livestream/master.m3u8","1571417820000","1569888000000",,"iOS","13","1","0","1",,"0","0","videojs",,"0","html5","videojs-7.6.0",,"BE","568","320","0","FULLSCREEN","0","rebuffering","hls","1571417873000","e1328973-ddbd-4ccf-9752-67fa90f75704","0",,"Horus Live","2816","2816","0","Horus Live","0","0","7361","7230",,,,,"web"
"v2.5.4","3209","0",,"Mobile Safari","13","0","0",,"berlin","1571417873000","DE","966a7653-adb6-4d5b-9435-5dfdb44f91d3","Mozilla/5.0 (iPhone; CPU iPhone OS 13_1_3 like Mac OS X) AppleWebKit/605.1.15 (KHTML, like Gecko) Version/13.0.1 Mobile/15E148 Safari/604.1",,,,"f8facb94-c185-4fb6-9808-829dd3ee5e6d","1571356800000","iPhone","panoplay.duckdns.org",,,"0","2974",,,"Festival of Lights - Demo","1571414400000","fb42342d-185e-4d41-a44c-60251ae65244","109.41.0.0","false","true","true","Vodafone GmbH","en-GB","./livestream/master.m3u8","1571417820000","1569888000000",,"iOS","13","1","0","1",,"0","2974","videojs",,"0","html5","videojs-7.6.0",,"BE","568","320","0","FULLSCREEN","0","playing","hls","1571417873000","e1328973-ddbd-4ccf-9752-67fa90f75704","0",,"Horus Live","2816","2816","256","Horus Live","0","0","7230","4256",,,,,"web"
"v2.5.4","680","0",,"Mobile Safari","13","0","0",,"berlin","1571418106000","DE","95f5ad58-fcb0-4a8d-a1be-029834695bfc","Mozilla/5.0 (iPhone; CPU iPhone OS 13_1_3 like Mac OS X) AppleWebKit/605.1.15 (KHTML, like Gecko) Version/13.0.1 Mobile/15E148 Safari/604.1",,,,"3451d23d-d5ff-49b2-886e-10100cbcba4a","1571356800000","iPhone","192.168.247.92",,,"0","101",,,"Festival of Lights - Demo","1571418000000","d7f0aae6-5e5a-4d69-83dd-d8aed53295da","193.175.2.0","false","false","true","Verein zur Foerderung eines Deutschen Forschungsne","en-GB","./livestream/master.m3u8","1571418060000","1569888000000",,"iOS","13","1","575","1",,"0","0","videojs",,"101","html5","videojs-7.6.0",,"BE","568","320","0","WINDOW","0","setup","hls","1571418106000","8d077e78-f42c-407c-bb2f-131aef9b308d","0","0","Horus Live","0","0","0","Horus Live","0","0","0","0",,,,,"web"
"v2.5.4","680","0",,"Mobile Safari","13","0","50",,"berlin","1571418111000","DE","95f5ad58-fcb0-4a8d-a1be-029834695bfc","Mozilla/5.0 (iPhone; CPU iPhone OS 13_1_3 like Mac OS X) AppleWebKit/605.1.15 (KHTML, like Gecko) Version/13.0.1 Mobile/15E148 Safari/604.1",,,,"3451d23d-d5ff-49b2-886e-10100cbcba4a","1571356800000","iPhone","192.168.247.92",,,"0","50",,,"Festival of Lights - Demo","1571418000000","d7f0aae6-5e5a-4d69-83dd-d8aed53295da","193.175.2.0","false","true","true","Verein zur Foerderung eines Deutschen Forschungsne","en-GB","./livestream/master.m3u8","1571418060000","1569888000000",,"iOS","13","1","0","1",,"0","0","videojs",,"0","html5","videojs-7.6.0",,"BE","568","320","0","WINDOW","0","rebuffering","hls","1571418111000","8d077e78-f42c-407c-bb2f-131aef9b308d","0",,"Horus Live","2816","2816","0","Horus Live","0","0","7356","7306",,,,,"web"
"v2.5.4","680","0",,"Mobile Safari","13","0","0",,"berlin","1571418111000","DE","95f5ad58-fcb0-4a8d-a1be-029834695bfc","Mozilla/5.0 (iPhone; CPU iPhone OS 13_1_3 like Mac OS X) AppleWebKit/605.1.15 (KHTML, like Gecko) Version/13.0.1 Mobile/15E148 Safari/604.1",,,,"3451d23d-d5ff-49b2-886e-10100cbcba4a","1571356800000","iPhone","192.168.247.92",,,"0","3033",,,"Festival of Lights - Demo","1571418000000","d7f0aae6-5e5a-4d69-83dd-d8aed53295da","193.175.2.0","false","true","true","Verein zur Foerderung eines Deutschen Forschungsne","en-GB","./livestream/master.m3u8","1571418060000","1569888000000",,"iOS","13","1","0","1",,"0","3033","videojs",,"0","html5","videojs-7.6.0",,"BE","568","320","0","WINDOW","0","playing","hls","1571418111000","8d077e78-f42c-407c-bb2f-131aef9b308d","0",,"Horus Live","2816","2816","270","Horus Live","0","0","7306","4272",,,,,"web"
"v2.5.4","680","0",,"Mobile Safari","13","0","0",,"berlin","1571418113000","DE","95f5ad58-fcb0-4a8d-a1be-029834695bfc","Mozilla/5.0 (iPhone; CPU iPhone OS 13_1_3 like Mac OS X) AppleWebKit/605.1.15 (KHTML, like Gecko) Version/13.0.1 Mobile/15E148 Safari/604.1",,,,"3451d23d-d5ff-49b2-886e-10100cbcba4a","1571356800000","iPhone","192.168.247.92",,,"0","2685",,,"Festival of Lights - Demo","1571418000000","d7f0aae6-5e5a-4d69-83dd-d8aed53295da","193.175.2.0","false","true","true","Verein zur Foerderung eines Deutschen Forschungsne","en-GB","./livestream/master.m3u8","1571418060000","1569888000000",,"iOS","13","1","0","1",,"0","2685","videojs",,"0","html5","videojs-7.6.0",,"BE","568","320","0","WINDOW","0","playing","hls","1571418113000","8d077e78-f42c-407c-bb2f-131aef9b308d","0",,"Horus Live","2816","2816","0","Horus Live","0","0","10018","7356",,,,,"web"
"v2.5.4","680","0",,"Mobile Safari","13","0","31890",,"berlin","1571418145000","DE","95f5ad58-fcb0-4a8d-a1be-029834695bfc","Mozilla/5.0 (iPhone; CPU iPhone OS 13_1_3 like Mac OS X) AppleWebKit/605.1.15 (KHTML, like Gecko) Version/13.0.1 Mobile/15E148 Safari/604.1",,,,"3451d23d-d5ff-49b2-886e-10100cbcba4a","1571356800000","iPhone","192.168.247.92",,,"0","31890",,,"Festival of Lights - Demo","1571418000000","d7f0aae6-5e5a-4d69-83dd-d8aed53295da","193.175.2.0","false","true","true","Verein zur Foerderung eines Deutschen Forschungsne","en-GB","./livestream/master.m3u8","1571418120000","1569888000000",,"iOS","13","1","0","1",,"0","0","videojs",,"0","html5","videojs-7.6.0",,"BE","568","320","0","WINDOW","0","rebuffering","hls","1571418145000","8d077e78-f42c-407c-bb2f-131aef9b308d","0",,"Horus Live","2816","2816","0","Horus Live","0","0","10018","10018",,,,,"web"
"v2.5.4","680","0",,"Mobile Safari","12","1","0",,"berlin","1571418370000","DE","7bc873e6-34c8-4fe1-9151-965897abd696","Mozilla/5.0 (iPhone; CPU iPhone OS 12_4_1 like Mac OS X) AppleWebKit/605.1.15 (KHTML, like Gecko) Version/12.1.2 Mobile/15E148 Safari/604.1",,,,"1ef1b7d8-2dfa-47d2-a5ee-48109b3298f9","1571356800000","iPhone","panoplay.duckdns.org",,,"0","118",,,"Festival of Lights - Demo","1571418000000","50d93c01-ff0c-48e4-b6fd-bd63093e3517","193.175.2.0","false","false","true","Verein zur Foerderung eines Deutschen Forschungsne","de-DE","./livestream/master.m3u8","1571418360000","1569888000000",,"iOS","12","4","4490","1",,"0","0","videojs",,"118","html5","videojs-7.6.0",,"BE","568","320","0","WINDOW","0","setup","hls","1571418370000","74a44c14-0c42-4a37-b53e-08d0b8f7544f","0","0","Horus Live","0","0","0","Horus Live","0","0","0","0",,,,,"web"
"v2.5.4","680","0",,"Mobile Safari","12","1","207",,"berlin","1571418375000","DE","7bc873e6-34c8-4fe1-9151-965897abd696","Mozilla/5.0 (iPhone; CPU iPhone OS 12_4_1 like Mac OS X) AppleWebKit/605.1.15 (KHTML, like Gecko) Version/12.1.2 Mobile/15E148 Safari/604.1",,,,"1ef1b7d8-2dfa-47d2-a5ee-48109b3298f9","1571356800000","iPhone","panoplay.duckdns.org",,,"0","207",,,"Festival of Lights - Demo","1571418000000","50d93c01-ff0c-48e4-b6fd-bd63093e3517","193.175.2.0","false","true","true","Verein zur Foerderung eines Deutschen Forschungsne","de-DE","./livestream/master.m3u8","1571418360000","1569888000000",,"iOS","12","4","0","1",,"0","0","videojs",,"0","html5","videojs-7.6.0",,"BE","568","320","0","FULLSCREEN","0","rebuffering","hls","1571418375000","74a44c14-0c42-4a37-b53e-08d0b8f7544f","0",,"Horus Live","2816","2816","0","Horus Live","0","0","7341","7134",,,,,"web"
"v2.5.4","680","0",,"Mobile Safari","12","1","0",,"berlin","1571418375000","DE","7bc873e6-34c8-4fe1-9151-965897abd696","Mozilla/5.0 (iPhone; CPU iPhone OS 12_4_1 like Mac OS X) AppleWebKit/605.1.15 (KHTML, like Gecko) Version/12.1.2 Mobile/15E148 Safari/604.1",,,,"1ef1b7d8-2dfa-47d2-a5ee-48109b3298f9","1571356800000","iPhone","panoplay.duckdns.org",,,"0","2754",,,"Festival of Lights - Demo","1571418000000","50d93c01-ff0c-48e4-b6fd-bd63093e3517","193.175.2.0","false","true","true","Verein zur Foerderung eines Deutschen Forschungsne","de-DE","./livestream/master.m3u8","1571418360000","1569888000000",,"iOS","12","4","0","1",,"0","2754","videojs",,"0","html5","videojs-7.6.0",,"BE","568","320","0","FULLSCREEN","0","playing","hls","1571418375000","74a44c14-0c42-4a37-b53e-08d0b8f7544f","0",,"Horus Live","2816","2816","541","Horus Live","0","0","7134","4379",,,,,"web"
"v2.5.4","680","0",,"Mobile Safari","12","1","0",,"berlin","1571418378000","DE","7bc873e6-34c8-4fe1-9151-965897abd696","Mozilla/5.0 (iPhone; CPU iPhone OS 12_4_1 like Mac OS X) AppleWebKit/605.1.15 (KHTML, like Gecko) Version/12.1.2 Mobile/15E148 Safari/604.1",,,,"1ef1b7d8-2dfa-47d2-a5ee-48109b3298f9","1571356800000","iPhone","panoplay.duckdns.org",,,"0","2772",,,"Festival of Lights - Demo","1571418000000","50d93c01-ff0c-48e4-b6fd-bd63093e3517","193.175.2.0","false","true","true","Verein zur Foerderung eines Deutschen Forschungsne","de-DE","./livestream/master.m3u8","1571418360000","1569888000000",,"iOS","12","4","0","1",,"0","2772","videojs",,"0","html5","videojs-7.6.0",,"BE","568","320","0","FULLSCREEN","0","playing","hls","1571418378000","74a44c14-0c42-4a37-b53e-08d0b8f7544f","0",,"Horus Live","2816","2816","0","Horus Live","0","0","10019","7341",,,,,"web"
"v2.5.4","680","0",,"Mobile Safari","12","1","16954",,"berlin","1571418395000","DE","7bc873e6-34c8-4fe1-9151-965897abd696","Mozilla/5.0 (iPhone; CPU iPhone OS 12_4_1 like Mac OS X) AppleWebKit/605.1.15 (KHTML, like Gecko) Version/12.1.2 Mobile/15E148 Safari/604.1",,,,"1ef1b7d8-2dfa-47d2-a5ee-48109b3298f9","1571356800000","iPhone","panoplay.duckdns.org",,,"0","16954",,,"Festival of Lights - Demo","1571418000000","50d93c01-ff0c-48e4-b6fd-bd63093e3517","193.175.2.0","false","true","true","Verein zur Foerderung eines Deutschen Forschungsne","de-DE","./livestream/master.m3u8","1571418360000","1569888000000",,"iOS","12","4","0","1",,"0","0","videojs",,"0","html5","videojs-7.6.0",,"BE","568","320","0","WINDOW","0","rebuffering","hls","1571418395000","74a44c14-0c42-4a37-b53e-08d0b8f7544f","0",,"Horus Live","2816","2816","0","Horus Live","0","0","10019","10019",,,,,"web"
"v2.5.4","680","0",,"Mobile Safari","12","1","0",,"berlin","1571418403000","DE","7bc873e6-34c8-4fe1-9151-965897abd696","Mozilla/5.0 (iPhone; CPU iPhone OS 12_4_1 like Mac OS X) AppleWebKit/605.1.15 (KHTML, like Gecko) Version/12.1.2 Mobile/15E148 Safari/604.1",,,,"1ef1b7d8-2dfa-47d2-a5ee-48109b3298f9","1571356800000","iPhone","panoplay.duckdns.org",,,"0","7493",,,"Festival of Lights - Demo","1571418000000","50d93c01-ff0c-48e4-b6fd-bd63093e3517","193.175.2.0","false","true","true","Verein zur Foerderung eines Deutschen Forschungsne","de-DE","./livestream/master.m3u8","1571418360000","1569888000000",,"iOS","12","4","0","1",,"7493","0","videojs",,"0","html5","videojs-7.6.0",,"BE","568","320","0","WINDOW","0","pause","hls","1571418403000","74a44c14-0c42-4a37-b53e-08d0b8f7544f","0",,"Horus Live","2816","2816","0","Horus Live","0","0","2005","10019",,,,,"web"
"v2.5.4","680","0",,"Mobile Safari","12","1","0",,"berlin","1571418403000","DE","7bc873e6-34c8-4fe1-9151-965897abd696","Mozilla/5.0 (iPhone; CPU iPhone OS 12_4_1 like Mac OS X) AppleWebKit/605.1.15 (KHTML, like Gecko) Version/12.1.2 Mobile/15E148 Safari/604.1",,,,"1ef1b7d8-2dfa-47d2-a5ee-48109b3298f9","1571356800000","iPhone","panoplay.duckdns.org",,,"0","205",,,"Festival of Lights - Demo","1571418000000","50d93c01-ff0c-48e4-b6fd-bd63093e3517","193.175.2.0","false","true","true","Verein zur Foerderung eines Deutschen Forschungsne","de-DE","./livestream/master.m3u8","1571418360000","1569888000000",,"iOS","12","4","0","1",,"0","205","videojs",,"0","html5","videojs-7.6.0",,"BE","568","320","0","FULLSCREEN","0","playing","hls","1571418403000","74a44c14-0c42-4a37-b53e-08d0b8f7544f","0",,"Horus Live","2816","2816","0","Horus Live","0","0","4007","2005",,,,,"web"
"v2.5.4","680","0",,"Mobile Safari","12","1","0",,"berlin","1571418403000","DE","7bc873e6-34c8-4fe1-9151-965897abd696","Mozilla/5.0 (iPhone; CPU iPhone OS 12_4_1 like Mac OS X) AppleWebKit/605.1.15 (KHTML, like Gecko) Version/12.1.2 Mobile/15E148 Safari/604.1",,,,"1ef1b7d8-2dfa-47d2-a5ee-48109b3298f9","1571356800000","iPhone","panoplay.duckdns.org",,,"0","25",,,"Festival of Lights - Demo","1571418000000","50d93c01-ff0c-48e4-b6fd-bd63093e3517","193.175.2.0","false","true","true","Verein zur Foerderung eines Deutschen Forschungsne","de-DE","./livestream/master.m3u8","1571418360000","1569888000000",,"iOS","12","4","0","1",,"0","25","videojs",,"0","html5","videojs-7.6.0",,"BE","568","320","0","WINDOW","0","playing","hls","1571418403000","74a44c14-0c42-4a37-b53e-08d0b8f7544f","0",,"Horus Live","2816","2816","0","Horus Live","0","0","2005","2005",,,,,"web"
"v2.5.4","680","0",,"Mobile Safari","12","1","285",,"berlin","1571418403000","DE","7bc873e6-34c8-4fe1-9151-965897abd696","Mozilla/5.0 (iPhone; CPU iPhone OS 12_4_1 like Mac OS X) AppleWebKit/605.1.15 (KHTML, like Gecko) Version/12.1.2 Mobile/15E148 Safari/604.1",,,,"1ef1b7d8-2dfa-47d2-a5ee-48109b3298f9","1571356800000","iPhone","panoplay.duckdns.org",,,"0","285",,,"Festival of Lights - Demo","1571418000000","50d93c01-ff0c-48e4-b6fd-bd63093e3517","193.175.2.0","false","true","true","Verein zur Foerderung eines Deutschen Forschungsne","de-DE","./livestream/master.m3u8","1571418360000","1569888000000",,"iOS","12","4","0","1",,"0","0","videojs",,"0","html5","videojs-7.6.0",,"BE","568","320","0","FULLSCREEN","0","rebuffering","hls","1571418403000","74a44c14-0c42-4a37-b53e-08d0b8f7544f","0",,"Horus Live","2816","2816","0","Horus Live","0","0","2005","2005",,,,,"web"
"v2.5.4","680","0",,"Mobile Safari","12","1","5989",,"berlin","1571418409000","DE","7bc873e6-34c8-4fe1-9151-965897abd696","Mozilla/5.0 (iPhone; CPU iPhone OS 12_4_1 like Mac OS X) AppleWebKit/605.1.15 (KHTML, like Gecko) Version/12.1.2 Mobile/15E148 Safari/604.1",,,,"1ef1b7d8-2dfa-47d2-a5ee-48109b3298f9","1571356800000","iPhone","panoplay.duckdns.org",,,"0","5989",,,"Festival of Lights - Demo","1571418000000","50d93c01-ff0c-48e4-b6fd-bd63093e3517","193.175.2.0","false","true","true","Verein zur Foerderung eines Deutschen Forschungsne","de-DE","./livestream/master.m3u8","1571418360000","1569888000000",,"iOS","12","4","0","1",,"0","0","videojs",,"0","html5","videojs-7.6.0",,"BE","568","320","0","FULLSCREEN","0","rebuffering","hls","1571418409000","74a44c14-0c42-4a37-b53e-08d0b8f7544f","0",,"Horus Live","2816","2816","0","Horus Live","0","0","2005","4007",,,,,"web"
"v2.5.4","680","0",,"Mobile Safari","12","1","335",,"berlin","1571418416000","DE","7bc873e6-34c8-4fe1-9151-965897abd696","Mozilla/5.0 (iPhone; CPU iPhone OS 12_4_1 like Mac OS X) AppleWebKit/605.1.15 (KHTML, like Gecko) Version/12.1.2 Mobile/15E148 Safari/604.1",,,,"1ef1b7d8-2dfa-47d2-a5ee-48109b3298f9","1571356800000","iPhone","panoplay.duckdns.org",,,"0","335",,,"Festival of Lights - Demo","1571418000000","50d93c01-ff0c-48e4-b6fd-bd63093e3517","193.175.2.0","false","true","true","Verein zur Foerderung eines Deutschen Forschungsne","de-DE","./livestream/master.m3u8","1571418360000","1569888000000",,"iOS","12","4","0","1",,"0","0","videojs",,"0","html5","videojs-7.6.0",,"BE","568","320","0","FULLSCREEN","0","rebuffering","hls","1571418416000","74a44c14-0c42-4a37-b53e-08d0b8f7544f","0",,"Horus Live","2816","2816","0","Horus Live","0","0","2337","2005",,,,,"web"
"v2.5.4","680","0",,"Mobile Safari","12","1","0",,"berlin","1571418416000","DE","7bc873e6-34c8-4fe1-9151-965897abd696","Mozilla/5.0 (iPhone; CPU iPhone OS 12_4_1 like Mac OS X) AppleWebKit/605.1.15 (KHTML, like Gecko) Version/12.1.2 Mobile/15E148 Safari/604.1",,,,"1ef1b7d8-2dfa-47d2-a5ee-48109b3298f9","1571356800000","iPhone","panoplay.duckdns.org",,,"0","3003",,,"Festival of Lights - Demo","1571418000000","50d93c01-ff0c-48e4-b6fd-bd63093e3517","193.175.2.0","false","true","true","Verein zur Foerderung eines Deutschen Forschungsne","de-DE","./livestream/master.m3u8","1571418360000","1569888000000",,"iOS","12","4","0","1",,"0","3003","videojs",,"0","html5","videojs-7.6.0",,"BE","568","320","0","FULLSCREEN","0","playing","hls","1571418416000","74a44c14-0c42-4a37-b53e-08d0b8f7544f","0",,"Horus Live","2816","2816","0","Horus Live","0","0","2005","2005",,,,,"web"
"v2.5.4","680","0",,"Mobile Safari","12","1","0",,"berlin","1571418420000","DE","7bc873e6-34c8-4fe1-9151-965897abd696","Mozilla/5.0 (iPhone; CPU iPhone OS 12_4_1 like Mac OS X) AppleWebKit/605.1.15 (KHTML, like Gecko) Version/12.1.2 Mobile/15E148 Safari/604.1",,,,"1ef1b7d8-2dfa-47d2-a5ee-48109b3298f9","1571356800000","iPhone","panoplay.duckdns.org",,,"0","7745",,,"Festival of Lights - Demo","1571418000000","50d93c01-ff0c-48e4-b6fd-bd63093e3517","193.175.2.0","false","true","true","Verein zur Foerderung eines Deutschen Forschungsne","de-DE","./livestream/master.m3u8","1571418420000","1569888000000",,"iOS","12","4","0","1",,"0","7745","videojs",,"0","html5","videojs-7.6.0",,"BE","568","320","0","FULLSCREEN","0","playing","hls","1571418420000","74a44c14-0c42-4a37-b53e-08d0b8f7544f","0",,"Horus Live","2816","2816","0","Horus Live","0","0","10017","2337",,,,,"web"
"v2.5.4","680","0",,"Mobile Safari","12","1","2290",,"berlin","1571418422000","DE","7bc873e6-34c8-4fe1-9151-965897abd696","Mozilla/5.0 (iPhone; CPU iPhone OS 12_4_1 like Mac OS X) AppleWebKit/605.1.15 (KHTML, like Gecko) Version/12.1.2 Mobile/15E148 Safari/604.1",,,,"1ef1b7d8-2dfa-47d2-a5ee-48109b3298f9","1571356800000","iPhone","panoplay.duckdns.org",,,"0","2290",,,"Festival of Lights - Demo","1571418000000","50d93c01-ff0c-48e4-b6fd-bd63093e3517","193.175.2.0","false","true","true","Verein zur Foerderung eines Deutschen Forschungsne","de-DE","./livestream/master.m3u8","1571418420000","1569888000000",,"iOS","12","4","0","1",,"0","0","videojs",,"0","html5","videojs-7.6.0",,"BE","568","320","0","WINDOW","0","rebuffering","hls","1571418422000","74a44c14-0c42-4a37-b53e-08d0b8f7544f","0",,"Horus Live","2816","2816","0","Horus Live","0","0","10017","10017",,,,,"web"
"v2.5.4","680","0",,"Mobile Safari","12","1","0",,"berlin","1571418437000","DE","7bc873e6-34c8-4fe1-9151-965897abd696","Mozilla/5.0 (iPhone; CPU iPhone OS 12_4_1 like Mac OS X) AppleWebKit/605.1.15 (KHTML, like Gecko) Version/12.1.2 Mobile/15E148 Safari/604.1",,,,"1ef1b7d8-2dfa-47d2-a5ee-48109b3298f9","1571356800000","iPhone","panoplay.duckdns.org",,,"0","1",,,"Festival of Lights - Demo","1571418000000","50d93c01-ff0c-48e4-b6fd-bd63093e3517","193.175.2.0","false","true","true","Verein zur Foerderung eines Deutschen Forschungsne","de-DE","./livestream/master.m3u8","1571418420000","1569888000000",,"iOS","12","4","0","1",,"0","1","videojs",,"0","html5","videojs-7.6.0",,"BE","568","320","0","WINDOW","0","playing","hls","1571418437000","74a44c14-0c42-4a37-b53e-08d0b8f7544f","0",,"Horus Live","2816","2816","0","Horus Live","0","0","10017","10017",,,,,"web"
"v2.5.4","680","0",,"Mobile Safari","12","1","52",,"berlin","1571418437000","DE","7bc873e6-34c8-4fe1-9151-965897abd696","Mozilla/5.0 (iPhone; CPU iPhone OS 12_4_1 like Mac OS X) AppleWebKit/605.1.15 (KHTML, like Gecko) Version/12.1.2 Mobile/15E148 Safari/604.1",,,,"1ef1b7d8-2dfa-47d2-a5ee-48109b3298f9","1571356800000","iPhone","panoplay.duckdns.org",,,"0","52",,,"Festival of Lights - Demo","1571418000000","50d93c01-ff0c-48e4-b6fd-bd63093e3517","193.175.2.0","false","true","true","Verein zur Foerderung eines Deutschen Forschungsne","de-DE","./livestream/master.m3u8","1571418420000","1569888000000",,"iOS","12","4","0","1",,"0","0","videojs",,"0","html5","videojs-7.6.0",,"BE","568","320","0","WINDOW","0","rebuffering","hls","1571418437000","74a44c14-0c42-4a37-b53e-08d0b8f7544f","0",,"Horus Live","2816","2816","0","Horus Live","0","0","10017","10017",,,,,"web"
"v2.5.4","680","0",,"Mobile Safari","12","1","0",,"berlin","1571418437000","DE","7bc873e6-34c8-4fe1-9151-965897abd696","Mozilla/5.0 (iPhone; CPU iPhone OS 12_4_1 like Mac OS X) AppleWebKit/605.1.15 (KHTML, like Gecko) Version/12.1.2 Mobile/15E148 Safari/604.1",,,,"1ef1b7d8-2dfa-47d2-a5ee-48109b3298f9","1571356800000","iPhone","panoplay.duckdns.org",,,"0","14717",,,"Festival of Lights - Demo","1571418000000","50d93c01-ff0c-48e4-b6fd-bd63093e3517","193.175.2.0","false","true","true","Verein zur Foerderung eines Deutschen Forschungsne","de-DE","./livestream/master.m3u8","1571418420000","1569888000000",,"iOS","12","4","0","1",,"14717","0","videojs",,"0","html5","videojs-7.6.0",,"BE","568","320","0","WINDOW","0","pause","hls","1571418437000","74a44c14-0c42-4a37-b53e-08d0b8f7544f","0",,"Horus Live","2816","2816","0","Horus Live","0","0","10017","10017",,,,,"web"
"v2.5.4","680","0",,"Mobile Safari","12","1","0",,"berlin","1571418437000","DE","7bc873e6-34c8-4fe1-9151-965897abd696","Mozilla/5.0 (iPhone; CPU iPhone OS 12_4_1 like Mac OS X) AppleWebKit/605.1.15 (KHTML, like Gecko) Version/12.1.2 Mobile/15E148 Safari/604.1",,,,"1ef1b7d8-2dfa-47d2-a5ee-48109b3298f9","1571356800000","iPhone","panoplay.duckdns.org",,,"0","37",,,"Festival of Lights - Demo","1571418000000","50d93c01-ff0c-48e4-b6fd-bd63093e3517","193.175.2.0","false","true","true","Verein zur Foerderung eines Deutschen Forschungsne","de-DE","./livestream/master.m3u8","1571418420000","1569888000000",,"iOS","12","4","0","1",,"37","0","videojs",,"0","html5","videojs-7.6.0",,"BE","568","320","0","WINDOW","0","pause","hls","1571418437000","74a44c14-0c42-4a37-b53e-08d0b8f7544f","0",,"Horus Live","2816","2816","0","Horus Live","0","0","10017","10017",,,,,"web"
"v2.5.4","680","0",,"Mobile Safari","12","1","0",,"berlin","1571418437000","DE","7bc873e6-34c8-4fe1-9151-965897abd696","Mozilla/5.0 (iPhone; CPU iPhone OS 12_4_1 like Mac OS X) AppleWebKit/605.1.15 (KHTML, like Gecko) Version/12.1.2 Mobile/15E148 Safari/604.1",,,,"1ef1b7d8-2dfa-47d2-a5ee-48109b3298f9","1571356800000","iPhone","panoplay.duckdns.org",,,"0","2",,,"Festival of Lights - Demo","1571418000000","50d93c01-ff0c-48e4-b6fd-bd63093e3517","193.175.2.0","false","true","true","Verein zur Foerderung eines Deutschen Forschungsne","de-DE","./livestream/master.m3u8","1571418420000","1569888000000",,"iOS","12","4","0","1",,"0","2","videojs",,"0","html5","videojs-7.6.0",,"BE","568","320","0","WINDOW","0","playing","hls","1571418437000","74a44c14-0c42-4a37-b53e-08d0b8f7544f","0",,"Horus Live","2816","2816","0","Horus Live","0","0","10017","10017",,,,,"web"
"v2.5.4","680","0",,"Mobile Safari","12","1","69",,"berlin","1571418437000","DE","7bc873e6-34c8-4fe1-9151-965897abd696","Mozilla/5.0 (iPhone; CPU iPhone OS 12_4_1 like Mac OS X) AppleWebKit/605.1.15 (KHTML, like Gecko) Version/12.1.2 Mobile/15E148 Safari/604.1",,,,"1ef1b7d8-2dfa-47d2-a5ee-48109b3298f9","1571356800000","iPhone","panoplay.duckdns.org",,,"0","69",,,"Festival of Lights - Demo","1571418000000","50d93c01-ff0c-48e4-b6fd-bd63093e3517","193.175.2.0","false","true","true","Verein zur Foerderung eines Deutschen Forschungsne","de-DE","./livestream/master.m3u8","1571418420000","1569888000000",,"iOS","12","4","0","1",,"0","0","videojs",,"0","html5","videojs-7.6.0",,"BE","568","320","0","WINDOW","0","rebuffering","hls","1571418437000","74a44c14-0c42-4a37-b53e-08d0b8f7544f","0",,"Horus Live","2816","2816","0","Horus Live","0","0","10017","10017",,,,,"web"
"v2.5.4","680","0",,"Mobile Safari","12","1","0",,"berlin","1571418437000","DE","7bc873e6-34c8-4fe1-9151-965897abd696","Mozilla/5.0 (iPhone; CPU iPhone OS 12_4_1 like Mac OS X) AppleWebKit/605.1.15 (KHTML, like Gecko) Version/12.1.2 Mobile/15E148 Safari/604.1",,,,"1ef1b7d8-2dfa-47d2-a5ee-48109b3298f9","1571356800000","iPhone","panoplay.duckdns.org",,,"0","2",,,"Festival of Lights - Demo","1571418000000","50d93c01-ff0c-48e4-b6fd-bd63093e3517","193.175.2.0","false","true","true","Verein zur Foerderung eines Deutschen Forschungsne","de-DE","./livestream/master.m3u8","1571418420000","1569888000000",,"iOS","12","4","0","1",,"0","2","videojs",,"0","html5","videojs-7.6.0",,"BE","568","320","0","WINDOW","0","playing","hls","1571418437000","74a44c14-0c42-4a37-b53e-08d0b8f7544f","0",,"Horus Live","2816","2816","0","Horus Live","0","0","10017","10017",,,,,"web"
"v2.5.4","680","0",,"Mobile Safari","12","1","0",,"berlin","1571418437000","DE","7bc873e6-34c8-4fe1-9151-965897abd696","Mozilla/5.0 (iPhone; CPU iPhone OS 12_4_1 like Mac OS X) AppleWebKit/605.1.15 (KHTML, like Gecko) Version/12.1.2 Mobile/15E148 Safari/604.1",,,,"1ef1b7d8-2dfa-47d2-a5ee-48109b3298f9","1571356800000","iPhone","panoplay.duckdns.org",,,"0","35",,,"Festival of Lights - Demo","1571418000000","50d93c01-ff0c-48e4-b6fd-bd63093e3517","193.175.2.0","false","true","true","Verein zur Foerderung eines Deutschen Forschungsne","de-DE","./livestream/master.m3u8","1571418420000","1569888000000",,"iOS","12","4","0","1",,"35","0","videojs",,"0","html5","videojs-7.6.0",,"BE","568","320","0","WINDOW","0","pause","hls","1571418437000","74a44c14-0c42-4a37-b53e-08d0b8f7544f","0",,"Horus Live","2816","2816","0","Horus Live","0","0","10017","10017",,,,,"web"
"v2.5.4","680","0",,"Mobile Safari","12","1","8830",,"berlin","1571418446000","DE","7bc873e6-34c8-4fe1-9151-965897abd696","Mozilla/5.0 (iPhone; CPU iPhone OS 12_4_1 like Mac OS X) AppleWebKit/605.1.15 (KHTML, like Gecko) Version/12.1.2 Mobile/15E148 Safari/604.1",,,,"1ef1b7d8-2dfa-47d2-a5ee-48109b3298f9","1571356800000","iPhone","panoplay.duckdns.org",,,"0","8830",,,"Festival of Lights - Demo","1571418000000","50d93c01-ff0c-48e4-b6fd-bd63093e3517","193.175.2.0","false","true","true","Verein zur Foerderung eines Deutschen Forschungsne","de-DE","./livestream/master.m3u8","1571418420000","1569888000000",,"iOS","12","4","0","1",,"0","0","videojs",,"0","html5","videojs-7.6.0",,"BE","568","320","0","WINDOW","0","rebuffering","hls","1571418446000","74a44c14-0c42-4a37-b53e-08d0b8f7544f","0",,"Horus Live","2816","2816","0","Horus Live","0","0","10017","10017",,,,,"web"
"v2.5.4","680","0",,"Mobile Safari","12","1","0",,"berlin","1571418449000","DE","367fce50-88f4-402e-bd1b-f7b99a84bdc9","Mozilla/5.0 (iPhone; CPU iPhone OS 12_4_1 like Mac OS X) AppleWebKit/605.1.15 (KHTML, like Gecko) Version/12.1.2 Mobile/15E148 Safari/604.1",,,,"5ff1d38b-aee0-4e04-940f-38bce628848a","1571356800000","iPhone","panoplay.duckdns.org",,,"0","216",,,"Festival of Lights - Demo","1571418000000","c2f2b4d7-58a4-4d27-bbf8-4e2f87fd8179","193.175.2.0","false","false","true","Verein zur Foerderung eines Deutschen Forschungsne","en-US","./livestream/master.m3u8","1571418420000","1569888000000",,"iOS","12","4","1919","1",,"0","0","videojs",,"216","html5","videojs-7.6.0",,"BE","667","375","0","WINDOW","0","setup","hls","1571418449000","6c7490ed-3785-4960-8c47-cd38972f4094","0","0","Horus Live","0","0","0","Horus Live","0","0","0","0",,,,,"web"
"v2.5.4","680","0",,"Mobile Safari","12","1","0",,"berlin","1571418452000","DE","7bc873e6-34c8-4fe1-9151-965897abd696","Mozilla/5.0 (iPhone; CPU iPhone OS 12_4_1 like Mac OS X) AppleWebKit/605.1.15 (KHTML, like Gecko) Version/12.1.2 Mobile/15E148 Safari/604.1",,,,"1ef1b7d8-2dfa-47d2-a5ee-48109b3298f9","1571356800000","iPhone","panoplay.duckdns.org",,,"0","6263",,,"Festival of Lights - Demo","1571418000000","50d93c01-ff0c-48e4-b6fd-bd63093e3517","193.175.2.0","false","true","true","Verein zur Foerderung eines Deutschen Forschungsne","de-DE","./livestream/master.m3u8","1571418420000","1569888000000",,"iOS","12","4","0","1",,"6263","0","videojs",,"0","html5","videojs-7.6.0",,"BE","568","320","0","WINDOW","0","pause","hls","1571418452000","74a44c14-0c42-4a37-b53e-08d0b8f7544f","0",,"Horus Live","2816","2816","0","Horus Live","0","0","10017","10017",,,,,"web"
"v2.5.4","680","0",,"Mobile Safari","12","1","0",,"berlin","1571418452000","DE","7bc873e6-34c8-4fe1-9151-965897abd696","Mozilla/5.0 (iPhone; CPU iPhone OS 12_4_1 like Mac OS X) AppleWebKit/605.1.15 (KHTML, like Gecko) Version/12.1.2 Mobile/15E148 Safari/604.1",,,,"1ef1b7d8-2dfa-47d2-a5ee-48109b3298f9","1571356800000","iPhone","panoplay.duckdns.org",,,"0","3",,,"Festival of Lights - Demo","1571418000000","50d93c01-ff0c-48e4-b6fd-bd63093e3517","193.175.2.0","false","true","true","Verein zur Foerderung eines Deutschen Forschungsne","de-DE","./livestream/master.m3u8","1571418420000","1569888000000",,"iOS","12","4","0","1",,"0","3","videojs",,"0","html5","videojs-7.6.0",,"BE","568","320","0","WINDOW","0","playing","hls","1571418452000","74a44c14-0c42-4a37-b53e-08d0b8f7544f","0",,"Horus Live","2816","2816","0","Horus Live","0","0","10017","10017",,,,,"web"
"v2.5.4","680","0",,"Mobile Safari","12","1","1739",,"berlin","1571418454000","DE","7bc873e6-34c8-4fe1-9151-965897abd696","Mozilla/5.0 (iPhone; CPU iPhone OS 12_4_1 like Mac OS X) AppleWebKit/605.1.15 (KHTML, like Gecko) Version/12.1.2 Mobile/15E148 Safari/604.1",,,,"1ef1b7d8-2dfa-47d2-a5ee-48109b3298f9","1571356800000","iPhone","panoplay.duckdns.org",,,"0","1739",,,"Festival of Lights - Demo","1571418000000","50d93c01-ff0c-48e4-b6fd-bd63093e3517","193.175.2.0","false","true","true","Verein zur Foerderung eines Deutschen Forschungsne","de-DE","./livestream/master.m3u8","1571418420000","1569888000000",,"iOS","12","4","0","1",,"0","0","videojs",,"0","html5","videojs-7.6.0",,"BE","568","320","0","WINDOW","0","rebuffering","hls","1571418454000","74a44c14-0c42-4a37-b53e-08d0b8f7544f","0",,"Horus Live","2816","2816","0","Horus Live","0","0","10017","10017",,,,,"web"
"v2.5.4","680","0",,"Mobile Safari","12","1","0",,"berlin","1571418454000","DE","367fce50-88f4-402e-bd1b-f7b99a84bdc9","Mozilla/5.0 (iPhone; CPU iPhone OS 12_4_1 like Mac OS X) AppleWebKit/605.1.15 (KHTML, like Gecko) Version/12.1.2 Mobile/15E148 Safari/604.1",,,,"5ff1d38b-aee0-4e04-940f-38bce628848a","1571356800000","iPhone","panoplay.duckdns.org",,,"0","3123",,,"Festival of Lights - Demo","1571418000000","c2f2b4d7-58a4-4d27-bbf8-4e2f87fd8179","193.175.2.0","false","true","true","Verein zur Foerderung eines Deutschen Forschungsne","en-US","./livestream/master.m3u8","1571418420000","1569888000000",,"iOS","12","4","0","1",,"0","3123","videojs",,"0","html5","videojs-7.6.0",,"BE","667","375","0","FULLSCREEN","0","playing","hls","1571418454000","6c7490ed-3785-4960-8c47-cd38972f4094","0",,"Horus Live","2816","2816","293","Horus Live","0","0","7407","4284",,,,,"web"
"v2.5.4","680","0",,"Mobile Safari","12","1","160",,"berlin","1571418454000","DE","367fce50-88f4-402e-bd1b-f7b99a84bdc9","Mozilla/5.0 (iPhone; CPU iPhone OS 12_4_1 like Mac OS X) AppleWebKit/605.1.15 (KHTML, like Gecko) Version/12.1.2 Mobile/15E148 Safari/604.1",,,,"5ff1d38b-aee0-4e04-940f-38bce628848a","1571356800000","iPhone","panoplay.duckdns.org",,,"0","160",,,"Festival of Lights - Demo","1571418000000","c2f2b4d7-58a4-4d27-bbf8-4e2f87fd8179","193.175.2.0","false","true","true","Verein zur Foerderung eines Deutschen Forschungsne","en-US","./livestream/master.m3u8","1571418420000","1569888000000",,"iOS","12","4","0","1",,"0","0","videojs",,"0","html5","videojs-7.6.0",,"BE","667","375","0","FULLSCREEN","0","rebuffering","hls","1571418454000","6c7490ed-3785-4960-8c47-cd38972f4094","0",,"Horus Live","2816","2816","0","Horus Live","0","0","7567","7407",,,,,"web"
"v2.5.4","680","0",,"Mobile Safari","12","1","0",,"berlin","1571418455000","DE","7bc873e6-34c8-4fe1-9151-965897abd696","Mozilla/5.0 (iPhone; CPU iPhone OS 12_4_1 like Mac OS X) AppleWebKit/605.1.15 (KHTML, like Gecko) Version/12.1.2 Mobile/15E148 Safari/604.1",,,,"1ef1b7d8-2dfa-47d2-a5ee-48109b3298f9","1571356800000","iPhone","panoplay.duckdns.org",,,"0","3",,,"Festival of Lights - Demo","1571418000000","50d93c01-ff0c-48e4-b6fd-bd63093e3517","193.175.2.0","false","true","true","Verein zur Foerderung eines Deutschen Forschungsne","de-DE","./livestream/master.m3u8","1571418420000","1569888000000",,"iOS","12","4","0","1",,"0","3","videojs",,"0","html5","videojs-7.6.0",,"BE","568","320","0","WINDOW","0","playing","hls","1571418455000","74a44c14-0c42-4a37-b53e-08d0b8f7544f","0",,"Horus Live","2816","2816","0","Horus Live","0","0","10017","10017",,,,,"web"
"v2.5.4","680","0",,"Mobile Safari","12","1","0",,"berlin","1571418455000","DE","7bc873e6-34c8-4fe1-9151-965897abd696","Mozilla/5.0 (iPhone; CPU iPhone OS 12_4_1 like Mac OS X) AppleWebKit/605.1.15 (KHTML, like Gecko) Version/12.1.2 Mobile/15E148 Safari/604.1",,,,"1ef1b7d8-2dfa-47d2-a5ee-48109b3298f9","1571356800000","iPhone","panoplay.duckdns.org",,,"0","659",,,"Festival of Lights - Demo","1571418000000","50d93c01-ff0c-48e4-b6fd-bd63093e3517","193.175.2.0","false","true","true","Verein zur Foerderung eines Deutschen Forschungsne","de-DE","./livestream/master.m3u8","1571418420000","1569888000000",,"iOS","12","4","0","1",,"659","0","videojs",,"0","html5","videojs-7.6.0",,"BE","568","320","0","WINDOW","0","pause","hls","1571418455000","74a44c14-0c42-4a37-b53e-08d0b8f7544f","0",,"Horus Live","2816","2816","0","Horus Live","0","0","10017","10017",,,,,"web"
"v2.5.4","680","0",,"Mobile Safari","12","1","0",,"berlin","1571418457000","DE","367fce50-88f4-402e-bd1b-f7b99a84bdc9","Mozilla/5.0 (iPhone; CPU iPhone OS 12_4_1 like Mac OS X) AppleWebKit/605.1.15 (KHTML, like Gecko) Version/12.1.2 Mobile/15E148 Safari/604.1",,,,"5ff1d38b-aee0-4e04-940f-38bce628848a","1571356800000","iPhone","panoplay.duckdns.org",,,"0","2499",,,"Festival of Lights - Demo","1571418000000","c2f2b4d7-58a4-4d27-bbf8-4e2f87fd8179","193.175.2.0","false","true","true","Verein zur Foerderung eines Deutschen Forschungsne","en-US","./livestream/master.m3u8","1571418420000","1569888000000",,"iOS","12","4","0","1",,"0","2499","videojs",,"0","html5","videojs-7.6.0",,"BE","667","375","0","FULLSCREEN","0","playing","hls","1571418457000","6c7490ed-3785-4960-8c47-cd38972f4094","0",,"Horus Live","2816","2816","0","Horus Live","0","0","10018","7567",,,,,"web"
"v2.5.4","680","0",,"Mobile Safari","12","1","0",,"berlin","1571418461000","DE","23ee1611-2e13-42d1-ae05-7b342c1714e8","Mozilla/5.0 (iPhone; CPU iPhone OS 12_4_1 like Mac OS X) AppleWebKit/605.1.15 (KHTML, like Gecko) Version/12.1.2 Mobile/15E148 Safari/604.1",,,,"1ef1b7d8-2dfa-47d2-a5ee-48109b3298f9","1571356800000","iPhone","panoplay.duckdns.org",,,"0","106",,,"Festival of Lights - Demo","1571418000000","d3b07303-9066-489f-a1fa-4878bbe03921","193.175.2.0","false","false","true","Verein zur Foerderung eines Deutschen Forschungsne","de-DE","./livestream/master.m3u8","1571418420000","1569888000000",,"iOS","12","4","681","1",,"0","0","videojs",,"106","html5","videojs-7.6.0",,"BE","568","320","0","WINDOW","0","setup","hls","1571418461000","74a44c14-0c42-4a37-b53e-08d0b8f7544f","0","0","Horus Live","0","0","0","Horus Live","0","0","0","0",,,,,"web"
"v2.5.4","680","0",,"Mobile Safari","12","1","6883",,"berlin","1571418464000","DE","367fce50-88f4-402e-bd1b-f7b99a84bdc9","Mozilla/5.0 (iPhone; CPU iPhone OS 12_4_1 like Mac OS X) AppleWebKit/605.1.15 (KHTML, like Gecko) Version/12.1.2 Mobile/15E148 Safari/604.1",,,,"5ff1d38b-aee0-4e04-940f-38bce628848a","1571356800000","iPhone","panoplay.duckdns.org",,,"0","6883",,,"Festival of Lights - Demo","1571418000000","c2f2b4d7-58a4-4d27-bbf8-4e2f87fd8179","193.175.2.0","false","true","true","Verein zur Foerderung eines Deutschen Forschungsne","en-US","./livestream/master.m3u8","1571418420000","1569888000000",,"iOS","12","4","0","1",,"0","0","videojs",,"0","html5","videojs-7.6.0",,"BE","667","375","0","WINDOW","0","rebuffering","hls","1571418464000","6c7490ed-3785-4960-8c47-cd38972f4094","0",,"Horus Live","2816","2816","0","Horus Live","0","0","10018","10018",,,,,"web"
"v2.5.4","680","0",,"Mobile Safari","12","1","0",,"berlin","1571418466000","DE","23ee1611-2e13-42d1-ae05-7b342c1714e8","Mozilla/5.0 (iPhone; CPU iPhone OS 12_4_1 like Mac OS X) AppleWebKit/605.1.15 (KHTML, like Gecko) Version/12.1.2 Mobile/15E148 Safari/604.1",,,,"1ef1b7d8-2dfa-47d2-a5ee-48109b3298f9","1571356800000","iPhone","panoplay.duckdns.org",,,"0","2928",,,"Festival of Lights - Demo","1571418000000","d3b07303-9066-489f-a1fa-4878bbe03921","193.175.2.0","false","true","true","Verein zur Foerderung eines Deutschen Forschungsne","de-DE","./livestream/master.m3u8","1571418420000","1569888000000",,"iOS","12","4","0","1",,"0","2928","videojs",,"0","html5","videojs-7.6.0",,"BE","568","320","0","FULLSCREEN","0","playing","hls","1571418466000","74a44c14-0c42-4a37-b53e-08d0b8f7544f","0",,"Horus Live","2816","2816","247","Horus Live","0","0","7170","4242",,,,,"web"
"v2.5.4","680","0",,"Mobile Safari","12","1","139",,"berlin","1571418466000","DE","23ee1611-2e13-42d1-ae05-7b342c1714e8","Mozilla/5.0 (iPhone; CPU iPhone OS 12_4_1 like Mac OS X) AppleWebKit/605.1.15 (KHTML, like Gecko) Version/12.1.2 Mobile/15E148 Safari/604.1",,,,"1ef1b7d8-2dfa-47d2-a5ee-48109b3298f9","1571356800000","iPhone","panoplay.duckdns.org",,,"0","139",,,"Festival of Lights - Demo","1571418000000","d3b07303-9066-489f-a1fa-4878bbe03921","193.175.2.0","false","true","true","Verein zur Foerderung eines Deutschen Forschungsne","de-DE","./livestream/master.m3u8","1571418420000","1569888000000",,"iOS","12","4","0","1",,"0","0","videojs",,"0","html5","videojs-7.6.0",,"BE","568","320","0","FULLSCREEN","0","rebuffering","hls","1571418466000","74a44c14-0c42-4a37-b53e-08d0b8f7544f","0",,"Horus Live","2816","2816","0","Horus Live","0","0","7309","7170",,,,,"web"
"v2.5.4","680","0",,"Mobile Safari","12","1","0",,"berlin","1571418468000","DE","23ee1611-2e13-42d1-ae05-7b342c1714e8","Mozilla/5.0 (iPhone; CPU iPhone OS 12_4_1 like Mac OS X) AppleWebKit/605.1.15 (KHTML, like Gecko) Version/12.1.2 Mobile/15E148 Safari/604.1",,,,"1ef1b7d8-2dfa-47d2-a5ee-48109b3298f9","1571356800000","iPhone","panoplay.duckdns.org",,,"0","2753",,,"Festival of Lights - Demo","1571418000000","d3b07303-9066-489f-a1fa-4878bbe03921","193.175.2.0","false","true","true","Verein zur Foerderung eines Deutschen Forschungsne","de-DE","./livestream/master.m3u8","1571418420000","1569888000000",,"iOS","12","4","0","1",,"0","2753","videojs",,"0","html5","videojs-7.6.0",,"BE","568","320","0","FULLSCREEN","0","playing","hls","1571418468000","74a44c14-0c42-4a37-b53e-08d0b8f7544f","0",,"Horus Live","2816","2816","0","Horus Live","0","0","10023","7309",,,,,"web"
"v2.5.4","680","0",,"Mobile Safari","12","1","462",,"berlin","1571418493000","DE","23ee1611-2e13-42d1-ae05-7b342c1714e8","Mozilla/5.0 (iPhone; CPU iPhone OS 12_4_1 like Mac OS X) AppleWebKit/605.1.15 (KHTML, like Gecko) Version/12.1.2 Mobile/15E148 Safari/604.1",,,,"1ef1b7d8-2dfa-47d2-a5ee-48109b3298f9","1571356800000","iPhone","panoplay.duckdns.org",,,"0","462",,,"Festival of Lights - Demo","1571418000000","d3b07303-9066-489f-a1fa-4878bbe03921","193.175.2.0","false","true","true","Verein zur Foerderung eines Deutschen Forschungsne","de-DE","./livestream/master.m3u8","1571418480000","1569888000000",,"iOS","12","4","0","1",,"0","0","videojs",,"0","html5","videojs-7.6.0",,"BE","568","320","0","FULLSCREEN","0","rebuffering","hls","1571418493000","74a44c14-0c42-4a37-b53e-08d0b8f7544f","0",,"Horus Live","2816","2816","0","Horus Live","0","0","2005","2005",,,,,"web"
"v2.5.4","680","0",,"Mobile Safari","12","1","0",,"berlin","1571418493000","DE","23ee1611-2e13-42d1-ae05-7b342c1714e8","Mozilla/5.0 (iPhone; CPU iPhone OS 12_4_1 like Mac OS X) AppleWebKit/605.1.15 (KHTML, like Gecko) Version/12.1.2 Mobile/15E148 Safari/604.1",,,,"1ef1b7d8-2dfa-47d2-a5ee-48109b3298f9","1571356800000","iPhone","panoplay.duckdns.org",,,"0","30",,,"Festival of Lights - Demo","1571418000000","d3b07303-9066-489f-a1fa-4878bbe03921","193.175.2.0","false","true","true","Verein zur Foerderung eines Deutschen Forschungsne","de-DE","./livestream/master.m3u8","1571418480000","1569888000000",,"iOS","12","4","0","1",,"0","30","videojs",,"0","html5","videojs-7.6.0",,"BE","568","320","0","FULLSCREEN","0","playing","hls","1571418493000","74a44c14-0c42-4a37-b53e-08d0b8f7544f","0",,"Horus Live","2816","2816","0","Horus Live","0","0","2005","2005",,,,,"web"
"v2.5.4","680","0",,"Mobile Safari","12","1","138",,"berlin","1571418493000","DE","23ee1611-2e13-42d1-ae05-7b342c1714e8","Mozilla/5.0 (iPhone; CPU iPhone OS 12_4_1 like Mac OS X) AppleWebKit/605.1.15 (KHTML, like Gecko) Version/12.1.2 Mobile/15E148 Safari/604.1",,,,"1ef1b7d8-2dfa-47d2-a5ee-48109b3298f9","1571356800000","iPhone","panoplay.duckdns.org",,,"0","138",,,"Festival of Lights - Demo","1571418000000","d3b07303-9066-489f-a1fa-4878bbe03921","193.175.2.0","false","true","true","Verein zur Foerderung eines Deutschen Forschungsne","de-DE","./livestream/master.m3u8","1571418480000","1569888000000",,"iOS","12","4","0","1",,"0","0","videojs",,"0","html5","videojs-7.6.0",,"BE","568","320","0","FULLSCREEN","0","rebuffering","hls","1571418493000","74a44c14-0c42-4a37-b53e-08d0b8f7544f","0",,"Horus Live","2816","2816","0","Horus Live","0","0","2125","2005",,,,,"web"
"v2.5.4","680","0",,"Mobile Safari","12","1","380",,"berlin","1571418493000","DE","23ee1611-2e13-42d1-ae05-7b342c1714e8","Mozilla/5.0 (iPhone; CPU iPhone OS 12_4_1 like Mac OS X) AppleWebKit/605.1.15 (KHTML, like Gecko) Version/12.1.2 Mobile/15E148 Safari/604.1",,,,"1ef1b7d8-2dfa-47d2-a5ee-48109b3298f9","1571356800000","iPhone","panoplay.duckdns.org",,,"0","380",,,"Festival of Lights - Demo","1571418000000","d3b07303-9066-489f-a1fa-4878bbe03921","193.175.2.0","false","true","true","Verein zur Foerderung eines Deutschen Forschungsne","de-DE","./livestream/master.m3u8","1571418480000","1569888000000",,"iOS","12","4","0","1",,"0","0","videojs",,"0","html5","videojs-7.6.0",,"BE","568","320","0","FULLSCREEN","0","rebuffering","hls","1571418493000","74a44c14-0c42-4a37-b53e-08d0b8f7544f","0",,"Horus Live","2816","2816","0","Horus Live","0","0","2342","2005",,,,,"web"
"v2.5.4","680","0",,"Mobile Safari","12","1","23289",,"berlin","1571418493000","DE","23ee1611-2e13-42d1-ae05-7b342c1714e8","Mozilla/5.0 (iPhone; CPU iPhone OS 12_4_1 like Mac OS X) AppleWebKit/605.1.15 (KHTML, like Gecko) Version/12.1.2 Mobile/15E148 Safari/604.1",,,,"1ef1b7d8-2dfa-47d2-a5ee-48109b3298f9","1571356800000","iPhone","panoplay.duckdns.org",,,"0","23289",,,"Festival of Lights - Demo","1571418000000","d3b07303-9066-489f-a1fa-4878bbe03921","193.175.2.0","false","true","true","Verein zur Foerderung eines Deutschen Forschungsne","de-DE","./livestream/master.m3u8","1571418480000","1569888000000",,"iOS","12","4","0","1",,"0","0","videojs",,"0","html5","videojs-7.6.0",,"BE","568","320","0","FULLSCREEN","0","rebuffering","hls","1571418493000","74a44c14-0c42-4a37-b53e-08d0b8f7544f","0",,"Horus Live","2816","2816","0","Horus Live","0","0","2005","10023",,,,,"web"
"v2.5.4","680","0",,"Mobile Safari","12","1","0",,"berlin","1571418493000","DE","23ee1611-2e13-42d1-ae05-7b342c1714e8","Mozilla/5.0 (iPhone; CPU iPhone OS 12_4_1 like Mac OS X) AppleWebKit/605.1.15 (KHTML, like Gecko) Version/12.1.2 Mobile/15E148 Safari/604.1",,,,"1ef1b7d8-2dfa-47d2-a5ee-48109b3298f9","1571356800000","iPhone","panoplay.duckdns.org",,,"0","14",,,"Festival of Lights - Demo","1571418000000","d3b07303-9066-489f-a1fa-4878bbe03921","193.175.2.0","false","true","true","Verein zur Foerderung eines Deutschen Forschungsne","de-DE","./livestream/master.m3u8","1571418480000","1569888000000",,"iOS","12","4","0","1",,"0","14","videojs",,"0","html5","videojs-7.6.0",,"BE","568","320","0","FULLSCREEN","0","playing","hls","1571418493000","74a44c14-0c42-4a37-b53e-08d0b8f7544f","0",,"Horus Live","2816","2816","0","Horus Live","0","0","2005","2005",,,,,"web"
"v2.5.4","680","0",,"Mobile Safari","12","1","0",,"berlin","1571418493000","DE","23ee1611-2e13-42d1-ae05-7b342c1714e8","Mozilla/5.0 (iPhone; CPU iPhone OS 12_4_1 like Mac OS X) AppleWebKit/605.1.15 (KHTML, like Gecko) Version/12.1.2 Mobile/15E148 Safari/604.1",,,,"1ef1b7d8-2dfa-47d2-a5ee-48109b3298f9","1571356800000","iPhone","panoplay.duckdns.org",,,"0","623",,,"Festival of Lights - Demo","1571418000000","d3b07303-9066-489f-a1fa-4878bbe03921","193.175.2.0","false","true","true","Verein zur Foerderung eines Deutschen Forschungsne","de-DE","./livestream/master.m3u8","1571418480000","1569888000000",,"iOS","12","4","0","1",,"0","623","videojs",,"0","html5","videojs-7.6.0",,"BE","568","320","0","FULLSCREEN","0","playing","hls","1571418493000","74a44c14-0c42-4a37-b53e-08d0b8f7544f","0",,"Horus Live","2816","2816","0","Horus Live","0","0","2005","2125",,,,,"web"
"v2.5.4","680","0",,"Mobile Safari","12","1","0",,"berlin","1571418494000","DE","23ee1611-2e13-42d1-ae05-7b342c1714e8","Mozilla/5.0 (iPhone; CPU iPhone OS 12_4_1 like Mac OS X) AppleWebKit/605.1.15 (KHTML, like Gecko) Version/12.1.2 Mobile/15E148 Safari/604.1",,,,"1ef1b7d8-2dfa-47d2-a5ee-48109b3298f9","1571356800000","iPhone","panoplay.duckdns.org",,,"0","215",,,"Festival of Lights - Demo","1571418000000","d3b07303-9066-489f-a1fa-4878bbe03921","193.175.2.0","false","true","true","Verein zur Foerderung eines Deutschen Forschungsne","de-DE","./livestream/master.m3u8","1571418480000","1569888000000",,"iOS","12","4","0","1",,"0","215","videojs",,"0","html5","videojs-7.6.0",,"BE","568","320","0","FULLSCREEN","0","playing","hls","1571418494000","74a44c14-0c42-4a37-b53e-08d0b8f7544f","0",,"Horus Live","2816","2816","0","Horus Live","0","0","2005","2342",,,,,"web"
"v2.5.4","680","0",,"Mobile Safari","12","1","309",,"berlin","1571418494000","DE","23ee1611-2e13-42d1-ae05-7b342c1714e8","Mozilla/5.0 (iPhone; CPU iPhone OS 12_4_1 like Mac OS X) AppleWebKit/605.1.15 (KHTML, like Gecko) Version/12.1.2 Mobile/15E148 Safari/604.1",,,,"1ef1b7d8-2dfa-47d2-a5ee-48109b3298f9","1571356800000","iPhone","panoplay.duckdns.org",,,"0","309",,,"Festival of Lights - Demo","1571418000000","d3b07303-9066-489f-a1fa-4878bbe03921","193.175.2.0","false","true","true","Verein zur Foerderung eines Deutschen Forschungsne","de-DE","./livestream/master.m3u8","1571418480000","1569888000000",,"iOS","12","4","0","1",,"0","0","videojs",,"0","html5","videojs-7.6.0",,"BE","568","320","0","FULLSCREEN","0","rebuffering","hls","1571418494000","74a44c14-0c42-4a37-b53e-08d0b8f7544f","0",,"Horus Live","2816","2816","0","Horus Live","0","0","2265","2005",,,,,"web"
"v2.5.4","680","0",,"Mobile Safari","12","1","0",,"berlin","1571418494000","DE","23ee1611-2e13-42d1-ae05-7b342c1714e8","Mozilla/5.0 (iPhone; CPU iPhone OS 12_4_1 like Mac OS X) AppleWebKit/605.1.15 (KHTML, like Gecko) Version/12.1.2 Mobile/15E148 Safari/604.1",,,,"1ef1b7d8-2dfa-47d2-a5ee-48109b3298f9","1571356800000","iPhone","panoplay.duckdns.org",,,"0","349",,,"Festival of Lights - Demo","1571418000000","d3b07303-9066-489f-a1fa-4878bbe03921","193.175.2.0","false","true","true","Verein zur Foerderung eines Deutschen Forschungsne","de-DE","./livestream/master.m3u8","1571418480000","1569888000000",,"iOS","12","4","0","1",,"0","349","videojs",,"0","html5","videojs-7.6.0",,"BE","568","320","0","FULLSCREEN","0","playing","hls","1571418494000","74a44c14-0c42-4a37-b53e-08d0b8f7544f","0",,"Horus Live","2816","2816","0","Horus Live","0","0","2005","2265",,,,,"web"
"v2.5.4","680","0",,"Mobile Safari","12","1","404",,"berlin","1571418495000","DE","23ee1611-2e13-42d1-ae05-7b342c1714e8","Mozilla/5.0 (iPhone; CPU iPhone OS 12_4_1 like Mac OS X) AppleWebKit/605.1.15 (KHTML, like Gecko) Version/12.1.2 Mobile/15E148 Safari/604.1",,,,"1ef1b7d8-2dfa-47d2-a5ee-48109b3298f9","1571356800000","iPhone","panoplay.duckdns.org",,,"0","404",,,"Festival of Lights - Demo","1571418000000","d3b07303-9066-489f-a1fa-4878bbe03921","193.175.2.0","false","true","true","Verein zur Foerderung eines Deutschen Forschungsne","de-DE","./livestream/master.m3u8","1571418480000","1569888000000",,"iOS","12","4","0","1",,"0","0","videojs",,"0","html5","videojs-7.6.0",,"BE","568","320","0","FULLSCREEN","0","rebuffering","hls","1571418495000","74a44c14-0c42-4a37-b53e-08d0b8f7544f","0",,"Horus Live","2816","2816","0","Horus Live","0","0","2366","2005",,,,,"web"
"v2.5.4","680","0",,"Mobile Safari","12","1","0",,"berlin","1571418495000","DE","23ee1611-2e13-42d1-ae05-7b342c1714e8","Mozilla/5.0 (iPhone; CPU iPhone OS 12_4_1 like Mac OS X) AppleWebKit/605.1.15 (KHTML, like Gecko) Version/12.1.2 Mobile/15E148 Safari/604.1",,,,"1ef1b7d8-2dfa-47d2-a5ee-48109b3298f9","1571356800000","iPhone","panoplay.duckdns.org",,,"0","100",,,"Festival of Lights - Demo","1571418000000","d3b07303-9066-489f-a1fa-4878bbe03921","193.175.2.0","false","true","true","Verein zur Foerderung eines Deutschen Forschungsne","de-DE","./livestream/master.m3u8","1571418480000","1569888000000",,"iOS","12","4","0","1",,"0","100","videojs",,"0","html5","videojs-7.6.0",,"BE","568","320","0","FULLSCREEN","0","playing","hls","1571418495000","74a44c14-0c42-4a37-b53e-08d0b8f7544f","0",,"Horus Live","2816","2816","0","Horus Live","0","0","2005","2350",,,,,"web"
"v2.5.4","680","0",,"Mobile Safari","12","1","390",,"berlin","1571418495000","DE","23ee1611-2e13-42d1-ae05-7b342c1714e8","Mozilla/5.0 (iPhone; CPU iPhone OS 12_4_1 like Mac OS X) AppleWebKit/605.1.15 (KHTML, like Gecko) Version/12.1.2 Mobile/15E148 Safari/604.1",,,,"1ef1b7d8-2dfa-47d2-a5ee-48109b3298f9","1571356800000","iPhone","panoplay.duckdns.org",,,"0","390",,,"Festival of Lights - Demo","1571418000000","d3b07303-9066-489f-a1fa-4878bbe03921","193.175.2.0","false","true","true","Verein zur Foerderung eines Deutschen Forschungsne","de-DE","./livestream/master.m3u8","1571418480000","1569888000000",,"iOS","12","4","0","1",,"0","0","videojs",,"0","html5","videojs-7.6.0",,"BE","568","320","0","FULLSCREEN","0","rebuffering","hls","1571418495000","74a44c14-0c42-4a37-b53e-08d0b8f7544f","0",,"Horus Live","2816","2816","0","Horus Live","0","0","2350","2005",,,,,"web"
"v2.5.4","680","0",,"Mobile Safari","12","1","0",,"berlin","1571418501000","DE","23ee1611-2e13-42d1-ae05-7b342c1714e8","Mozilla/5.0 (iPhone; CPU iPhone OS 12_4_1 like Mac OS X) AppleWebKit/605.1.15 (KHTML, like Gecko) Version/12.1.2 Mobile/15E148 Safari/604.1",,,,"1ef1b7d8-2dfa-47d2-a5ee-48109b3298f9","1571356800000","iPhone","panoplay.duckdns.org",,,"0","5851",,,"Festival of Lights - Demo","1571418000000","d3b07303-9066-489f-a1fa-4878bbe03921","193.175.2.0","false","true","true","Verein zur Foerderung eines Deutschen Forschungsne","de-DE","./livestream/master.m3u8","1571418480000","1569888000000",,"iOS","12","4","0","1",,"0","5851","videojs",,"0","html5","videojs-7.6.0",,"BE","568","320","0","WINDOW","0","playing","hls","1571418501000","74a44c14-0c42-4a37-b53e-08d0b8f7544f","0",,"Horus Live","2816","2816","0","Horus Live","0","0","8200","2366",,,,,"web"
"v2.5.4","680","0",,"Mobile Safari","12","1","0",,"berlin","1571418503000","DE","367fce50-88f4-402e-bd1b-f7b99a84bdc9","Mozilla/5.0 (iPhone; CPU iPhone OS 12_4_1 like Mac OS X) AppleWebKit/605.1.15 (KHTML, like Gecko) Version/12.1.2 Mobile/15E148 Safari/604.1",,,,"5ff1d38b-aee0-4e04-940f-38bce628848a","1571356800000","iPhone","panoplay.duckdns.org",,,"0","39387",,,"Festival of Lights - Demo","1571418000000","c2f2b4d7-58a4-4d27-bbf8-4e2f87fd8179","193.175.2.0","false","true","true","Verein zur Foerderung eines Deutschen Forschungsne","en-US","./livestream/master.m3u8","1571418480000","1569888000000",,"iOS","12","4","0","1",,"39387","0","videojs",,"0","html5","videojs-7.6.0",,"BE","667","375","0","WINDOW","0","pause","hls","1571418503000","6c7490ed-3785-4960-8c47-cd38972f4094","0",,"Horus Live","2816","2816","0","Horus Live","0","0","10018","10018",,,,,"web"
"v2.5.4","680","0",,"Mobile Safari","12","1","0",,"berlin","1571418503000","DE","367fce50-88f4-402e-bd1b-f7b99a84bdc9","Mozilla/5.0 (iPhone; CPU iPhone OS 12_4_1 like Mac OS X) AppleWebKit/605.1.15 (KHTML, like Gecko) Version/12.1.2 Mobile/15E148 Safari/604.1",,,,"5ff1d38b-aee0-4e04-940f-38bce628848a","1571356800000","iPhone","panoplay.duckdns.org",,,"0","2",,,"Festival of Lights - Demo","1571418000000","c2f2b4d7-58a4-4d27-bbf8-4e2f87fd8179","193.175.2.0","false","true","true","Verein zur Foerderung eines Deutschen Forschungsne","en-US","./livestream/master.m3u8","1571418480000","1569888000000",,"iOS","12","4","0","1",,"0","2","videojs",,"0","html5","videojs-7.6.0",,"BE","667","375","0","WINDOW","0","playing","hls","1571418503000","6c7490ed-3785-4960-8c47-cd38972f4094","0",,"Horus Live","2816","2816","0","Horus Live","0","0","10018","10018",,,,,"web"
"v2.5.4","680","0",,"Mobile Safari","12","1","0",,"berlin","1571418503000","DE","23ee1611-2e13-42d1-ae05-7b342c1714e8","Mozilla/5.0 (iPhone; CPU iPhone OS 12_4_1 like Mac OS X) AppleWebKit/605.1.15 (KHTML, like Gecko) Version/12.1.2 Mobile/15E148 Safari/604.1",,,,"1ef1b7d8-2dfa-47d2-a5ee-48109b3298f9","1571356800000","iPhone","panoplay.duckdns.org",,,"0","193",,,"Festival of Lights - Demo","1571418000000","d3b07303-9066-489f-a1fa-4878bbe03921","193.175.2.0","false","true","true","Verein zur Foerderung eines Deutschen Forschungsne","de-DE","./livestream/master.m3u8","1571418480000","1569888000000",,"iOS","12","4","0","1",,"0","193","videojs",,"0","html5","videojs-7.6.0",,"BE","568","320","0","FULLSCREEN","0","playing","hls","1571418503000","74a44c14-0c42-4a37-b53e-08d0b8f7544f","0",,"Horus Live","2816","2816","0","Horus Live","0","0","4007","2005",,,,,"web"
"v2.5.4","680","0",,"Mobile Safari","12","1","0",,"berlin","1571418503000","DE","23ee1611-2e13-42d1-ae05-7b342c1714e8","Mozilla/5.0 (iPhone; CPU iPhone OS 12_4_1 like Mac OS X) AppleWebKit/605.1.15 (KHTML, like Gecko) Version/12.1.2 Mobile/15E148 Safari/604.1",,,,"1ef1b7d8-2dfa-47d2-a5ee-48109b3298f9","1571356800000","iPhone","panoplay.duckdns.org",,,"0","2007",,,"Festival of Lights - Demo","1571418000000","d3b07303-9066-489f-a1fa-4878bbe03921","193.175.2.0","false","true","true","Verein zur Foerderung eines Deutschen Forschungsne","de-DE","./livestream/master.m3u8","1571418480000","1569888000000",,"iOS","12","4","0","1",,"2007","0","videojs",,"0","html5","videojs-7.6.0",,"BE","568","320","0","WINDOW","0","pause","hls","1571418503000","74a44c14-0c42-4a37-b53e-08d0b8f7544f","0",,"Horus Live","2816","2816","0","Horus Live","0","0","2005","8200",,,,,"web"
"v2.5.4","680","0",,"Mobile Safari","12","1","11624",,"berlin","1571418515000","DE","23ee1611-2e13-42d1-ae05-7b342c1714e8","Mozilla/5.0 (iPhone; CPU iPhone OS 12_4_1 like Mac OS X) AppleWebKit/605.1.15 (KHTML, like Gecko) Version/12.1.2 Mobile/15E148 Safari/604.1",,,,"1ef1b7d8-2dfa-47d2-a5ee-48109b3298f9","1571356800000","iPhone","panoplay.duckdns.org",,,"0","11624",,,"Festival of Lights - Demo","1571418000000","d3b07303-9066-489f-a1fa-4878bbe03921","193.175.2.0","false","true","true","Verein zur Foerderung eines Deutschen Forschungsne","de-DE","./livestream/master.m3u8","1571418480000","1569888000000",,"iOS","12","4","0","1",,"0","0","videojs",,"0","html5","videojs-7.6.0",,"BE","568","320","0","FULLSCREEN","0","rebuffering","hls","1571418515000","74a44c14-0c42-4a37-b53e-08d0b8f7544f","0",,"Horus Live","2816","2816","0","Horus Live","0","0","2005","4007",,,,,"web"
"v2.5.4","680","0",,"Mobile Safari","12","1","17336",,"berlin","1571418520000","DE","367fce50-88f4-402e-bd1b-f7b99a84bdc9","Mozilla/5.0 (iPhone; CPU iPhone OS 12_4_1 like Mac OS X) AppleWebKit/605.1.15 (KHTML, like Gecko) Version/12.1.2 Mobile/15E148 Safari/604.1",,,,"5ff1d38b-aee0-4e04-940f-38bce628848a","1571356800000","iPhone","panoplay.duckdns.org",,,"0","17336",,,"Festival of Lights - Demo","1571418000000","c2f2b4d7-58a4-4d27-bbf8-4e2f87fd8179","193.175.2.0","false","true","true","Verein zur Foerderung eines Deutschen Forschungsne","en-US","./livestream/master.m3u8","1571418480000","1569888000000",,"iOS","12","4","0","1",,"0","0","videojs",,"0","html5","videojs-7.6.0",,"BE","667","375","0","WINDOW","0","rebuffering","hls","1571418520000","6c7490ed-3785-4960-8c47-cd38972f4094","0",,"Horus Live","2816","2816","0","Horus Live","0","0","10018","10018",,,,,"web"
"v2.5.4","680","0",,"Mobile Safari","12","1","0",,"berlin","1571418527000","DE","23ee1611-2e13-42d1-ae05-7b342c1714e8","Mozilla/5.0 (iPhone; CPU iPhone OS 12_4_1 like Mac OS X) AppleWebKit/605.1.15 (KHTML, like Gecko) Version/12.1.2 Mobile/15E148 Safari/604.1",,,,"1ef1b7d8-2dfa-47d2-a5ee-48109b3298f9","1571356800000","iPhone","panoplay.duckdns.org",,,"0","12173",,,"Festival of Lights - Demo","1571418000000","d3b07303-9066-489f-a1fa-4878bbe03921","193.175.2.0","false","true","true","Verein zur Foerderung eines Deutschen Forschungsne","de-DE","./livestream/master.m3u8","1571418480000","1569888000000",,"iOS","12","4","0","1",,"0","12173","videojs",,"0","html5","videojs-7.6.0",,"BE","568","320","0","FULLSCREEN","0","playing","hls","1571418527000","74a44c14-0c42-4a37-b53e-08d0b8f7544f","0",,"Horus Live","2816","2816","0","Horus Live","0","0","2005","2005",,,,,"web"
"v2.5.4","680","0",,"Mobile Safari","12","1","0",,"berlin","1571418538000","DE","3c8037aa-7be6-482d-a08c-e4ee99ac61b1","Mozilla/5.0 (iPhone; CPU iPhone OS 12_4_1 like Mac OS X) AppleWebKit/605.1.15 (KHTML, like Gecko) Version/12.1.2 Mobile/15E148 Safari/604.1",,,,"5ff1d38b-aee0-4e04-940f-38bce628848a","1571356800000","iPhone","panoplay.duckdns.org",,,"0","136",,,"Festival of Lights - Demo","1571418000000","b85ba29f-0b67-4bfb-a7e2-a4755099f029","193.175.2.0","false","false","true","Verein zur Foerderung eines Deutschen Forschungsne","en-US","./livestream/master.m3u8","1571418480000","1569888000000",,"iOS","12","4","1113","1",,"0","0","videojs",,"136","html5","videojs-7.6.0",,"BE","667","375","0","WINDOW","0","setup","hls","1571418538000","6c7490ed-3785-4960-8c47-cd38972f4094","0","0","Horus Live","0","0","0","Horus Live","0","0","0","0",,,,,"web"
"v2.5.4","680","0",,"Mobile Safari","12","1","0",,"berlin","1571418543000","DE","3c8037aa-7be6-482d-a08c-e4ee99ac61b1","Mozilla/5.0 (iPhone; CPU iPhone OS 12_4_1 like Mac OS X) AppleWebKit/605.1.15 (KHTML, like Gecko) Version/12.1.2 Mobile/15E148 Safari/604.1",,,,"5ff1d38b-aee0-4e04-940f-38bce628848a","1571356800000","iPhone","panoplay.duckdns.org",,,"0","3543",,,"Festival of Lights - Demo","1571418000000","b85ba29f-0b67-4bfb-a7e2-a4755099f029","193.175.2.0","false","true","true","Verein zur Foerderung eines Deutschen Forschungsne","en-US","./livestream/master.m3u8","1571418540000","1569888000000",,"iOS","12","4","0","1",,"0","3543","videojs",,"0","html5","videojs-7.6.0",,"BE","667","375","0","WINDOW","0","playing","hls","1571418543000","6c7490ed-3785-4960-8c47-cd38972f4094","0",,"Horus Live","2816","2816","329","Horus Live","0","0","7752","4318",,,,,"web"
"v2.5.4","680","0",,"Mobile Safari","12","1","0",,"berlin","1571418560000","DE","3c8037aa-7be6-482d-a08c-e4ee99ac61b1","Mozilla/5.0 (iPhone; CPU iPhone OS 12_4_1 like Mac OS X) AppleWebKit/605.1.15 (KHTML, like Gecko) Version/12.1.2 Mobile/15E148 Safari/604.1",,,,"5ff1d38b-aee0-4e04-940f-38bce628848a","1571356800000","iPhone","panoplay.duckdns.org",,,"0","17344",,,"Festival of Lights - Demo","1571418000000","b85ba29f-0b67-4bfb-a7e2-a4755099f029","193.175.2.0","false","true","true","Verein zur Foerderung eines Deutschen Forschungsne","en-US","./livestream/master.m3u8","1571418540000","1569888000000",,"iOS","12","4","0","1",,"17344","0","videojs",,"0","html5","videojs-7.6.0",,"BE","667","375","0","WINDOW","0","pause","hls","1571418560000","6c7490ed-3785-4960-8c47-cd38972f4094","0",,"Horus Live","2816","2816","0","Horus Live","0","0","7795","7752",,,,,"web"
"v2.5.4","680","0",,"Mobile Safari","12","1","0",,"berlin","1571418560000","DE","3c8037aa-7be6-482d-a08c-e4ee99ac61b1","Mozilla/5.0 (iPhone; CPU iPhone OS 12_4_1 like Mac OS X) AppleWebKit/605.1.15 (KHTML, like Gecko) Version/12.1.2 Mobile/15E148 Safari/604.1",,,,"5ff1d38b-aee0-4e04-940f-38bce628848a","1571356800000","iPhone","panoplay.duckdns.org",,,"0","299",,,"Festival of Lights - Demo","1571418000000","b85ba29f-0b67-4bfb-a7e2-a4755099f029","193.175.2.0","false","true","true","Verein zur Foerderung eines Deutschen Forschungsne","en-US","./livestream/master.m3u8","1571418540000","1569888000000",,"iOS","12","4","0","1",,"0","299","videojs",,"0","html5","videojs-7.6.0",,"BE","667","375","0","FULLSCREEN","0","playing","hls","1571418560000","6c7490ed-3785-4960-8c47-cd38972f4094","0",,"Horus Live","2816","2816","0","Horus Live","0","0","8061","7795",,,,,"web"
"v2.5.4","680","0",,"Mobile Safari","12","1","0",,"berlin","1571418578000","DE","3c8037aa-7be6-482d-a08c-e4ee99ac61b1","Mozilla/5.0 (iPhone; CPU iPhone OS 12_4_1 like Mac OS X) AppleWebKit/605.1.15 (KHTML, like Gecko) Version/12.1.2 Mobile/15E148 Safari/604.1",,,,"5ff1d38b-aee0-4e04-940f-38bce628848a","1571356800000","iPhone","panoplay.duckdns.org",,,"0","17598",,,"Festival of Lights - Demo","1571418000000","b85ba29f-0b67-4bfb-a7e2-a4755099f029","193.175.2.0","false","true","true","Verein zur Foerderung eines Deutschen Forschungsne","en-US","./livestream/master.m3u8","1571418540000","1569888000000",,"iOS","12","4","0","1",,"17598","0","videojs",,"0","html5","videojs-7.6.0",,"BE","667","375","0","FULLSCREEN","0","pause","hls","1571418578000","6c7490ed-3785-4960-8c47-cd38972f4094","0",,"Horus Live","2816","2816","0","Horus Live","0","0","8099","8061",,,,,"web"
"v2.5.4","680","0",,"Mobile Safari","12","1","0",,"berlin","1571418580000","DE","3c8037aa-7be6-482d-a08c-e4ee99ac61b1","Mozilla/5.0 (iPhone; CPU iPhone OS 12_4_1 like Mac OS X) AppleWebKit/605.1.15 (KHTML, like Gecko) Version/12.1.2 Mobile/15E148 Safari/604.1",,,,"5ff1d38b-aee0-4e04-940f-38bce628848a","1571356800000","iPhone","panoplay.duckdns.org",,,"0","2551",,,"Festival of Lights - Demo","1571418000000","b85ba29f-0b67-4bfb-a7e2-a4755099f029","193.175.2.0","false","true","true","Verein zur Foerderung eines Deutschen Forschungsne","en-US","./livestream/master.m3u8","1571418540000","1569888000000",,"iOS","12","4","0","1",,"0","2551","videojs",,"0","html5","videojs-7.6.0",,"BE","667","375","0","FULLSCREEN","0","playing","hls","1571418580000","6c7490ed-3785-4960-8c47-cd38972f4094","0",,"Horus Live","2816","2816","0","Horus Live","0","0","8161656","8099",,,,,"web"
"v2.5.4","680","0",,"Mobile Safari","12","1","1369",,"berlin","1571418582000","DE","3c8037aa-7be6-482d-a08c-e4ee99ac61b1","Mozilla/5.0 (iPhone; CPU iPhone OS 12_4_1 like Mac OS X) AppleWebKit/605.1.15 (KHTML, like Gecko) Version/12.1.2 Mobile/15E148 Safari/604.1",,,,"5ff1d38b-aee0-4e04-940f-38bce628848a","1571356800000","iPhone","panoplay.duckdns.org",,,"0","1369",,,"Festival of Lights - Demo","1571418000000","b85ba29f-0b67-4bfb-a7e2-a4755099f029","193.175.2.0","false","true","true","Verein zur Foerderung eines Deutschen Forschungsne","en-US","./livestream/master.m3u8","1571418540000","1569888000000",,"iOS","12","4","0","1",,"0","0","videojs",,"0","html5","videojs-7.6.0",,"BE","667","375","0","FULLSCREEN","0","rebuffering","hls","1571418582000","6c7490ed-3785-4960-8c47-cd38972f4094","0",,"Horus Live","2816","2816","0","Horus Live","0","0","2308","8161656",,,,,"web"
"v2.5.4","680","0",,"Mobile Safari","12","1","0",,"berlin","1571418584000","DE","3c8037aa-7be6-482d-a08c-e4ee99ac61b1","Mozilla/5.0 (iPhone; CPU iPhone OS 12_4_1 like Mac OS X) AppleWebKit/605.1.15 (KHTML, like Gecko) Version/12.1.2 Mobile/15E148 Safari/604.1",,,,"5ff1d38b-aee0-4e04-940f-38bce628848a","1571356800000","iPhone","panoplay.duckdns.org",,,"0","1733",,,"Festival of Lights - Demo","1571418000000","b85ba29f-0b67-4bfb-a7e2-a4755099f029","193.175.2.0","false","true","true","Verein zur Foerderung eines Deutschen Forschungsne","en-US","./livestream/master.m3u8","1571418540000","1569888000000",,"iOS","12","4","0","1",,"0","1733","videojs",,"0","html5","videojs-7.6.0",,"BE","667","375","0","FULLSCREEN","0","playing","hls","1571418584000","6c7490ed-3785-4960-8c47-cd38972f4094","0",,"Horus Live","2816","2816","0","Horus Live","0","0","103","2308",,,,,"web"
"v2.5.4","680","0",,"Mobile Safari","12","1","4",,"berlin","1571418584000","DE","3c8037aa-7be6-482d-a08c-e4ee99ac61b1","Mozilla/5.0 (iPhone; CPU iPhone OS 12_4_1 like Mac OS X) AppleWebKit/605.1.15 (KHTML, like Gecko) Version/12.1.2 Mobile/15E148 Safari/604.1",,,,"5ff1d38b-aee0-4e04-940f-38bce628848a","1571356800000","iPhone","panoplay.duckdns.org",,,"0","4",,,"Festival of Lights - Demo","1571418000000","b85ba29f-0b67-4bfb-a7e2-a4755099f029","193.175.2.0","false","true","true","Verein zur Foerderung eines Deutschen Forschungsne","en-US","./livestream/master.m3u8","1571418540000","1569888000000",,"iOS","12","4","0","1",,"0","0","videojs",,"0","html5","videojs-7.6.0",,"BE","667","375","0","FULLSCREEN","0","rebuffering","hls","1571418584000","6c7490ed-3785-4960-8c47-cd38972f4094","0",,"Horus Live","2816","2816","0","Horus Live","0","0","107","103",,,,,"web"
"v2.5.4","680","0",,"Mobile Safari","12","1","7",,"berlin","1571418584000","DE","3c8037aa-7be6-482d-a08c-e4ee99ac61b1","Mozilla/5.0 (iPhone; CPU iPhone OS 12_4_1 like Mac OS X) AppleWebKit/605.1.15 (KHTML, like Gecko) Version/12.1.2 Mobile/15E148 Safari/604.1",,,,"5ff1d38b-aee0-4e04-940f-38bce628848a","1571356800000","iPhone","panoplay.duckdns.org",,,"0","7",,,"Festival of Lights - Demo","1571418000000","b85ba29f-0b67-4bfb-a7e2-a4755099f029","193.175.2.0","false","true","true","Verein zur Foerderung eines Deutschen Forschungsne","en-US","./livestream/master.m3u8","1571418540000","1569888000000",,"iOS","12","4","0","1",,"0","0","videojs",,"0","html5","videojs-7.6.0",,"BE","667","375","0","FULLSCREEN","0","rebuffering","hls","1571418584000","6c7490ed-3785-4960-8c47-cd38972f4094","0",,"Horus Live","2816","2816","0","Horus Live","0","0","0","0",,,,,"web"
"v2.5.4","680","0",,"Mobile Safari","12","1","0",,"berlin","1571418584000","DE","3c8037aa-7be6-482d-a08c-e4ee99ac61b1","Mozilla/5.0 (iPhone; CPU iPhone OS 12_4_1 like Mac OS X) AppleWebKit/605.1.15 (KHTML, like Gecko) Version/12.1.2 Mobile/15E148 Safari/604.1",,,,"5ff1d38b-aee0-4e04-940f-38bce628848a","1571356800000","iPhone","panoplay.duckdns.org",,,"0","845",,,"Festival of Lights - Demo","1571418000000","b85ba29f-0b67-4bfb-a7e2-a4755099f029","193.175.2.0","false","true","true","Verein zur Foerderung eines Deutschen Forschungsne","en-US","./livestream/master.m3u8","1571418540000","1569888000000",,"iOS","12","4","0","1",,"0","845","videojs",,"0","html5","videojs-7.6.0",,"BE","667","375","0","FULLSCREEN","0","playing","hls","1571418584000","6c7490ed-3785-4960-8c47-cd38972f4094","0",,"Horus Live","2816","2816","0","Horus Live","0","0","0","107",,,,,"web"
"v2.5.4","680","0",,"Mobile Safari","12","1","0",,"berlin","1571418588000","DE","3c8037aa-7be6-482d-a08c-e4ee99ac61b1","Mozilla/5.0 (iPhone; CPU iPhone OS 12_4_1 like Mac OS X) AppleWebKit/605.1.15 (KHTML, like Gecko) Version/12.1.2 Mobile/15E148 Safari/604.1",,,,"5ff1d38b-aee0-4e04-940f-38bce628848a","1571356800000","iPhone","panoplay.duckdns.org",,,"0","4035",,,"Festival of Lights - Demo","1571418000000","b85ba29f-0b67-4bfb-a7e2-a4755099f029","193.175.2.0","false","true","true","Verein zur Foerderung eines Deutschen Forschungsne","en-US","./livestream/master.m3u8","1571418540000","1569888000000",,"iOS","12","4","0","1",,"0","4035","videojs",,"0","html5","videojs-7.6.0",,"BE","667","375","0","WINDOW","0","playing","hls","1571418588000","6c7490ed-3785-4960-8c47-cd38972f4094","0",,"Horus Live","2816","2816","0","Horus Live","0","0","4120","0",,,,,"web"
"v2.5.4","680","0",,"Mobile Safari","12","1","0",,"berlin","1571418648000","DE","23ee1611-2e13-42d1-ae05-7b342c1714e8","Mozilla/5.0 (iPhone; CPU iPhone OS 12_4_1 like Mac OS X) AppleWebKit/605.1.15 (KHTML, like Gecko) Version/12.1.2 Mobile/15E148 Safari/604.1",,,,"1ef1b7d8-2dfa-47d2-a5ee-48109b3298f9","1571356800000","iPhone","panoplay.duckdns.org",,,"0","121160",,,"Festival of Lights - Demo","1571418000000","d3b07303-9066-489f-a1fa-4878bbe03921","193.175.2.0","false","true","true","Verein zur Foerderung eines Deutschen Forschungsne","de-DE","./livestream/master.m3u8","1571418600000","1569888000000",,"iOS","12","4","0","1",,"121160","0","videojs",,"0","html5","videojs-7.6.0",,"BE","568","320","0","WINDOW","0","pause","hls","1571418648000","74a44c14-0c42-4a37-b53e-08d0b8f7544f","0",,"Horus Live","2816","2816","0","Horus Live","0","0","4007","2005",,,,,"web"
"v2.5.4","680","0",,"Mobile Safari","12","1","0",,"berlin","1571418674000","DE","23ee1611-2e13-42d1-ae05-7b342c1714e8","Mozilla/5.0 (iPhone; CPU iPhone OS 12_4_1 like Mac OS X) AppleWebKit/605.1.15 (KHTML, like Gecko) Version/12.1.2 Mobile/15E148 Safari/604.1",,,,"1ef1b7d8-2dfa-47d2-a5ee-48109b3298f9","1571356800000","iPhone","panoplay.duckdns.org",,,"0","25976",,,"Festival of Lights - Demo","1571418000000","d3b07303-9066-489f-a1fa-4878bbe03921","193.175.2.0","false","true","true","Verein zur Foerderung eines Deutschen Forschungsne","de-DE","./livestream/master.m3u8","1571418660000","1569888000000",,"iOS","12","4","0","1",,"0","25976","videojs",,"0","html5","videojs-7.6.0",,"BE","568","320","0","WINDOW","0","playing","hls","1571418674000","74a44c14-0c42-4a37-b53e-08d0b8f7544f","0",,"Horus Live","2816","2816","0","Horus Live","0","0","4007","4007",,,,,"web"
"v2.5.4","680","0",,"Mobile Safari","12","1","0",,"berlin","1571418687000","DE","23ee1611-2e13-42d1-ae05-7b342c1714e8","Mozilla/5.0 (iPhone; CPU iPhone OS 12_4_1 like Mac OS X) AppleWebKit/605.1.15 (KHTML, like Gecko) Version/12.1.2 Mobile/15E148 Safari/604.1",,,,"1ef1b7d8-2dfa-47d2-a5ee-48109b3298f9","1571356800000","iPhone","panoplay.duckdns.org",,,"0","12983",,,"Festival of Lights - Demo","1571418000000","d3b07303-9066-489f-a1fa-4878bbe03921","193.175.2.0","false","true","true","Verein zur Foerderung eines Deutschen Forschungsne","de-DE","./livestream/master.m3u8","1571418660000","1569888000000",,"iOS","12","4","0","1",,"12983","0","videojs",,"0","html5","videojs-7.6.0",,"BE","568","320","0","WINDOW","0","pause","hls","1571418687000","74a44c14-0c42-4a37-b53e-08d0b8f7544f","0",,"Horus Live","2816","2816","0","Horus Live","0","0","4007","4007",,,,,"web"
"v2.5.4","680","0",,"Mobile Safari","12","1","0",,"berlin","1571418696000","DE","3c8037aa-7be6-482d-a08c-e4ee99ac61b1","Mozilla/5.0 (iPhone; CPU iPhone OS 12_4_1 like Mac OS X) AppleWebKit/605.1.15 (KHTML, like Gecko) Version/12.1.2 Mobile/15E148 Safari/604.1",,,,"5ff1d38b-aee0-4e04-940f-38bce628848a","1571356800000","iPhone","panoplay.duckdns.org",,,"0","107165",,,"Festival of Lights - Demo","1571418000000","b85ba29f-0b67-4bfb-a7e2-a4755099f029","193.175.2.0","false","true","true","Verein zur Foerderung eines Deutschen Forschungsne","en-US","./livestream/master.m3u8","1571418660000","1569888000000",,"iOS","12","4","0","1",,"107165","0","videojs",,"0","html5","videojs-7.6.0",,"BE","667","375","0","WINDOW","0","pause","hls","1571418696000","6c7490ed-3785-4960-8c47-cd38972f4094","0",,"Horus Live","2816","2816","0","Horus Live","0","0","4206","4120",,,,,"web"
"v2.5.4","680","0",,"Mobile Safari","12","1","0",,"berlin","1571418697000","DE","3c8037aa-7be6-482d-a08c-e4ee99ac61b1","Mozilla/5.0 (iPhone; CPU iPhone OS 12_4_1 like Mac OS X) AppleWebKit/605.1.15 (KHTML, like Gecko) Version/12.1.2 Mobile/15E148 Safari/604.1",,,,"5ff1d38b-aee0-4e04-940f-38bce628848a","1571356800000","iPhone","panoplay.duckdns.org",,,"0","1712",,,"Festival of Lights - Demo","1571418000000","b85ba29f-0b67-4bfb-a7e2-a4755099f029","193.175.2.0","false","true","true","Verein zur Foerderung eines Deutschen Forschungsne","en-US","./livestream/master.m3u8","1571418660000","1569888000000",,"iOS","12","4","0","1",,"0","1712","videojs",,"0","html5","videojs-7.6.0",,"BE","667","375","0","FULLSCREEN","0","playing","hls","1571418697000","6c7490ed-3785-4960-8c47-cd38972f4094","0",,"Horus Live","2816","2816","0","Horus Live","0","0","4206","4206",,,,,"web"
"v2.5.4","680","0",,"Chrome Mobile","77","0","0",,"berlin","1571418697000","DE","650b172a-72e8-4bb9-b56d-de824f61ac33","Mozilla/5.0 (Linux; Android 9; SM-G973F) AppleWebKit/537.36 (KHTML, like Gecko) Chrome/77.0.3865.116 Mobile Safari/537.36",,,,"957fb99d-34ba-41b2-800f-fca3b877b9d7","1571356800000","Samsung SM-G973F","panoplay.duckdns.org",,,"0","0","3","The media playback was aborted due to a corruption problem or because the media used features your browser did not support.","Festival of Lights - Demo","1571418000000","c650e994-47b2-4e15-933d-3582c9b2e620","193.175.2.0","false","false","true","Verein zur Foerderung eines Deutschen Forschungsne","en-US","./livestream/master.m3u8","1571418660000","1569888000000",,"Android","9",,"0","1",,"0","0","videojs",,"0","html5","videojs-7.6.0",,"BE","869","412","0","WINDOW","0","error","hls","1571418697000","fcd0cada-2ea1-470d-9678-f8a9bce11add","0","0","Horus Live","0","0","0","Horus Live","0","0","0","0",,,,,"web"
"v2.5.4","680","0",,"Chrome Mobile","77","0","0",,"berlin","1571418697000","DE","650b172a-72e8-4bb9-b56d-de824f61ac33","Mozilla/5.0 (Linux; Android 9; SM-G973F) AppleWebKit/537.36 (KHTML, like Gecko) Chrome/77.0.3865.116 Mobile Safari/537.36",,,,"957fb99d-34ba-41b2-800f-fca3b877b9d7","1571356800000","Samsung SM-G973F","panoplay.duckdns.org",,,"0","72",,,"Festival of Lights - Demo","1571418000000","c650e994-47b2-4e15-933d-3582c9b2e620","193.175.2.0","false","false","true","Verein zur Foerderung eines Deutschen Forschungsne","en-US","./livestream/master.m3u8","1571418660000","1569888000000",,"Android","9",,"846","1",,"0","0","videojs",,"72","html5","videojs-7.6.0",,"BE","869","412","0","WINDOW","0","setup","hls","1571418697000","fcd0cada-2ea1-470d-9678-f8a9bce11add","0","0","Horus Live","0","0","0","Horus Live","0","0","0","0",,,,,"web"
"v2.5.4","680","0","true","Chrome Mobile","77","0","0",,"berlin","1571418697000","DE","650b172a-72e8-4bb9-b56d-de824f61ac33","Mozilla/5.0 (Linux; Android 9; SM-G973F) AppleWebKit/537.36 (KHTML, like Gecko) Chrome/77.0.3865.116 Mobile Safari/537.36",,,,"957fb99d-34ba-41b2-800f-fca3b877b9d7","1571356800000","Samsung SM-G973F","panoplay.duckdns.org",,,"0","98",,,"Festival of Lights - Demo","1571418000000","c650e994-47b2-4e15-933d-3582c9b2e620","193.175.2.0","false","false","true","Verein zur Foerderung eines Deutschen Forschungsne","en-US","./livestream/master.m3u8","1571418660000","1569888000000",,"Android","9",,"0","1",,"0","0","videojs",,"0","html5","videojs-7.6.0",,"BE","869","412","0","WINDOW","170","startup","hls","1571418697000","fcd0cada-2ea1-470d-9678-f8a9bce11add","0","0","Horus Live","0","0","98","Horus Live","0","0","0","0",,,,,"web"
"v2.5.4","680","0",,"Mobile Safari","12","1","0",,"berlin","1571418701000","DE","3c8037aa-7be6-482d-a08c-e4ee99ac61b1","Mozilla/5.0 (iPhone; CPU iPhone OS 12_4_1 like Mac OS X) AppleWebKit/605.1.15 (KHTML, like Gecko) Version/12.1.2 Mobile/15E148 Safari/604.1",,,,"5ff1d38b-aee0-4e04-940f-38bce628848a","1571356800000","iPhone","panoplay.duckdns.org",,,"0","3431",,,"Festival of Lights - Demo","1571418000000","b85ba29f-0b67-4bfb-a7e2-a4755099f029","193.175.2.0","false","true","true","Verein zur Foerderung eines Deutschen Forschungsne","en-US","./livestream/master.m3u8","1571418660000","1569888000000",,"iOS","12","4","0","1",,"3431","0","videojs",,"0","html5","videojs-7.6.0",,"BE","667","375","0","FULLSCREEN","0","pause","hls","1571418701000","6c7490ed-3785-4960-8c47-cd38972f4094","0",,"Horus Live","2816","2816","0","Horus Live","0","0","4206","4206",,,,,"web"
"v2.5.4","680","0",,"Mobile Safari","12","1","0",,"berlin","1571418703000","DE","23ee1611-2e13-42d1-ae05-7b342c1714e8","Mozilla/5.0 (iPhone; CPU iPhone OS 12_4_1 like Mac OS X) AppleWebKit/605.1.15 (KHTML, like Gecko) Version/12.1.2 Mobile/15E148 Safari/604.1",,,,"1ef1b7d8-2dfa-47d2-a5ee-48109b3298f9","1571356800000","iPhone","panoplay.duckdns.org",,,"0","16205",,,"Festival of Lights - Demo","1571418000000","d3b07303-9066-489f-a1fa-4878bbe03921","193.175.2.0","false","true","true","Verein zur Foerderung eines Deutschen Forschungsne","de-DE","./livestream/master.m3u8","1571418660000","1569888000000",,"iOS","12","4","0","1",,"0","16205","videojs",,"0","html5","videojs-7.6.0",,"BE","568","320","0","WINDOW","0","playing","hls","1571418703000","74a44c14-0c42-4a37-b53e-08d0b8f7544f","0",,"Horus Live","2816","2816","0","Horus Live","0","0","4007","4007",,,,,"web"
"v2.5.4","680","0",,"Mobile Safari","12","1","81",,"berlin","1571418704000","DE","3c8037aa-7be6-482d-a08c-e4ee99ac61b1","Mozilla/5.0 (iPhone; CPU iPhone OS 12_4_1 like Mac OS X) AppleWebKit/605.1.15 (KHTML, like Gecko) Version/12.1.2 Mobile/15E148 Safari/604.1",,,,"5ff1d38b-aee0-4e04-940f-38bce628848a","1571356800000","iPhone","panoplay.duckdns.org",,,"0","81",,,"Festival of Lights - Demo","1571418000000","b85ba29f-0b67-4bfb-a7e2-a4755099f029","193.175.2.0","false","true","true","Verein zur Foerderung eines Deutschen Forschungsne","en-US","./livestream/master.m3u8","1571418660000","1569888000000",,"iOS","12","4","0","1",,"0","0","videojs",,"0","html5","videojs-7.6.0",,"BE","667","375","0","FULLSCREEN","0","rebuffering","hls","1571418704000","6c7490ed-3785-4960-8c47-cd38972f4094","0",,"Horus Live","2816","2816","0","Horus Live","0","0","2005","2005",,,,,"web"
"v2.5.4","680","0",,"Mobile Safari","12","1","0",,"berlin","1571418704000","DE","3c8037aa-7be6-482d-a08c-e4ee99ac61b1","Mozilla/5.0 (iPhone; CPU iPhone OS 12_4_1 like Mac OS X) AppleWebKit/605.1.15 (KHTML, like Gecko) Version/12.1.2 Mobile/15E148 Safari/604.1",,,,"5ff1d38b-aee0-4e04-940f-38bce628848a","1571356800000","iPhone","panoplay.duckdns.org",,,"0","3166",,,"Festival of Lights - Demo","1571418000000","b85ba29f-0b67-4bfb-a7e2-a4755099f029","193.175.2.0","false","true","true","Verein zur Foerderung eines Deutschen Forschungsne","en-US","./livestream/master.m3u8","1571418660000","1569888000000",,"iOS","12","4","0","1",,"0","3166","videojs",,"0","html5","videojs-7.6.0",,"BE","667","375","0","FULLSCREEN","0","playing","hls","1571418704000","6c7490ed-3785-4960-8c47-cd38972f4094","0",,"Horus Live","2816","2816","0","Horus Live","0","0","2005","4206",,,,,"web"
"v2.5.4","680","0",,"Mobile Safari","12","1","0",,"berlin","1571418711000","DE","3c8037aa-7be6-482d-a08c-e4ee99ac61b1","Mozilla/5.0 (iPhone; CPU iPhone OS 12_4_1 like Mac OS X) AppleWebKit/605.1.15 (KHTML, like Gecko) Version/12.1.2 Mobile/15E148 Safari/604.1",,,,"5ff1d38b-aee0-4e04-940f-38bce628848a","1571356800000","iPhone","panoplay.duckdns.org",,,"0","6753",,,"Festival of Lights - Demo","1571418000000","b85ba29f-0b67-4bfb-a7e2-a4755099f029","193.175.2.0","false","true","true","Verein zur Foerderung eines Deutschen Forschungsne","en-US","./livestream/master.m3u8","1571418660000","1569888000000",,"iOS","12","4","0","1",,"0","6753","videojs",,"0","html5","videojs-7.6.0",,"BE","667","375","0","WINDOW","0","playing","hls","1571418711000","6c7490ed-3785-4960-8c47-cd38972f4094","0",,"Horus Live","2816","2816","0","Horus Live","0","0","2005","2005",,,,,"web"
"v2.5.4","680","0",,"Chrome Mobile","77","0","0",,"berlin","1571418716000","DE","650b172a-72e8-4bb9-b56d-de824f61ac33","Mozilla/5.0 (Linux; Android 9; SM-G973F) AppleWebKit/537.36 (KHTML, like Gecko) Chrome/77.0.3865.116 Mobile Safari/537.36",,,,"957fb99d-34ba-41b2-800f-fca3b877b9d7","1571356800000","Samsung SM-G973F","panoplay.duckdns.org",,,"0","0",,,"Festival of Lights - Demo","1571418000000","c650e994-47b2-4e15-933d-3582c9b2e620","193.175.2.0","false","false","true","Verein zur Foerderung eines Deutschen Forschungsne","en-US","./livestream/master.m3u8","1571418660000","1569888000000",,"Android","9",,"0","1",,"0","0","videojs",,"0","html5","videojs-7.6.0",,"BE","869","412","0","WINDOW","0","error","hls","1571418716000","fcd0cada-2ea1-470d-9678-f8a9bce11add","0","0","Horus Live","0","0","0","Horus Live","0","0","0","0",,,,,"web"
"v2.5.4","680","0",,"Chrome Mobile","77","0","0",,"berlin","1571418758000","DE","59c9918d-9aff-427f-b3a6-e5fd116b773b","Mozilla/5.0 (Linux; Android 9; SM-G973F) AppleWebKit/537.36 (KHTML, like Gecko) Chrome/77.0.3865.116 Mobile Safari/537.36",,,,"957fb99d-34ba-41b2-800f-fca3b877b9d7","1571356800000","Samsung SM-G973F","panoplay.duckdns.org",,,"0","27",,,"Festival of Lights - Demo","1571418000000","b349b00d-8352-421f-88da-4e700d783b16","193.175.2.0","false","false","true","Verein zur Foerderung eines Deutschen Forschungsne","en-US","./livestream/master.m3u8","1571418720000","1569888000000",,"Android","9",,"289","1",,"0","0","videojs",,"27","html5","videojs-7.6.0",,"BE","869","412","0","WINDOW","0","setup","hls","1571418758000","fcd0cada-2ea1-470d-9678-f8a9bce11add","0","0","Horus Live","0","0","0","Horus Live","0","0","0","0",,,,,"web"
"v2.5.4","680","0",,"Chrome Mobile","77","0","0",,"berlin","1571418758000","DE","59c9918d-9aff-427f-b3a6-e5fd116b773b","Mozilla/5.0 (Linux; Android 9; SM-G973F) AppleWebKit/537.36 (KHTML, like Gecko) Chrome/77.0.3865.116 Mobile Safari/537.36",,,,"957fb99d-34ba-41b2-800f-fca3b877b9d7","1571356800000","Samsung SM-G973F","panoplay.duckdns.org",,,"0","0","3","The media playback was aborted due to a corruption problem or because the media used features your browser did not support.","Festival of Lights - Demo","1571418000000","b349b00d-8352-421f-88da-4e700d783b16","193.175.2.0","false","false","true","Verein zur Foerderung eines Deutschen Forschungsne","en-US","./livestream/master.m3u8","1571418720000","1569888000000",,"Android","9",,"0","1",,"0","0","videojs",,"0","html5","videojs-7.6.0",,"BE","869","412","0","WINDOW","0","error","hls","1571418758000","fcd0cada-2ea1-470d-9678-f8a9bce11add","0","0","Horus Live","0","0","0","Horus Live","0","0","0","0",,,,,"web"
"v2.5.4","680","0",,"Chrome Mobile","77","0","0",,"berlin","1571418761000","DE","59c9918d-9aff-427f-b3a6-e5fd116b773b","Mozilla/5.0 (Linux; Android 9; SM-G973F) AppleWebKit/537.36 (KHTML, like Gecko) Chrome/77.0.3865.116 Mobile Safari/537.36",,,,"957fb99d-34ba-41b2-800f-fca3b877b9d7","1571356800000","Samsung SM-G973F","panoplay.duckdns.org",,,"0","0",,,"Festival of Lights - Demo","1571418000000","b349b00d-8352-421f-88da-4e700d783b16","193.175.2.0","false","false","true","Verein zur Foerderung eines Deutschen Forschungsne","en-US","./livestream/master.m3u8","1571418720000","1569888000000",,"Android","9",,"0","1",,"0","0","videojs",,"0","html5","videojs-7.6.0",,"BE","869","412","0","WINDOW","0","error","hls","1571418761000","fcd0cada-2ea1-470d-9678-f8a9bce11add","0","0","Horus Live","0","0","0","Horus Live","0","0","0","0",,,,,"web"
"v2.5.4","680","0",,"Chrome Mobile","77","0","0",,"berlin","1571418762000","DE","7fd645b9-32b5-414a-a23c-b8e7e84b9e1f","Mozilla/5.0 (Linux; Android 9; SM-G973F) AppleWebKit/537.36 (KHTML, like Gecko) Chrome/77.0.3865.116 Mobile Safari/537.36",,,,"957fb99d-34ba-41b2-800f-fca3b877b9d7","1571356800000","Samsung SM-G973F","panoplay.duckdns.org",,,"0","0","3","The media playback was aborted due to a corruption problem or because the media used features your browser did not support.","Festival of Lights - Demo","1571418000000","64db4915-8c74-464b-b338-fb114a4ce7d8","193.175.2.0","false","false","true","Verein zur Foerderung eines Deutschen Forschungsne","en-US","./livestream/master.m3u8","1571418720000","1569888000000",,"Android","9",,"0","1",,"0","0","videojs",,"0","html5","videojs-7.6.0",,"BE","869","412","0","WINDOW","0","error","hls","1571418762000","fcd0cada-2ea1-470d-9678-f8a9bce11add","0","0","Horus Live","0","0","0","Horus Live","0","0","0","0",,,,,"web"
"v2.5.4","680","0",,"Chrome Mobile","77","0","0",,"berlin","1571418762000","DE","7fd645b9-32b5-414a-a23c-b8e7e84b9e1f","Mozilla/5.0 (Linux; Android 9; SM-G973F) AppleWebKit/537.36 (KHTML, like Gecko) Chrome/77.0.3865.116 Mobile Safari/537.36",,,,"957fb99d-34ba-41b2-800f-fca3b877b9d7","1571356800000","Samsung SM-G973F","panoplay.duckdns.org",,,"0","55",,,"Festival of Lights - Demo","1571418000000","64db4915-8c74-464b-b338-fb114a4ce7d8","193.175.2.0","false","false","true","Verein zur Foerderung eines Deutschen Forschungsne","en-US","./livestream/master.m3u8","1571418720000","1569888000000",,"Android","9",,"314","1",,"0","0","videojs",,"55","html5","videojs-7.6.0",,"BE","869","412","0","WINDOW","0","setup","hls","1571418762000","fcd0cada-2ea1-470d-9678-f8a9bce11add","0","0","Horus Live","0","0","0","Horus Live","0","0","0","0",,,,,"web"
"v2.5.4","680","0",,"Chrome Mobile","77","0","0",,"berlin","1571418772000","DE","cc1a5f1e-747d-420d-ae52-2b562d2e8801","Mozilla/5.0 (Linux; Android 9; SM-G973F) AppleWebKit/537.36 (KHTML, like Gecko) Chrome/77.0.3865.116 Mobile Safari/537.36",,,,"957fb99d-34ba-41b2-800f-fca3b877b9d7","1571356800000","Samsung SM-G973F","panoplay.duckdns.org",,,"0","0","3","The media playback was aborted due to a corruption problem or because the media used features your browser did not support.","Festival of Lights - Demo","1571418000000","58f9ce17-14c0-4c02-9f0a-d45b584ce077","193.175.2.0","false","false","true","Verein zur Foerderung eines Deutschen Forschungsne","en-US","./livestream/master.m3u8","1571418720000","1569888000000",,"Android","9",,"0","1",,"0","0","videojs",,"0","html5","videojs-7.6.0",,"BE","869","412","0","WINDOW","0","error","hls","1571418772000","fcd0cada-2ea1-470d-9678-f8a9bce11add","0","0","Horus Live","0","0","0","Horus Live","0","0","0","0",,,,,"web"
"v2.5.4","680","0",,"Chrome Mobile","77","0","0",,"berlin","1571418772000","DE","cc1a5f1e-747d-420d-ae52-2b562d2e8801","Mozilla/5.0 (Linux; Android 9; SM-G973F) AppleWebKit/537.36 (KHTML, like Gecko) Chrome/77.0.3865.116 Mobile Safari/537.36",,,,"957fb99d-34ba-41b2-800f-fca3b877b9d7","1571356800000","Samsung SM-G973F","panoplay.duckdns.org",,,"0","50",,,"Festival of Lights - Demo","1571418000000","58f9ce17-14c0-4c02-9f0a-d45b584ce077","193.175.2.0","false","false","true","Verein zur Foerderung eines Deutschen Forschungsne","en-US","./livestream/master.m3u8","1571418720000","1569888000000",,"Android","9",,"228","1",,"0","0","videojs",,"50","html5","videojs-7.6.0",,"BE","869","412","0","WINDOW","0","setup","hls","1571418772000","fcd0cada-2ea1-470d-9678-f8a9bce11add","0","0","Horus Live","0","0","0","Horus Live","0","0","0","0",,,,,"web"
"v2.5.4","680","0","true","Chrome Mobile","77","0","0",,"berlin","1571418772000","DE","cc1a5f1e-747d-420d-ae52-2b562d2e8801","Mozilla/5.0 (Linux; Android 9; SM-G973F) AppleWebKit/537.36 (KHTML, like Gecko) Chrome/77.0.3865.116 Mobile Safari/537.36",,,,"957fb99d-34ba-41b2-800f-fca3b877b9d7","1571356800000","Samsung SM-G973F","panoplay.duckdns.org",,,"0","9",,,"Festival of Lights - Demo","1571418000000","58f9ce17-14c0-4c02-9f0a-d45b584ce077","193.175.2.0","false","false","true","Verein zur Foerderung eines Deutschen Forschungsne","en-US","./livestream/master.m3u8","1571418720000","1569888000000",,"Android","9",,"0","1",,"0","0","videojs",,"0","html5","videojs-7.6.0",,"BE","869","412","0","WINDOW","59","startup","hls","1571418772000","fcd0cada-2ea1-470d-9678-f8a9bce11add","0","0","Horus Live","0","0","9","Horus Live","0","0","0","0",,,,,"web"
"v2.5.4","680","0",,"Chrome Mobile","77","0","0",,"berlin","1571418772000","DE","7fd645b9-32b5-414a-a23c-b8e7e84b9e1f","Mozilla/5.0 (Linux; Android 9; SM-G973F) AppleWebKit/537.36 (KHTML, like Gecko) Chrome/77.0.3865.116 Mobile Safari/537.36",,,,"957fb99d-34ba-41b2-800f-fca3b877b9d7","1571356800000","Samsung SM-G973F","panoplay.duckdns.org",,,"0","0",,,"Festival of Lights - Demo","1571418000000","64db4915-8c74-464b-b338-fb114a4ce7d8","193.175.2.0","false","false","true","Verein zur Foerderung eines Deutschen Forschungsne","en-US","./livestream/master.m3u8","1571418720000","1569888000000",,"Android","9",,"0","1",,"0","0","videojs",,"0","html5","videojs-7.6.0",,"BE","869","412","0","WINDOW","0","error","hls","1571418772000","fcd0cada-2ea1-470d-9678-f8a9bce11add","0","0","Horus Live","0","0","0","Horus Live","0","0","0","0",,,,,"web"
"v2.5.4","680","0",,"Chrome Mobile","77","0","0",,"berlin","1571418782000","DE","cc1a5f1e-747d-420d-ae52-2b562d2e8801","Mozilla/5.0 (Linux; Android 9; SM-G973F) AppleWebKit/537.36 (KHTML, like Gecko) Chrome/77.0.3865.116 Mobile Safari/537.36",,,,"957fb99d-34ba-41b2-800f-fca3b877b9d7","1571356800000","Samsung SM-G973F","panoplay.duckdns.org",,,"0","0",,,"Festival of Lights - Demo","1571418000000","58f9ce17-14c0-4c02-9f0a-d45b584ce077","193.175.2.0","false","false","true","Verein zur Foerderung eines Deutschen Forschungsne","en-US","./livestream/master.m3u8","1571418780000","1569888000000",,"Android","9",,"0","1",,"0","0","videojs",,"0","html5","videojs-7.6.0",,"BE","869","412","0","WINDOW","0","error","hls","1571418782000","fcd0cada-2ea1-470d-9678-f8a9bce11add","0","0","Horus Live","0","0","0","Horus Live","0","0","0","0",,,,,"web"
"v2.5.4","680","0",,"Chrome Mobile","77","0","0",,"berlin","1571418782000","DE","873ab4fb-02ac-413e-90e7-883fd36d6266","Mozilla/5.0 (Linux; Android 9; SM-G973F) AppleWebKit/537.36 (KHTML, like Gecko) Chrome/77.0.3865.116 Mobile Safari/537.36",,,,"957fb99d-34ba-41b2-800f-fca3b877b9d7","1571356800000","Samsung SM-G973F","panoplay.duckdns.org",,,"0","42",,,"Festival of Lights - Demo","1571418000000","f03ae1a3-9dc0-457a-bd17-f9232bf4f7a4","193.175.2.0","false","false","true","Verein zur Foerderung eines Deutschen Forschungsne","en-US","./livestream/master.m3u8","1571418780000","1569888000000",,"Android","9",,"225","1",,"0","0","videojs",,"42","html5","videojs-7.6.0",,"BE","869","412","0","WINDOW","0","setup","hls","1571418782000","fcd0cada-2ea1-470d-9678-f8a9bce11add","0","0","Horus Live","0","0","0","Horus Live","0","0","0","0",,,,,"web"
"v2.5.4","680","0",,"Chrome Mobile","77","0","0",,"berlin","1571418782000","DE","873ab4fb-02ac-413e-90e7-883fd36d6266","Mozilla/5.0 (Linux; Android 9; SM-G973F) AppleWebKit/537.36 (KHTML, like Gecko) Chrome/77.0.3865.116 Mobile Safari/537.36",,,,"957fb99d-34ba-41b2-800f-fca3b877b9d7","1571356800000","Samsung SM-G973F","panoplay.duckdns.org",,,"0","0","3","The media playback was aborted due to a corruption problem or because the media used features your browser did not support.","Festival of Lights - Demo","1571418000000","f03ae1a3-9dc0-457a-bd17-f9232bf4f7a4","193.175.2.0","false","false","true","Verein zur Foerderung eines Deutschen Forschungsne","en-US","./livestream/master.m3u8","1571418780000","1569888000000",,"Android","9",,"0","1",,"0","0","videojs",,"0","html5","videojs-7.6.0",,"BE","869","412","0","WINDOW","0","error","hls","1571418782000","fcd0cada-2ea1-470d-9678-f8a9bce11add","0","0","Horus Live","0","0","0","Horus Live","0","0","0","0",,,,,"web"
"v2.5.4","680","0",,"Chrome Mobile","77","0","0",,"berlin","1571418797000","DE","873ab4fb-02ac-413e-90e7-883fd36d6266","Mozilla/5.0 (Linux; Android 9; SM-G973F) AppleWebKit/537.36 (KHTML, like Gecko) Chrome/77.0.3865.116 Mobile Safari/537.36",,,,"957fb99d-34ba-41b2-800f-fca3b877b9d7","1571356800000","Samsung SM-G973F","panoplay.duckdns.org",,,"0","0",,,"Festival of Lights - Demo","1571418000000","f03ae1a3-9dc0-457a-bd17-f9232bf4f7a4","193.175.2.0","false","false","true","Verein zur Foerderung eines Deutschen Forschungsne","en-US","./livestream/master.m3u8","1571418780000","1569888000000",,"Android","9",,"0","1",,"0","0","videojs",,"0","html5","videojs-7.6.0",,"BE","869","412","0","WINDOW","0","error","hls","1571418797000","fcd0cada-2ea1-470d-9678-f8a9bce11add","0","0","Horus Live","0","0","0","Horus Live","0","0","0","0",,,,,"web"
"v2.5.4","680","0",,"Chrome Mobile","77","0","0",,"berlin","1571418855000","DE","8b81298c-56db-45f4-9132-c1164b36c0de","Mozilla/5.0 (Linux; Android 9; SM-G973F) AppleWebKit/537.36 (KHTML, like Gecko) Chrome/77.0.3865.116 Mobile Safari/537.36",,,,"957fb99d-34ba-41b2-800f-fca3b877b9d7","1571356800000","Samsung SM-G973F","panoplay.duckdns.org",,,"0","0","3","The media playback was aborted due to a corruption problem or because the media used features your browser did not support.","Festival of Lights - Demo","1571418000000","23f1d591-8a9c-4827-a760-4dc9d5505327","193.175.2.0","false","false","true","Verein zur Foerderung eines Deutschen Forschungsne","en-US","./livestream/master.m3u8","1571418840000","1569888000000",,"Android","9",,"0","1",,"0","0","videojs",,"0","html5","videojs-7.6.0",,"BE","869","412","0","WINDOW","0","error","hls","1571418855000","fcd0cada-2ea1-470d-9678-f8a9bce11add","0","0","Horus Live","0","0","0","Horus Live","0","0","0","0",,,,,"web"
"v2.5.4","680","0","true","Chrome Mobile","77","0","0",,"berlin","1571418855000","DE","8b81298c-56db-45f4-9132-c1164b36c0de","Mozilla/5.0 (Linux; Android 9; SM-G973F) AppleWebKit/537.36 (KHTML, like Gecko) Chrome/77.0.3865.116 Mobile Safari/537.36",,,,"957fb99d-34ba-41b2-800f-fca3b877b9d7","1571356800000","Samsung SM-G973F","panoplay.duckdns.org",,,"0","9",,,"Festival of Lights - Demo","1571418000000","23f1d591-8a9c-4827-a760-4dc9d5505327","193.175.2.0","false","false","true","Verein zur Foerderung eines Deutschen Forschungsne","en-US","./livestream/master.m3u8","1571418840000","1569888000000",,"Android","9",,"0","1",,"0","0","videojs",,"0","html5","videojs-7.6.0",,"BE","869","412","0","WINDOW","53","startup","hls","1571418855000","fcd0cada-2ea1-470d-9678-f8a9bce11add","0","0","Horus Live","0","0","9","Horus Live","0","0","0","0",,,,,"web"
"v2.5.4","680","0",,"Chrome Mobile","77","0","0",,"berlin","1571418855000","DE","8b81298c-56db-45f4-9132-c1164b36c0de","Mozilla/5.0 (Linux; Android 9; SM-G973F) AppleWebKit/537.36 (KHTML, like Gecko) Chrome/77.0.3865.116 Mobile Safari/537.36",,,,"957fb99d-34ba-41b2-800f-fca3b877b9d7","1571356800000","Samsung SM-G973F","panoplay.duckdns.org",,,"0","44",,,"Festival of Lights - Demo","1571418000000","23f1d591-8a9c-4827-a760-4dc9d5505327","193.175.2.0","false","false","true","Verein zur Foerderung eines Deutschen Forschungsne","en-US","./livestream/master.m3u8","1571418840000","1569888000000",,"Android","9",,"223","1",,"0","0","videojs",,"44","html5","videojs-7.6.0",,"BE","869","412","0","WINDOW","0","setup","hls","1571418855000","fcd0cada-2ea1-470d-9678-f8a9bce11add","0","0","Horus Live","0","0","0","Horus Live","0","0","0","0",,,,,"web"
"v2.5.4","680","0",,"Mobile Safari","12","1","0",,"berlin","1571418881000","DE","23ee1611-2e13-42d1-ae05-7b342c1714e8","Mozilla/5.0 (iPhone; CPU iPhone OS 12_4_1 like Mac OS X) AppleWebKit/605.1.15 (KHTML, like Gecko) Version/12.1.2 Mobile/15E148 Safari/604.1",,,,"1ef1b7d8-2dfa-47d2-a5ee-48109b3298f9","1571356800000","iPhone","panoplay.duckdns.org",,,"0","0","3","The media playback was aborted due to a corruption problem or because the media used features your browser did not support.","Festival of Lights - Demo","1571418000000","d3b07303-9066-489f-a1fa-4878bbe03921","193.175.2.0","false","true","true","Verein zur Foerderung eines Deutschen Forschungsne","de-DE","./livestream/master.m3u8","1571418840000","1569888000000",,"iOS","12","4","0","1",,"0","0","videojs",,"0","html5","videojs-7.6.0",,"BE","568","320","0","WINDOW","0","error","hls","1571418881000","74a44c14-0c42-4a37-b53e-08d0b8f7544f","0",,"Horus Live","2816","2816","0","Horus Live","0","0","4007","4007",,,,,"web"
"v2.5.4","680","0",,"Mobile Safari","12","1","0",,"berlin","1571418881000","DE","23ee1611-2e13-42d1-ae05-7b342c1714e8","Mozilla/5.0 (iPhone; CPU iPhone OS 12_4_1 like Mac OS X) AppleWebKit/605.1.15 (KHTML, like Gecko) Version/12.1.2 Mobile/15E148 Safari/604.1",,,,"1ef1b7d8-2dfa-47d2-a5ee-48109b3298f9","1571356800000","iPhone","panoplay.duckdns.org",,,"0","177177",,,"Festival of Lights - Demo","1571418000000","d3b07303-9066-489f-a1fa-4878bbe03921","193.175.2.0","false","true","true","Verein zur Foerderung eines Deutschen Forschungsne","de-DE","./livestream/master.m3u8","1571418840000","1569888000000",,"iOS","12","4","0","1",,"177177","0","videojs",,"0","html5","videojs-7.6.0",,"BE","568","320","0","WINDOW","0","pause","hls","1571418881000","74a44c14-0c42-4a37-b53e-08d0b8f7544f","0",,"Horus Live","2816","2816","0","Horus Live","0","0","4007","4007",,,,,"web"
"v2.5.4","680","0",,"Firefox","69","0","0",,"berlin","1571418884000","DE","103ec226-bb23-4d82-9635-f56a2005f46b","Mozilla/5.0 (X11; Fedora; Linux x86_64; rv:69.0) Gecko/20100101 Firefox/69.0",,,,"61a7ece2-f35c-4bba-8691-a6e45d491609","1571356800000","Other","panoplay.duckdns.org",,,"0","60",,,"Festival of Lights - Demo","1571418000000","92e4b93f-f437-4634-97ca-321ff5ad81f0","193.175.2.0","false","false","true","Verein zur Foerderung eines Deutschen Forschungsne","en-US","./livestream/master.m3u8","1571418840000","1569888000000",,"Fedora",,,"1675","1",,"0","0","videojs",,"60","html5","videojs-7.6.0",,"BE","900","1600","0","WINDOW","0","setup","hls","1571418884000","88337f65-5e01-4ca6-848e-da9508359b10","0","0","Horus Live","0","0","0","Horus Live","0","0","0","0",,,,,"web"
"v2.5.4","680","0",,"Firefox","69","0","0",,"berlin","1571418884000","DE","103ec226-bb23-4d82-9635-f56a2005f46b","Mozilla/5.0 (X11; Fedora; Linux x86_64; rv:69.0) Gecko/20100101 Firefox/69.0",,,,"61a7ece2-f35c-4bba-8691-a6e45d491609","1571356800000","Other","panoplay.duckdns.org",,,"0","0",,,"Festival of Lights - Demo","1571418000000","92e4b93f-f437-4634-97ca-321ff5ad81f0","193.175.2.0","false","true","true","Verein zur Foerderung eines Deutschen Forschungsne","en-US","./livestream/master.m3u8","1571418840000","1569888000000",,"Fedora",,,"0","1",,"0","0","videojs",,"0","html5","videojs-7.6.0",,"BE","900","1600","0","WINDOW","0","qualitychange","hls","1571418884000","88337f65-5e01-4ca6-848e-da9508359b10","8000000",,"Horus Live","2816","2816","0","Horus Live","0","0","2002","2002",,,,,"web"
"v2.5.4","680","0",,"Firefox","69","0","0",,"berlin","1571418884000","DE","103ec226-bb23-4d82-9635-f56a2005f46b","Mozilla/5.0 (X11; Fedora; Linux x86_64; rv:69.0) Gecko/20100101 Firefox/69.0",,,,"61a7ece2-f35c-4bba-8691-a6e45d491609","1571356800000","Other","panoplay.duckdns.org",,,"0","2",,,"Festival of Lights - Demo","1571418000000","92e4b93f-f437-4634-97ca-321ff5ad81f0","193.175.2.0","false","true","true","Verein zur Foerderung eines Deutschen Forschungsne","en-US","./livestream/master.m3u8","1571418840000","1569888000000",,"Fedora",,,"0","1",,"0","2","videojs",,"0","html5","videojs-7.6.0",,"BE","900","1600","0","WINDOW","0","playing","hls","1571418884000","88337f65-5e01-4ca6-848e-da9508359b10","0",,"Horus Live","2816","2816","0","Horus Live","0","0","2002","2002",,,,,"web"
"v2.5.4","680","0","true","Firefox","69","0","0",,"berlin","1571418884000","DE","103ec226-bb23-4d82-9635-f56a2005f46b","Mozilla/5.0 (X11; Fedora; Linux x86_64; rv:69.0) Gecko/20100101 Firefox/69.0",,,,"61a7ece2-f35c-4bba-8691-a6e45d491609","1571356800000","Other","panoplay.duckdns.org",,,"0","425",,,"Festival of Lights - Demo","1571418000000","92e4b93f-f437-4634-97ca-321ff5ad81f0","193.175.2.0","false","true","true","Verein zur Foerderung eines Deutschen Forschungsne","en-US","./livestream/master.m3u8","1571418840000","1569888000000",,"Fedora",,,"0","1",,"0","0","videojs",,"0","html5","videojs-7.6.0",,"BE","900","1600","0","WINDOW","485","startup","hls","1571418884000","88337f65-5e01-4ca6-848e-da9508359b10","0",,"Horus Live","2816","2816","425","Horus Live","0","0","2002","0",,,,,"web"
"v2.5.4","680","0",,"Mobile Safari","12","1","0",,"berlin","1571418885000","DE","cb98e0e4-2ea8-48ea-b786-46b41f6c57bd","Mozilla/5.0 (iPhone; CPU iPhone OS 12_4_1 like Mac OS X) AppleWebKit/605.1.15 (KHTML, like Gecko) Version/12.1.2 Mobile/15E148 Safari/604.1",,,,"1ef1b7d8-2dfa-47d2-a5ee-48109b3298f9","1571356800000","iPhone","panoplay.duckdns.org",,,"0","191",,,"Festival of Lights - Demo","1571418000000","08762985-5600-4cf9-98ae-14ee704a8b87","193.175.2.0","false","false","true","Verein zur Foerderung eines Deutschen Forschungsne","de-DE","./livestream/master.m3u8","1571418840000","1569888000000",,"iOS","12","4","686","1",,"0","0","videojs",,"191","html5","videojs-7.6.0",,"BE","568","320","0","WINDOW","0","setup","hls","1571418885000","74a44c14-0c42-4a37-b53e-08d0b8f7544f","0","0","Horus Live","0","0","0","Horus Live","0","0","0","0",,,,,"web"
"v2.5.4","680","0",,"Mobile Safari","12","1","0",,"berlin","1571418896000","DE","cb98e0e4-2ea8-48ea-b786-46b41f6c57bd","Mozilla/5.0 (iPhone; CPU iPhone OS 12_4_1 like Mac OS X) AppleWebKit/605.1.15 (KHTML, like Gecko) Version/12.1.2 Mobile/15E148 Safari/604.1",,,,"1ef1b7d8-2dfa-47d2-a5ee-48109b3298f9","1571356800000","iPhone","panoplay.duckdns.org",,,"0","3541",,,"Festival of Lights - Demo","1571418000000","08762985-5600-4cf9-98ae-14ee704a8b87","193.175.2.0","false","true","true","Verein zur Foerderung eines Deutschen Forschungsne","de-DE","./livestream/master.m3u8","1571418840000","1569888000000",,"iOS","12","4","0","1",,"0","3541","videojs",,"0","html5","videojs-7.6.0",,"BE","568","320","0","FULLSCREEN","0","playing","hls","1571418896000","74a44c14-0c42-4a37-b53e-08d0b8f7544f","0",,"Horus Live","2816","2816","334","Horus Live","0","0","5873","2333",,,,,"web"
"v2.5.4","680","0",,"Mobile Safari","12","1","91",,"berlin","1571418896000","DE","cb98e0e4-2ea8-48ea-b786-46b41f6c57bd","Mozilla/5.0 (iPhone; CPU iPhone OS 12_4_1 like Mac OS X) AppleWebKit/605.1.15 (KHTML, like Gecko) Version/12.1.2 Mobile/15E148 Safari/604.1",,,,"1ef1b7d8-2dfa-47d2-a5ee-48109b3298f9","1571356800000","iPhone","panoplay.duckdns.org",,,"0","91",,,"Festival of Lights - Demo","1571418000000","08762985-5600-4cf9-98ae-14ee704a8b87","193.175.2.0","false","true","true","Verein zur Foerderung eines Deutschen Forschungsne","de-DE","./livestream/master.m3u8","1571418840000","1569888000000",,"iOS","12","4","0","1",,"0","0","videojs",,"0","html5","videojs-7.6.0",,"BE","568","320","0","FULLSCREEN","0","rebuffering","hls","1571418896000","74a44c14-0c42-4a37-b53e-08d0b8f7544f","0",,"Horus Live","2816","2816","0","Horus Live","0","0","5964","5873",,,,,"web"
"v2.5.4","680","0",,"Mobile Safari","12","1","0",,"berlin","1571418900000","DE","cb98e0e4-2ea8-48ea-b786-46b41f6c57bd","Mozilla/5.0 (iPhone; CPU iPhone OS 12_4_1 like Mac OS X) AppleWebKit/605.1.15 (KHTML, like Gecko) Version/12.1.2 Mobile/15E148 Safari/604.1",,,,"1ef1b7d8-2dfa-47d2-a5ee-48109b3298f9","1571356800000","iPhone","panoplay.duckdns.org",,,"0","4149",,,"Festival of Lights - Demo","1571418000000","08762985-5600-4cf9-98ae-14ee704a8b87","193.175.2.0","false","true","true","Verein zur Foerderung eines Deutschen Forschungsne","de-DE","./livestream/master.m3u8","1571418900000","1569888000000",,"iOS","12","4","0","1",,"0","4149","videojs",,"0","html5","videojs-7.6.0",,"BE","568","320","0","FULLSCREEN","0","playing","hls","1571418900000","74a44c14-0c42-4a37-b53e-08d0b8f7544f","0",,"Horus Live","2816","2816","0","Horus Live","0","0","10113","5964",,,,,"web"
"v2.5.4","680","0",,"Mobile Safari","12","1","202",,"berlin","1571418901000","DE","cb98e0e4-2ea8-48ea-b786-46b41f6c57bd","Mozilla/5.0 (iPhone; CPU iPhone OS 12_4_1 like Mac OS X) AppleWebKit/605.1.15 (KHTML, like Gecko) Version/12.1.2 Mobile/15E148 Safari/604.1",,,,"1ef1b7d8-2dfa-47d2-a5ee-48109b3298f9","1571356800000","iPhone","panoplay.duckdns.org",,,"0","202",,,"Festival of Lights - Demo","1571418000000","08762985-5600-4cf9-98ae-14ee704a8b87","193.175.2.0","false","true","true","Verein zur Foerderung eines Deutschen Forschungsne","de-DE","./livestream/master.m3u8","1571418900000","1569888000000",,"iOS","12","4","0","1",,"0","0","videojs",,"0","html5","videojs-7.6.0",,"BE","568","320","0","FULLSCREEN","0","rebuffering","hls","1571418901000","74a44c14-0c42-4a37-b53e-08d0b8f7544f","0",,"Horus Live","2816","2816","0","Horus Live","0","0","10315","10113",,,,,"web"
"v2.5.4","680","0",,"Mobile Safari","12","1","0",,"berlin","1571418905000","DE","cb98e0e4-2ea8-48ea-b786-46b41f6c57bd","Mozilla/5.0 (iPhone; CPU iPhone OS 12_4_1 like Mac OS X) AppleWebKit/605.1.15 (KHTML, like Gecko) Version/12.1.2 Mobile/15E148 Safari/604.1",,,,"1ef1b7d8-2dfa-47d2-a5ee-48109b3298f9","1571356800000","iPhone","panoplay.duckdns.org",,,"0","4092",,,"Festival of Lights - Demo","1571418000000","08762985-5600-4cf9-98ae-14ee704a8b87","193.175.2.0","false","true","true","Verein zur Foerderung eines Deutschen Forschungsne","de-DE","./livestream/master.m3u8","1571418900000","1569888000000",,"iOS","12","4","0","1",,"0","4092","videojs",,"0","html5","videojs-7.6.0",,"BE","568","320","0","FULLSCREEN","0","playing","hls","1571418905000","74a44c14-0c42-4a37-b53e-08d0b8f7544f","0",,"Horus Live","2816","2816","0","Horus Live","0","0","14406","10315",,,,,"web"
"v2.5.4","680","0",,"Mobile Safari","12","1","69",,"berlin","1571418905000","DE","cb98e0e4-2ea8-48ea-b786-46b41f6c57bd","Mozilla/5.0 (iPhone; CPU iPhone OS 12_4_1 like Mac OS X) AppleWebKit/605.1.15 (KHTML, like Gecko) Version/12.1.2 Mobile/15E148 Safari/604.1",,,,"1ef1b7d8-2dfa-47d2-a5ee-48109b3298f9","1571356800000","iPhone","panoplay.duckdns.org",,,"0","69",,,"Festival of Lights - Demo","1571418000000","08762985-5600-4cf9-98ae-14ee704a8b87","193.175.2.0","false","true","true","Verein zur Foerderung eines Deutschen Forschungsne","de-DE","./livestream/master.m3u8","1571418900000","1569888000000",,"iOS","12","4","0","1",,"0","0","videojs",,"0","html5","videojs-7.6.0",,"BE","568","320","0","FULLSCREEN","0","rebuffering","hls","1571418905000","74a44c14-0c42-4a37-b53e-08d0b8f7544f","0",,"Horus Live","2816","2816","0","Horus Live","0","0","14476","14406",,,,,"web"
"v2.5.4","680","0",,"Firefox","69","0","324",,"berlin","1571418906000","DE","103ec226-bb23-4d82-9635-f56a2005f46b","Mozilla/5.0 (X11; Fedora; Linux x86_64; rv:69.0) Gecko/20100101 Firefox/69.0",,,,"61a7ece2-f35c-4bba-8691-a6e45d491609","1571356800000","Other","panoplay.duckdns.org",,,"0","324",,,"Festival of Lights - Demo","1571418000000","92e4b93f-f437-4634-97ca-321ff5ad81f0","193.175.2.0","false","true","true","Verein zur Foerderung eines Deutschen Forschungsne","en-US","./livestream/master.m3u8","1571418900000","1569888000000",,"Fedora",,,"0","1",,"0","0","videojs",,"0","html5","videojs-7.6.0",,"BE","900","1600","0","WINDOW","0","rebuffering","hls","1571418906000","88337f65-5e01-4ca6-848e-da9508359b10","8000000",,"Horus Live","2816","2816","0","Horus Live","0","0","24042","23961",,,,,"web"
"v2.5.4","680","0",,"Firefox","69","0","0",,"berlin","1571418906000","DE","103ec226-bb23-4d82-9635-f56a2005f46b","Mozilla/5.0 (X11; Fedora; Linux x86_64; rv:69.0) Gecko/20100101 Firefox/69.0",,,,"61a7ece2-f35c-4bba-8691-a6e45d491609","1571356800000","Other","panoplay.duckdns.org",,,"0","22077",,,"Festival of Lights - Demo","1571418000000","92e4b93f-f437-4634-97ca-321ff5ad81f0","193.175.2.0","false","true","true","Verein zur Foerderung eines Deutschen Forschungsne","en-US","./livestream/master.m3u8","1571418900000","1569888000000",,"Fedora",,,"0","1",,"0","22077","videojs",,"0","html5","videojs-7.6.0",,"BE","900","1600","0","WINDOW","0","playing","hls","1571418906000","88337f65-5e01-4ca6-848e-da9508359b10","8000000",,"Horus Live","2816","2816","0","Horus Live","0","0","23961","2002",,,,,"web"
"v2.5.4","680","0",,"Firefox","69","0","0",,"berlin","1571418910000","DE","103ec226-bb23-4d82-9635-f56a2005f46b","Mozilla/5.0 (X11; Fedora; Linux x86_64; rv:69.0) Gecko/20100101 Firefox/69.0",,,,"61a7ece2-f35c-4bba-8691-a6e45d491609","1571356800000","Other","panoplay.duckdns.org",,,"0","3583",,,"Festival of Lights - Demo","1571418000000","92e4b93f-f437-4634-97ca-321ff5ad81f0","193.175.2.0","false","true","true","Verein zur Foerderung eines Deutschen Forschungsne","en-US","./livestream/master.m3u8","1571418900000","1569888000000",,"Fedora",,,"0","1",,"0","3583","videojs",,"0","html5","videojs-7.6.0",,"BE","900","1600","0","WINDOW","0","playing","hls","1571418910000","88337f65-5e01-4ca6-848e-da9508359b10","8000000",,"Horus Live","2816","2816","0","Horus Live","0","0","27632","24042",,,,,"web"
"v2.5.4","680","0",,"Firefox","69","0","0",,"berlin","1571418910000","DE","103ec226-bb23-4d82-9635-f56a2005f46b","Mozilla/5.0 (X11; Fedora; Linux x86_64; rv:69.0) Gecko/20100101 Firefox/69.0",,,,"61a7ece2-f35c-4bba-8691-a6e45d491609","1571356800000","Other","panoplay.duckdns.org",,,"0","0",,,"Festival of Lights - Demo","1571418000000","92e4b93f-f437-4634-97ca-321ff5ad81f0","193.175.2.0","false","true","true","Verein zur Foerderung eines Deutschen Forschungsne","en-US","./livestream/master.m3u8","1571418900000","1569888000000",,"Fedora",,,"0","1",,"0","0","videojs",,"0","html5","videojs-7.6.0",,"BE","900","1600","0","WINDOW","0","qualitychange","hls","1571418910000","88337f65-5e01-4ca6-848e-da9508359b10","6000000",,"Horus Live","2816","2816","0","Horus Live","0","0","27632","27632",,,,,"web"
"v2.5.4","680","0",,"Firefox","69","0","0",,"berlin","1571418912000","DE","103ec226-bb23-4d82-9635-f56a2005f46b","Mozilla/5.0 (X11; Fedora; Linux x86_64; rv:69.0) Gecko/20100101 Firefox/69.0",,,,"61a7ece2-f35c-4bba-8691-a6e45d491609","1571356800000","Other","panoplay.duckdns.org",,,"0","2394",,,"Festival of Lights - Demo","1571418000000","92e4b93f-f437-4634-97ca-321ff5ad81f0","193.175.2.0","false","true","true","Verein zur Foerderung eines Deutschen Forschungsne","en-US","./livestream/master.m3u8","1571418900000","1569888000000",,"Fedora",,,"0","1",,"0","2394","videojs",,"0","html5","videojs-7.6.0",,"BE","900","1600","0","WINDOW","0","playing","hls","1571418912000","88337f65-5e01-4ca6-848e-da9508359b10","6000000",,"Horus Live","2816","2816","0","Horus Live","0","0","29983","27632",,,,,"web"
"v2.5.4","680","0",,"Mobile Safari","12","1","0",,"berlin","1571418913000","DE","cb98e0e4-2ea8-48ea-b786-46b41f6c57bd","Mozilla/5.0 (iPhone; CPU iPhone OS 12_4_1 like Mac OS X) AppleWebKit/605.1.15 (KHTML, like Gecko) Version/12.1.2 Mobile/15E148 Safari/604.1",,,,"1ef1b7d8-2dfa-47d2-a5ee-48109b3298f9","1571356800000","iPhone","panoplay.duckdns.org",,,"0","8177",,,"Festival of Lights - Demo","1571418000000","08762985-5600-4cf9-98ae-14ee704a8b87","193.175.2.0","false","true","true","Verein zur Foerderung eines Deutschen Forschungsne","de-DE","./livestream/master.m3u8","1571418900000","1569888000000",,"iOS","12","4","0","1",,"0","8177","videojs",,"0","html5","videojs-7.6.0",,"BE","568","320","0","FULLSCREEN","0","playing","hls","1571418913000","74a44c14-0c42-4a37-b53e-08d0b8f7544f","0",,"Horus Live","2816","2816","0","Horus Live","0","0","22653","14476",,,,,"web"
"v2.5.4","680","0",,"Mobile Safari","12","1","119",,"berlin","1571418913000","DE","cb98e0e4-2ea8-48ea-b786-46b41f6c57bd","Mozilla/5.0 (iPhone; CPU iPhone OS 12_4_1 like Mac OS X) AppleWebKit/605.1.15 (KHTML, like Gecko) Version/12.1.2 Mobile/15E148 Safari/604.1",,,,"1ef1b7d8-2dfa-47d2-a5ee-48109b3298f9","1571356800000","iPhone","panoplay.duckdns.org",,,"0","119",,,"Festival of Lights - Demo","1571418000000","08762985-5600-4cf9-98ae-14ee704a8b87","193.175.2.0","false","true","true","Verein zur Foerderung eines Deutschen Forschungsne","de-DE","./livestream/master.m3u8","1571418900000","1569888000000",,"iOS","12","4","0","1",,"0","0","videojs",,"0","html5","videojs-7.6.0",,"BE","568","320","0","FULLSCREEN","0","rebuffering","hls","1571418913000","74a44c14-0c42-4a37-b53e-08d0b8f7544f","0",,"Horus Live","2816","2816","0","Horus Live","0","0","22772","22653",,,,,"web"
"v2.5.4","680","0",,"Firefox","69","0","830",,"berlin","1571418913000","DE","103ec226-bb23-4d82-9635-f56a2005f46b","Mozilla/5.0 (X11; Fedora; Linux x86_64; rv:69.0) Gecko/20100101 Firefox/69.0",,,,"61a7ece2-f35c-4bba-8691-a6e45d491609","1571356800000","Other","panoplay.duckdns.org",,,"0","830",,,"Festival of Lights - Demo","1571418000000","92e4b93f-f437-4634-97ca-321ff5ad81f0","193.175.2.0","false","true","true","Verein zur Foerderung eines Deutschen Forschungsne","en-US","./livestream/master.m3u8","1571418900000","1569888000000",,"Fedora",,,"0","1",,"0","0","videojs",,"0","html5","videojs-7.6.0",,"BE","900","1600","0","WINDOW","0","rebuffering","hls","1571418913000","88337f65-5e01-4ca6-848e-da9508359b10","6000000",,"Horus Live","2816","2816","0","Horus Live","0","0","30023","29983",,,,,"web"
"v2.5.4","680","0",,"Firefox","69","0","0",,"berlin","1571418913000","DE","103ec226-bb23-4d82-9635-f56a2005f46b","Mozilla/5.0 (X11; Fedora; Linux x86_64; rv:69.0) Gecko/20100101 Firefox/69.0",,,,"61a7ece2-f35c-4bba-8691-a6e45d491609","1571356800000","Other","panoplay.duckdns.org",,,"0","0",,,"Festival of Lights - Demo","1571418000000","92e4b93f-f437-4634-97ca-321ff5ad81f0","193.175.2.0","false","true","true","Verein zur Foerderung eines Deutschen Forschungsne","en-US","./livestream/master.m3u8","1571418900000","1569888000000",,"Fedora",,,"0","1",,"0","0","videojs",,"0","html5","videojs-7.6.0",,"BE","900","1600","0","WINDOW","0","qualitychange","hls","1571418913000","88337f65-5e01-4ca6-848e-da9508359b10","8000000",,"Horus Live","2816","2816","0","Horus Live","0","0","30023","30023",,,,,"web"
"v2.5.4","680","0",,"Firefox","69","0","0",,"berlin","1571418913000","DE","103ec226-bb23-4d82-9635-f56a2005f46b","Mozilla/5.0 (X11; Fedora; Linux x86_64; rv:69.0) Gecko/20100101 Firefox/69.0",,,,"61a7ece2-f35c-4bba-8691-a6e45d491609","1571356800000","Other","panoplay.duckdns.org",,,"0","2",,,"Festival of Lights - Demo","1571418000000","92e4b93f-f437-4634-97ca-321ff5ad81f0","193.175.2.0","false","true","true","Verein zur Foerderung eines Deutschen Forschungsne","en-US","./livestream/master.m3u8","1571418900000","1569888000000",,"Fedora",,,"0","1",,"0","2","videojs",,"0","html5","videojs-7.6.0",,"BE","900","1600","0","WINDOW","0","playing","hls","1571418913000","88337f65-5e01-4ca6-848e-da9508359b10","6000000",,"Horus Live","2816","2816","0","Horus Live","0","0","30023","30023",,,,,"web"
"v2.5.4","680","0",,"Mobile Safari","12","1","16",,"berlin","1571418917000","DE","cb98e0e4-2ea8-48ea-b786-46b41f6c57bd","Mozilla/5.0 (iPhone; CPU iPhone OS 12_4_1 like Mac OS X) AppleWebKit/605.1.15 (KHTML, like Gecko) Version/12.1.2 Mobile/15E148 Safari/604.1",,,,"1ef1b7d8-2dfa-47d2-a5ee-48109b3298f9","1571356800000","iPhone","panoplay.duckdns.org",,,"0","16",,,"Festival of Lights - Demo","1571418000000","08762985-5600-4cf9-98ae-14ee704a8b87","193.175.2.0","false","true","true","Verein zur Foerderung eines Deutschen Forschungsne","de-DE","./livestream/master.m3u8","1571418900000","1569888000000",,"iOS","12","4","0","1",,"0","0","videojs",,"0","html5","videojs-7.6.0",,"BE","568","320","0","FULLSCREEN","0","rebuffering","hls","1571418917000","74a44c14-0c42-4a37-b53e-08d0b8f7544f","0",,"Horus Live","2816","2816","0","Horus Live","0","0","26604","26588",,,,,"web"
"v2.5.4","680","0",,"Mobile Safari","12","1","0",,"berlin","1571418917000","DE","cb98e0e4-2ea8-48ea-b786-46b41f6c57bd","Mozilla/5.0 (iPhone; CPU iPhone OS 12_4_1 like Mac OS X) AppleWebKit/605.1.15 (KHTML, like Gecko) Version/12.1.2 Mobile/15E148 Safari/604.1",,,,"1ef1b7d8-2dfa-47d2-a5ee-48109b3298f9","1571356800000","iPhone","panoplay.duckdns.org",,,"0","3816",,,"Festival of Lights - Demo","1571418000000","08762985-5600-4cf9-98ae-14ee704a8b87","193.175.2.0","false","true","true","Verein zur Foerderung eines Deutschen Forschungsne","de-DE","./livestream/master.m3u8","1571418900000","1569888000000",,"iOS","12","4","0","1",,"0","3816","videojs",,"0","html5","videojs-7.6.0",,"BE","568","320","0","FULLSCREEN","0","playing","hls","1571418917000","74a44c14-0c42-4a37-b53e-08d0b8f7544f","0",,"Horus Live","2816","2816","0","Horus Live","0","0","26588","22772",,,,,"web"
"v2.5.4","680","0",,"Firefox","69","0","0",,"berlin","1571418919000","DE","103ec226-bb23-4d82-9635-f56a2005f46b","Mozilla/5.0 (X11; Fedora; Linux x86_64; rv:69.0) Gecko/20100101 Firefox/69.0",,,,"61a7ece2-f35c-4bba-8691-a6e45d491609","1571356800000","Other","panoplay.duckdns.org",,,"0","6004",,,"Festival of Lights - Demo","1571418000000","92e4b93f-f437-4634-97ca-321ff5ad81f0","193.175.2.0","false","true","true","Verein zur Foerderung eines Deutschen Forschungsne","en-US","./livestream/master.m3u8","1571418900000","1569888000000",,"Fedora",,,"0","1",,"0","6004","videojs",,"0","html5","videojs-7.6.0",,"BE","900","1600","0","WINDOW","0","playing","hls","1571418919000","88337f65-5e01-4ca6-848e-da9508359b10","8000000",,"Horus Live","2816","2816","0","Horus Live","0","0","35999","30023",,,,,"web"
"v2.5.4","680","0",,"Mobile Safari","12","1","0",,"berlin","1571418920000","DE","cb98e0e4-2ea8-48ea-b786-46b41f6c57bd","Mozilla/5.0 (iPhone; CPU iPhone OS 12_4_1 like Mac OS X) AppleWebKit/605.1.15 (KHTML, like Gecko) Version/12.1.2 Mobile/15E148 Safari/604.1",,,,"1ef1b7d8-2dfa-47d2-a5ee-48109b3298f9","1571356800000","iPhone","panoplay.duckdns.org",,,"0","2660",,,"Festival of Lights - Demo","1571418000000","08762985-5600-4cf9-98ae-14ee704a8b87","193.175.2.0","false","true","true","Verein zur Foerderung eines Deutschen Forschungsne","de-DE","./livestream/master.m3u8","1571418900000","1569888000000",,"iOS","12","4","0","1",,"0","2660","videojs",,"0","html5","videojs-7.6.0",,"BE","568","320","0","FULLSCREEN","0","playing","hls","1571418920000","74a44c14-0c42-4a37-b53e-08d0b8f7544f","0",,"Horus Live","2816","2816","0","Horus Live","0","0","30033","26604",,,,,"web"
"v2.5.4","680","0",,"Mobile Safari","12","1","723",,"berlin","1571418920000","DE","cb98e0e4-2ea8-48ea-b786-46b41f6c57bd","Mozilla/5.0 (iPhone; CPU iPhone OS 12_4_1 like Mac OS X) AppleWebKit/605.1.15 (KHTML, like Gecko) Version/12.1.2 Mobile/15E148 Safari/604.1",,,,"1ef1b7d8-2dfa-47d2-a5ee-48109b3298f9","1571356800000","iPhone","panoplay.duckdns.org",,,"0","723",,,"Festival of Lights - Demo","1571418000000","08762985-5600-4cf9-98ae-14ee704a8b87","193.175.2.0","false","true","true","Verein zur Foerderung eines Deutschen Forschungsne","de-DE","./livestream/master.m3u8","1571418900000","1569888000000",,"iOS","12","4","0","1",,"0","0","videojs",,"0","html5","videojs-7.6.0",,"BE","568","320","0","FULLSCREEN","0","rebuffering","hls","1571418920000","74a44c14-0c42-4a37-b53e-08d0b8f7544f","0",,"Horus Live","2816","2816","0","Horus Live","0","0","30226","30033",,,,,"web"
"v2.5.4","680","0",,"Mobile Safari","12","1","0",,"berlin","1571418921000","DE","cb98e0e4-2ea8-48ea-b786-46b41f6c57bd","Mozilla/5.0 (iPhone; CPU iPhone OS 12_4_1 like Mac OS X) AppleWebKit/605.1.15 (KHTML, like Gecko) Version/12.1.2 Mobile/15E148 Safari/604.1",,,,"1ef1b7d8-2dfa-47d2-a5ee-48109b3298f9","1571356800000","iPhone","panoplay.duckdns.org",,,"0","385",,,"Festival of Lights - Demo","1571418000000","08762985-5600-4cf9-98ae-14ee704a8b87","193.175.2.0","false","true","true","Verein zur Foerderung eines Deutschen Forschungsne","de-DE","./livestream/master.m3u8","1571418900000","1569888000000",,"iOS","12","4","0","1",,"0","385","videojs",,"0","html5","videojs-7.6.0",,"BE","568","320","0","FULLSCREEN","0","playing","hls","1571418921000","74a44c14-0c42-4a37-b53e-08d0b8f7544f","0",,"Horus Live","2816","2816","0","Horus Live","0","0","30611","30226",,,,,"web"
"v2.5.4","680","0",,"Mobile Safari","12","1","15",,"berlin","1571418921000","DE","cb98e0e4-2ea8-48ea-b786-46b41f6c57bd","Mozilla/5.0 (iPhone; CPU iPhone OS 12_4_1 like Mac OS X) AppleWebKit/605.1.15 (KHTML, like Gecko) Version/12.1.2 Mobile/15E148 Safari/604.1",,,,"1ef1b7d8-2dfa-47d2-a5ee-48109b3298f9","1571356800000","iPhone","panoplay.duckdns.org",,,"0","15",,,"Festival of Lights - Demo","1571418000000","08762985-5600-4cf9-98ae-14ee704a8b87","193.175.2.0","false","true","true","Verein zur Foerderung eines Deutschen Forschungsne","de-DE","./livestream/master.m3u8","1571418900000","1569888000000",,"iOS","12","4","0","1",,"0","0","videojs",,"0","html5","videojs-7.6.0",,"BE","568","320","0","FULLSCREEN","0","rebuffering","hls","1571418921000","74a44c14-0c42-4a37-b53e-08d0b8f7544f","0",,"Horus Live","2816","2816","0","Horus Live","0","0","30626","30611",,,,,"web"
"v2.5.4","680","0",,"Firefox","69","0","2604",,"berlin","1571418922000","DE","103ec226-bb23-4d82-9635-f56a2005f46b","Mozilla/5.0 (X11; Fedora; Linux x86_64; rv:69.0) Gecko/20100101 Firefox/69.0",,,,"61a7ece2-f35c-4bba-8691-a6e45d491609","1571356800000","Other","panoplay.duckdns.org",,,"0","2604",,,"Festival of Lights - Demo","1571418000000","92e4b93f-f437-4634-97ca-321ff5ad81f0","193.175.2.0","false","true","true","Verein zur Foerderung eines Deutschen Forschungsne","en-US","./livestream/master.m3u8","1571418900000","1569888000000",,"Fedora",,,"0","1",,"0","0","videojs",,"0","html5","videojs-7.6.0",,"BE","900","1600","0","WINDOW","0","rebuffering","hls","1571418922000","88337f65-5e01-4ca6-848e-da9508359b10","8000000",,"Horus Live","2816","2816","0","Horus Live","0","0","36000","35999",,,,,"web"
"v2.5.4","680","0",,"Firefox","69","0","0",,"berlin","1571418922000","DE","103ec226-bb23-4d82-9635-f56a2005f46b","Mozilla/5.0 (X11; Fedora; Linux x86_64; rv:69.0) Gecko/20100101 Firefox/69.0",,,,"61a7ece2-f35c-4bba-8691-a6e45d491609","1571356800000","Other","panoplay.duckdns.org",,,"0","0",,,"Festival of Lights - Demo","1571418000000","92e4b93f-f437-4634-97ca-321ff5ad81f0","193.175.2.0","false","true","true","Verein zur Foerderung eines Deutschen Forschungsne","en-US","./livestream/master.m3u8","1571418900000","1569888000000",,"Fedora",,,"0","1",,"0","0","videojs",,"0","html5","videojs-7.6.0",,"BE","900","1600","0","WINDOW","0","qualitychange","hls","1571418922000","88337f65-5e01-4ca6-848e-da9508359b10","6000000",,"Horus Live","2816","2816","0","Horus Live","0","0","36000","36000",,,,,"web"
"v2.5.4","680","0",,"Firefox","69","0","0",,"berlin","1571418922000","DE","103ec226-bb23-4d82-9635-f56a2005f46b","Mozilla/5.0 (X11; Fedora; Linux x86_64; rv:69.0) Gecko/20100101 Firefox/69.0",,,,"61a7ece2-f35c-4bba-8691-a6e45d491609","1571356800000","Other","panoplay.duckdns.org",,,"0","2",,,"Festival of Lights - Demo","1571418000000","92e4b93f-f437-4634-97ca-321ff5ad81f0","193.175.2.0","false","true","true","Verein zur Foerderung eines Deutschen Forschungsne","en-US","./livestream/master.m3u8","1571418900000","1569888000000",,"Fedora",,,"0","1",,"0","2","videojs",,"0","html5","videojs-7.6.0",,"BE","900","1600","0","WINDOW","0","playing","hls","1571418922000","88337f65-5e01-4ca6-848e-da9508359b10","8000000",,"Horus Live","2816","2816","0","Horus Live","0","0","36000","36000",,,,,"web"
"v2.5.4","680","0",,"Firefox","69","0","0",,"berlin","1571418923000","DE","103ec226-bb23-4d82-9635-f56a2005f46b","Mozilla/5.0 (X11; Fedora; Linux x86_64; rv:69.0) Gecko/20100101 Firefox/69.0",,,,"61a7ece2-f35c-4bba-8691-a6e45d491609","1571356800000","Other","panoplay.duckdns.org",,,"0","1439",,,"Festival of Lights - Demo","1571418000000","92e4b93f-f437-4634-97ca-321ff5ad81f0","193.175.2.0","false","true","true","Verein zur Foerderung eines Deutschen Forschungsne","en-US","./livestream/master.m3u8","1571418900000","1569888000000",,"Fedora",,,"0","1",,"0","1439","videojs",,"0","html5","videojs-7.6.0",,"BE","900","1600","0","WINDOW","0","playing","hls","1571418923000","88337f65-5e01-4ca6-848e-da9508359b10","6000000",,"Horus Live","2816","2816","0","Horus Live","0","0","37454","36000",,,,,"web"
"v2.5.4","680","0",,"Mobile Safari","12","1","0",,"berlin","1571418927000","DE","cb98e0e4-2ea8-48ea-b786-46b41f6c57bd","Mozilla/5.0 (iPhone; CPU iPhone OS 12_4_1 like Mac OS X) AppleWebKit/605.1.15 (KHTML, like Gecko) Version/12.1.2 Mobile/15E148 Safari/604.1",,,,"1ef1b7d8-2dfa-47d2-a5ee-48109b3298f9","1571356800000","iPhone","panoplay.duckdns.org",,,"0","6069",,,"Festival of Lights - Demo","1571418000000","08762985-5600-4cf9-98ae-14ee704a8b87","193.175.2.0","false","true","true","Verein zur Foerderung eines Deutschen Forschungsne","de-DE","./livestream/master.m3u8","1571418900000","1569888000000",,"iOS","12","4","0","1",,"0","6069","videojs",,"0","html5","videojs-7.6.0",,"BE","568","320","0","FULLSCREEN","0","playing","hls","1571418927000","74a44c14-0c42-4a37-b53e-08d0b8f7544f","0",,"Horus Live","2816","2816","0","Horus Live","0","0","36695","30626",,,,,"web"
"v2.5.4","680","0",,"Mobile Safari","12","1","137",,"berlin","1571418927000","DE","cb98e0e4-2ea8-48ea-b786-46b41f6c57bd","Mozilla/5.0 (iPhone; CPU iPhone OS 12_4_1 like Mac OS X) AppleWebKit/605.1.15 (KHTML, like Gecko) Version/12.1.2 Mobile/15E148 Safari/604.1",,,,"1ef1b7d8-2dfa-47d2-a5ee-48109b3298f9","1571356800000","iPhone","panoplay.duckdns.org",,,"0","137",,,"Festival of Lights - Demo","1571418000000","08762985-5600-4cf9-98ae-14ee704a8b87","193.175.2.0","false","true","true","Verein zur Foerderung eines Deutschen Forschungsne","de-DE","./livestream/master.m3u8","1571418900000","1569888000000",,"iOS","12","4","0","1",,"0","0","videojs",,"0","html5","videojs-7.6.0",,"BE","568","320","0","FULLSCREEN","0","rebuffering","hls","1571418927000","74a44c14-0c42-4a37-b53e-08d0b8f7544f","0",,"Horus Live","2816","2816","0","Horus Live","0","0","36832","36695",,,,,"web"
"v2.5.4","680","0",,"Mobile Safari","12","1","0",,"berlin","1571418931000","DE","cb98e0e4-2ea8-48ea-b786-46b41f6c57bd","Mozilla/5.0 (iPhone; CPU iPhone OS 12_4_1 like Mac OS X) AppleWebKit/605.1.15 (KHTML, like Gecko) Version/12.1.2 Mobile/15E148 Safari/604.1",,,,"1ef1b7d8-2dfa-47d2-a5ee-48109b3298f9","1571356800000","iPhone","panoplay.duckdns.org",,,"0","4162",,,"Festival of Lights - Demo","1571418000000","08762985-5600-4cf9-98ae-14ee704a8b87","193.175.2.0","false","true","true","Verein zur Foerderung eines Deutschen Forschungsne","de-DE","./livestream/master.m3u8","1571418900000","1569888000000",,"iOS","12","4","0","1",,"0","4162","videojs",,"0","html5","videojs-7.6.0",,"BE","568","320","0","FULLSCREEN","0","playing","hls","1571418931000","74a44c14-0c42-4a37-b53e-08d0b8f7544f","0",,"Horus Live","2816","2816","0","Horus Live","0","0","40995","36832",,,,,"web"
"v2.5.4","680","0",,"Mobile Safari","12","1","217",,"berlin","1571418931000","DE","cb98e0e4-2ea8-48ea-b786-46b41f6c57bd","Mozilla/5.0 (iPhone; CPU iPhone OS 12_4_1 like Mac OS X) AppleWebKit/605.1.15 (KHTML, like Gecko) Version/12.1.2 Mobile/15E148 Safari/604.1",,,,"1ef1b7d8-2dfa-47d2-a5ee-48109b3298f9","1571356800000","iPhone","panoplay.duckdns.org",,,"0","217",,,"Festival of Lights - Demo","1571418000000","08762985-5600-4cf9-98ae-14ee704a8b87","193.175.2.0","false","true","true","Verein zur Foerderung eines Deutschen Forschungsne","de-DE","./livestream/master.m3u8","1571418900000","1569888000000",,"iOS","12","4","0","1",,"0","0","videojs",,"0","html5","videojs-7.6.0",,"BE","568","320","0","FULLSCREEN","0","rebuffering","hls","1571418931000","74a44c14-0c42-4a37-b53e-08d0b8f7544f","0",,"Horus Live","2816","2816","0","Horus Live","0","0","41211","40995",,,,,"web"
"v2.5.4","680","0",,"Firefox","69","0","185",,"berlin","1571418934000","DE","103ec226-bb23-4d82-9635-f56a2005f46b","Mozilla/5.0 (X11; Fedora; Linux x86_64; rv:69.0) Gecko/20100101 Firefox/69.0",,,,"61a7ece2-f35c-4bba-8691-a6e45d491609","1571356800000","Other","panoplay.duckdns.org",,,"0","185",,,"Festival of Lights - Demo","1571418000000","92e4b93f-f437-4634-97ca-321ff5ad81f0","193.175.2.0","false","true","true","Verein zur Foerderung eines Deutschen Forschungsne","en-US","./livestream/master.m3u8","1571418900000","1569888000000",,"Fedora",,,"0","1",,"0","0","videojs",,"0","html5","videojs-7.6.0",,"BE","900","1600","0","WINDOW","0","rebuffering","hls","1571418934000","88337f65-5e01-4ca6-848e-da9508359b10","6000000",,"Horus Live","2816","2816","0","Horus Live","0","0","44011","44011",,,,,"web"
"v2.5.4","680","0",,"Firefox","69","0","0",,"berlin","1571418934000","DE","103ec226-bb23-4d82-9635-f56a2005f46b","Mozilla/5.0 (X11; Fedora; Linux x86_64; rv:69.0) Gecko/20100101 Firefox/69.0",,,,"61a7ece2-f35c-4bba-8691-a6e45d491609","1571356800000","Other","panoplay.duckdns.org",,,"0","10549",,,"Festival of Lights - Demo","1571418000000","92e4b93f-f437-4634-97ca-321ff5ad81f0","193.175.2.0","false","true","true","Verein zur Foerderung eines Deutschen Forschungsne","en-US","./livestream/master.m3u8","1571418900000","1569888000000",,"Fedora",,,"0","1",,"10549","0","videojs",,"0","html5","videojs-7.6.0",,"BE","900","1600","0","WINDOW","0","pause","hls","1571418934000","88337f65-5e01-4ca6-848e-da9508359b10","6000000",,"Horus Live","2816","2816","0","Horus Live","0","0","44011","37454",,,,,"web"
"v2.5.4","680","0",,"Firefox","69","0","0",,"berlin","1571418934000","DE","103ec226-bb23-4d82-9635-f56a2005f46b","Mozilla/5.0 (X11; Fedora; Linux x86_64; rv:69.0) Gecko/20100101 Firefox/69.0",,,,"61a7ece2-f35c-4bba-8691-a6e45d491609","1571356800000","Other","panoplay.duckdns.org",,,"0","1",,,"Festival of Lights - Demo","1571418000000","92e4b93f-f437-4634-97ca-321ff5ad81f0","193.175.2.0","false","true","true","Verein zur Foerderung eines Deutschen Forschungsne","en-US","./livestream/master.m3u8","1571418900000","1569888000000",,"Fedora",,,"0","1",,"0","1","videojs",,"0","html5","videojs-7.6.0",,"BE","900","1600","0","WINDOW","0","playing","hls","1571418934000","88337f65-5e01-4ca6-848e-da9508359b10","6000000",,"Horus Live","2816","2816","0","Horus Live","0","0","44011","44011",,,,,"web"
"v2.5.4","680","0",,"Mobile Safari","12","1","169",,"berlin","1571418937000","DE","cb98e0e4-2ea8-48ea-b786-46b41f6c57bd","Mozilla/5.0 (iPhone; CPU iPhone OS 12_4_1 like Mac OS X) AppleWebKit/605.1.15 (KHTML, like Gecko) Version/12.1.2 Mobile/15E148 Safari/604.1",,,,"1ef1b7d8-2dfa-47d2-a5ee-48109b3298f9","1571356800000","iPhone","panoplay.duckdns.org",,,"0","169",,,"Festival of Lights - Demo","1571418000000","08762985-5600-4cf9-98ae-14ee704a8b87","193.175.2.0","false","true","true","Verein zur Foerderung eines Deutschen Forschungsne","de-DE","./livestream/master.m3u8","1571418900000","1569888000000",,"iOS","12","4","0","1",,"0","0","videojs",,"0","html5","videojs-7.6.0",,"BE","568","320","0","FULLSCREEN","0","rebuffering","hls","1571418937000","74a44c14-0c42-4a37-b53e-08d0b8f7544f","0",,"Horus Live","2816","2816","0","Horus Live","0","0","46848","46679",,,,,"web"
"v2.5.4","680","0",,"Mobile Safari","12","1","0",,"berlin","1571418937000","DE","cb98e0e4-2ea8-48ea-b786-46b41f6c57bd","Mozilla/5.0 (iPhone; CPU iPhone OS 12_4_1 like Mac OS X) AppleWebKit/605.1.15 (KHTML, like Gecko) Version/12.1.2 Mobile/15E148 Safari/604.1",,,,"1ef1b7d8-2dfa-47d2-a5ee-48109b3298f9","1571356800000","iPhone","panoplay.duckdns.org",,,"0","5468",,,"Festival of Lights - Demo","1571418000000","08762985-5600-4cf9-98ae-14ee704a8b87","193.175.2.0","false","true","true","Verein zur Foerderung eines Deutschen Forschungsne","de-DE","./livestream/master.m3u8","1571418900000","1569888000000",,"iOS","12","4","0","1",,"0","5468","videojs",,"0","html5","videojs-7.6.0",,"BE","568","320","0","FULLSCREEN","0","playing","hls","1571418937000","74a44c14-0c42-4a37-b53e-08d0b8f7544f","0",,"Horus Live","2816","2816","0","Horus Live","0","0","46679","41211",,,,,"web"
"v2.5.4","680","0",,"Firefox","69","0","0",,"berlin","1571418938000","DE","103ec226-bb23-4d82-9635-f56a2005f46b","Mozilla/5.0 (X11; Fedora; Linux x86_64; rv:69.0) Gecko/20100101 Firefox/69.0",,,,"61a7ece2-f35c-4bba-8691-a6e45d491609","1571356800000","Other","panoplay.duckdns.org",,,"0","3912",,,"Festival of Lights - Demo","1571418000000","92e4b93f-f437-4634-97ca-321ff5ad81f0","193.175.2.0","false","true","true","Verein zur Foerderung eines Deutschen Forschungsne","en-US","./livestream/master.m3u8","1571418900000","1569888000000",,"Fedora",,,"0","1",,"0","3912","videojs",,"0","html5","videojs-7.6.0",,"BE","900","1600","0","WINDOW","0","playing","hls","1571418938000","88337f65-5e01-4ca6-848e-da9508359b10","6000000",,"Horus Live","2816","2816","0","Horus Live","0","0","47758","44011",,,,,"web"
"v2.5.4","680","0",,"Mobile Safari","12","1","248",,"berlin","1571418941000","DE","cb98e0e4-2ea8-48ea-b786-46b41f6c57bd","Mozilla/5.0 (iPhone; CPU iPhone OS 12_4_1 like Mac OS X) AppleWebKit/605.1.15 (KHTML, like Gecko) Version/12.1.2 Mobile/15E148 Safari/604.1",,,,"1ef1b7d8-2dfa-47d2-a5ee-48109b3298f9","1571356800000","iPhone","panoplay.duckdns.org",,,"0","248",,,"Festival of Lights - Demo","1571418000000","08762985-5600-4cf9-98ae-14ee704a8b87","193.175.2.0","false","true","true","Verein zur Foerderung eines Deutschen Forschungsne","de-DE","./livestream/master.m3u8","1571418900000","1569888000000",,"iOS","12","4","0","1",,"0","0","videojs",,"0","html5","videojs-7.6.0",,"BE","568","320","0","FULLSCREEN","0","rebuffering","hls","1571418941000","74a44c14-0c42-4a37-b53e-08d0b8f7544f","0",,"Horus Live","2816","2816","0","Horus Live","0","0","51172","50924",,,,,"web"
"v2.5.4","680","0",,"Mobile Safari","12","1","0",,"berlin","1571418941000","DE","cb98e0e4-2ea8-48ea-b786-46b41f6c57bd","Mozilla/5.0 (iPhone; CPU iPhone OS 12_4_1 like Mac OS X) AppleWebKit/605.1.15 (KHTML, like Gecko) Version/12.1.2 Mobile/15E148 Safari/604.1",,,,"1ef1b7d8-2dfa-47d2-a5ee-48109b3298f9","1571356800000","iPhone","panoplay.duckdns.org",,,"0","4076",,,"Festival of Lights - Demo","1571418000000","08762985-5600-4cf9-98ae-14ee704a8b87","193.175.2.0","false","true","true","Verein zur Foerderung eines Deutschen Forschungsne","de-DE","./livestream/master.m3u8","1571418900000","1569888000000",,"iOS","12","4","0","1",,"0","4076","videojs",,"0","html5","videojs-7.6.0",,"BE","568","320","0","FULLSCREEN","0","playing","hls","1571418941000","74a44c14-0c42-4a37-b53e-08d0b8f7544f","0",,"Horus Live","2816","2816","0","Horus Live","0","0","50924","46848",,,,,"web"
"v2.5.4","680","0",,"Mobile Safari","12","1","0",,"berlin","1571418945000","DE","cb98e0e4-2ea8-48ea-b786-46b41f6c57bd","Mozilla/5.0 (iPhone; CPU iPhone OS 12_4_1 like Mac OS X) AppleWebKit/605.1.15 (KHTML, like Gecko) Version/12.1.2 Mobile/15E148 Safari/604.1",,,,"1ef1b7d8-2dfa-47d2-a5ee-48109b3298f9","1571356800000","iPhone","panoplay.duckdns.org",,,"0","3689",,,"Festival of Lights - Demo","1571418000000","08762985-5600-4cf9-98ae-14ee704a8b87","193.175.2.0","false","true","true","Verein zur Foerderung eines Deutschen Forschungsne","de-DE","./livestream/master.m3u8","1571418900000","1569888000000",,"iOS","12","4","0","1",,"0","3689","videojs",,"0","html5","videojs-7.6.0",,"BE","568","320","0","FULLSCREEN","0","playing","hls","1571418945000","74a44c14-0c42-4a37-b53e-08d0b8f7544f","0",,"Horus Live","2816","2816","0","Horus Live","0","0","54862","51172",,,,,"web"
"v2.5.4","680","0",,"Mobile Safari","12","1","187",,"berlin","1571418945000","DE","cb98e0e4-2ea8-48ea-b786-46b41f6c57bd","Mozilla/5.0 (iPhone; CPU iPhone OS 12_4_1 like Mac OS X) AppleWebKit/605.1.15 (KHTML, like Gecko) Version/12.1.2 Mobile/15E148 Safari/604.1",,,,"1ef1b7d8-2dfa-47d2-a5ee-48109b3298f9","1571356800000","iPhone","panoplay.duckdns.org",,,"0","187",,,"Festival of Lights - Demo","1571418000000","08762985-5600-4cf9-98ae-14ee704a8b87","193.175.2.0","false","true","true","Verein zur Foerderung eines Deutschen Forschungsne","de-DE","./livestream/master.m3u8","1571418900000","1569888000000",,"iOS","12","4","0","1",,"0","0","videojs",,"0","html5","videojs-7.6.0",,"BE","568","320","0","FULLSCREEN","0","rebuffering","hls","1571418945000","74a44c14-0c42-4a37-b53e-08d0b8f7544f","0",,"Horus Live","2816","2816","0","Horus Live","0","0","55048","54862",,,,,"web"
"v2.5.4","680","0",,"Mobile Safari","12","1","0",,"berlin","1571418951000","DE","cb98e0e4-2ea8-48ea-b786-46b41f6c57bd","Mozilla/5.0 (iPhone; CPU iPhone OS 12_4_1 like Mac OS X) AppleWebKit/605.1.15 (KHTML, like Gecko) Version/12.1.2 Mobile/15E148 Safari/604.1",,,,"1ef1b7d8-2dfa-47d2-a5ee-48109b3298f9","1571356800000","iPhone","panoplay.duckdns.org",,,"0","6195",,,"Festival of Lights - Demo","1571418000000","08762985-5600-4cf9-98ae-14ee704a8b87","193.175.2.0","false","true","true","Verein zur Foerderung eines Deutschen Forschungsne","de-DE","./livestream/master.m3u8","1571418900000","1569888000000",,"iOS","12","4","0","1",,"0","6195","videojs",,"0","html5","videojs-7.6.0",,"BE","568","320","0","FULLSCREEN","0","playing","hls","1571418951000","74a44c14-0c42-4a37-b53e-08d0b8f7544f","0",,"Horus Live","2816","2816","0","Horus Live","0","0","61243","55048",,,,,"web"
"v2.5.4","680","0",,"Mobile Safari","12","1","180",,"berlin","1571418952000","DE","cb98e0e4-2ea8-48ea-b786-46b41f6c57bd","Mozilla/5.0 (iPhone; CPU iPhone OS 12_4_1 like Mac OS X) AppleWebKit/605.1.15 (KHTML, like Gecko) Version/12.1.2 Mobile/15E148 Safari/604.1",,,,"1ef1b7d8-2dfa-47d2-a5ee-48109b3298f9","1571356800000","iPhone","panoplay.duckdns.org",,,"0","180",,,"Festival of Lights - Demo","1571418000000","08762985-5600-4cf9-98ae-14ee704a8b87","193.175.2.0","false","true","true","Verein zur Foerderung eines Deutschen Forschungsne","de-DE","./livestream/master.m3u8","1571418900000","1569888000000",,"iOS","12","4","0","1",,"0","0","videojs",,"0","html5","videojs-7.6.0",,"BE","568","320","0","FULLSCREEN","0","rebuffering","hls","1571418952000","74a44c14-0c42-4a37-b53e-08d0b8f7544f","0",,"Horus Live","2816","2816","0","Horus Live","0","0","61423","61243",,,,,"web"
"v2.5.4","680","0",,"Mobile Safari","12","1","0",,"berlin","1571418957000","DE","cb98e0e4-2ea8-48ea-b786-46b41f6c57bd","Mozilla/5.0 (iPhone; CPU iPhone OS 12_4_1 like Mac OS X) AppleWebKit/605.1.15 (KHTML, like Gecko) Version/12.1.2 Mobile/15E148 Safari/604.1",,,,"1ef1b7d8-2dfa-47d2-a5ee-48109b3298f9","1571356800000","iPhone","panoplay.duckdns.org",,,"0","5488",,,"Festival of Lights - Demo","1571418000000","08762985-5600-4cf9-98ae-14ee704a8b87","193.175.2.0","false","true","true","Verein zur Foerderung eines Deutschen Forschungsne","de-DE","./livestream/master.m3u8","1571418900000","1569888000000",,"iOS","12","4","0","1",,"0","5488","videojs",,"0","html5","videojs-7.6.0",,"BE","568","320","0","FULLSCREEN","0","playing","hls","1571418957000","74a44c14-0c42-4a37-b53e-08d0b8f7544f","0",,"Horus Live","2816","2816","0","Horus Live","0","0","66912","61423",,,,,"web"
"v2.5.4","680","0",,"Mobile Safari","12","1","149",,"berlin","1571418957000","DE","cb98e0e4-2ea8-48ea-b786-46b41f6c57bd","Mozilla/5.0 (iPhone; CPU iPhone OS 12_4_1 like Mac OS X) AppleWebKit/605.1.15 (KHTML, like Gecko) Version/12.1.2 Mobile/15E148 Safari/604.1",,,,"1ef1b7d8-2dfa-47d2-a5ee-48109b3298f9","1571356800000","iPhone","panoplay.duckdns.org",,,"0","149",,,"Festival of Lights - Demo","1571418000000","08762985-5600-4cf9-98ae-14ee704a8b87","193.175.2.0","false","true","true","Verein zur Foerderung eines Deutschen Forschungsne","de-DE","./livestream/master.m3u8","1571418900000","1569888000000",,"iOS","12","4","0","1",,"0","0","videojs",,"0","html5","videojs-7.6.0",,"BE","568","320","0","FULLSCREEN","0","rebuffering","hls","1571418957000","74a44c14-0c42-4a37-b53e-08d0b8f7544f","0",,"Horus Live","2816","2816","0","Horus Live","0","0","67060","66912",,,,,"web"
"v2.5.4","680","0",,"Firefox","69","0","171",,"berlin","1571418962000","DE","103ec226-bb23-4d82-9635-f56a2005f46b","Mozilla/5.0 (X11; Fedora; Linux x86_64; rv:69.0) Gecko/20100101 Firefox/69.0",,,,"61a7ece2-f35c-4bba-8691-a6e45d491609","1571356800000","Other","panoplay.duckdns.org",,,"0","171",,,"Festival of Lights - Demo","1571418000000","92e4b93f-f437-4634-97ca-321ff5ad81f0","193.175.2.0","false","true","true","Verein zur Foerderung eines Deutschen Forschungsne","en-US","./livestream/master.m3u8","1571418960000","1569888000000",,"Fedora",,,"0","1",,"0","0","videojs",,"0","html5","videojs-7.6.0",,"BE","900","1600","0","WINDOW","0","rebuffering","hls","1571418962000","88337f65-5e01-4ca6-848e-da9508359b10","6000000",,"Horus Live","2816","2816","0","Horus Live","0","0","72039","72039",,,,,"web"
"v2.5.4","680","0",,"Firefox","69","0","0",,"berlin","1571418962000","DE","103ec226-bb23-4d82-9635-f56a2005f46b","Mozilla/5.0 (X11; Fedora; Linux x86_64; rv:69.0) Gecko/20100101 Firefox/69.0",,,,"61a7ece2-f35c-4bba-8691-a6e45d491609","1571356800000","Other","panoplay.duckdns.org",,,"0","18",,,"Festival of Lights - Demo","1571418000000","92e4b93f-f437-4634-97ca-321ff5ad81f0","193.175.2.0","false","true","true","Verein zur Foerderung eines Deutschen Forschungsne","en-US","./livestream/master.m3u8","1571418960000","1569888000000",,"Fedora",,,"0","1",,"0","18","videojs",,"0","html5","videojs-7.6.0",,"BE","900","1600","0","WINDOW","0","playing","hls","1571418962000","88337f65-5e01-4ca6-848e-da9508359b10","6000000",,"Horus Live","2816","2816","0","Horus Live","0","0","72039","72039",,,,,"web"
"v2.5.4","680","0",,"Firefox","69","0","0",,"berlin","1571418962000","DE","103ec226-bb23-4d82-9635-f56a2005f46b","Mozilla/5.0 (X11; Fedora; Linux x86_64; rv:69.0) Gecko/20100101 Firefox/69.0",,,,"61a7ece2-f35c-4bba-8691-a6e45d491609","1571356800000","Other","panoplay.duckdns.org",,,"0","24366",,,"Festival of Lights - Demo","1571418000000","92e4b93f-f437-4634-97ca-321ff5ad81f0","193.175.2.0","false","true","true","Verein zur Foerderung eines Deutschen Forschungsne","en-US","./livestream/master.m3u8","1571418960000","1569888000000",,"Fedora",,,"0","1",,"24366","0","videojs",,"0","html5","videojs-7.6.0",,"BE","900","1600","0","WINDOW","0","pause","hls","1571418962000","88337f65-5e01-4ca6-848e-da9508359b10","6000000",,"Horus Live","2816","2816","0","Horus Live","0","0","72039","47758",,,,,"web"
"v2.5.4","680","0",,"Firefox","69","0","0",,"berlin","1571418962000","DE","103ec226-bb23-4d82-9635-f56a2005f46b","Mozilla/5.0 (X11; Fedora; Linux x86_64; rv:69.0) Gecko/20100101 Firefox/69.0",,,,"61a7ece2-f35c-4bba-8691-a6e45d491609","1571356800000","Other","panoplay.duckdns.org",,,"0","5",,,"Festival of Lights - Demo","1571418000000","92e4b93f-f437-4634-97ca-321ff5ad81f0","193.175.2.0","false","true","true","Verein zur Foerderung eines Deutschen Forschungsne","en-US","./livestream/master.m3u8","1571418960000","1569888000000",,"Fedora",,,"0","1",,"0","5","videojs",,"0","html5","videojs-7.6.0",,"BE","900","1600","0","WINDOW","0","playing","hls","1571418962000","88337f65-5e01-4ca6-848e-da9508359b10","6000000",,"Horus Live","2816","2816","0","Horus Live","0","0","72039","72039",,,,,"web"
"v2.5.4","680","0",,"Mobile Safari","12","1","0",,"berlin","1571418963000","DE","cb98e0e4-2ea8-48ea-b786-46b41f6c57bd","Mozilla/5.0 (iPhone; CPU iPhone OS 12_4_1 like Mac OS X) AppleWebKit/605.1.15 (KHTML, like Gecko) Version/12.1.2 Mobile/15E148 Safari/604.1",,,,"1ef1b7d8-2dfa-47d2-a5ee-48109b3298f9","1571356800000","iPhone","panoplay.duckdns.org",,,"0","5970",,,"Festival of Lights - Demo","1571418000000","08762985-5600-4cf9-98ae-14ee704a8b87","193.175.2.0","false","true","true","Verein zur Foerderung eines Deutschen Forschungsne","de-DE","./livestream/master.m3u8","1571418960000","1569888000000",,"iOS","12","4","0","1",,"0","5970","videojs",,"0","html5","videojs-7.6.0",,"BE","568","320","0","FULLSCREEN","0","playing","hls","1571418963000","74a44c14-0c42-4a37-b53e-08d0b8f7544f","0",,"Horus Live","2816","2816","0","Horus Live","0","0","73031","67060",,,,,"web"
"v2.5.4","680","0",,"Firefox","69","0","0",,"berlin","1571418963000","DE","103ec226-bb23-4d82-9635-f56a2005f46b","Mozilla/5.0 (X11; Fedora; Linux x86_64; rv:69.0) Gecko/20100101 Firefox/69.0",,,,"61a7ece2-f35c-4bba-8691-a6e45d491609","1571356800000","Other","panoplay.duckdns.org",,,"0","893",,,"Festival of Lights - Demo","1571418000000","92e4b93f-f437-4634-97ca-321ff5ad81f0","193.175.2.0","false","true","true","Verein zur Foerderung eines Deutschen Forschungsne","en-US","./livestream/master.m3u8","1571418960000","1569888000000",,"Fedora",,,"0","1",,"893","0","videojs",,"0","html5","videojs-7.6.0",,"BE","900","1600","0","WINDOW","0","pause","hls","1571418963000","88337f65-5e01-4ca6-848e-da9508359b10","6000000",,"Horus Live","2816","2816","0","Horus Live","0","0","72039","72039",,,,,"web"
"v2.5.4","680","0",,"Mobile Safari","12","1","497",,"berlin","1571418964000","DE","cb98e0e4-2ea8-48ea-b786-46b41f6c57bd","Mozilla/5.0 (iPhone; CPU iPhone OS 12_4_1 like Mac OS X) AppleWebKit/605.1.15 (KHTML, like Gecko) Version/12.1.2 Mobile/15E148 Safari/604.1",,,,"1ef1b7d8-2dfa-47d2-a5ee-48109b3298f9","1571356800000","iPhone","panoplay.duckdns.org",,,"0","497",,,"Festival of Lights - Demo","1571418000000","08762985-5600-4cf9-98ae-14ee704a8b87","193.175.2.0","false","true","true","Verein zur Foerderung eines Deutschen Forschungsne","de-DE","./livestream/master.m3u8","1571418960000","1569888000000",,"iOS","12","4","0","1",,"0","0","videojs",,"0","html5","videojs-7.6.0",,"BE","568","320","0","FULLSCREEN","0","rebuffering","hls","1571418964000","74a44c14-0c42-4a37-b53e-08d0b8f7544f","0",,"Horus Live","2816","2816","0","Horus Live","0","0","73527","73031",,,,,"web"
"v2.5.4","680","0",,"Firefox","69","0","0",,"berlin","1571418965000","DE","103ec226-bb23-4d82-9635-f56a2005f46b","Mozilla/5.0 (X11; Fedora; Linux x86_64; rv:69.0) Gecko/20100101 Firefox/69.0",,,,"61a7ece2-f35c-4bba-8691-a6e45d491609","1571356800000","Other","panoplay.duckdns.org",,,"0","1352",,,"Festival of Lights - Demo","1571418000000","92e4b93f-f437-4634-97ca-321ff5ad81f0","193.175.2.0","false","true","true","Verein zur Foerderung eines Deutschen Forschungsne","en-US","./livestream/master.m3u8","1571418960000","1569888000000",,"Fedora",,,"0","1",,"0","1352","videojs",,"0","html5","videojs-7.6.0",,"BE","900","1600","0","WINDOW","0","playing","hls","1571418965000","88337f65-5e01-4ca6-848e-da9508359b10","6000000",,"Horus Live","2816","2816","0","Horus Live","0","0","73328","72039",,,,,"web"
"v2.5.4","680","0",,"Mobile Safari","12","1","68",,"berlin","1571418971000","DE","cb98e0e4-2ea8-48ea-b786-46b41f6c57bd","Mozilla/5.0 (iPhone; CPU iPhone OS 12_4_1 like Mac OS X) AppleWebKit/605.1.15 (KHTML, like Gecko) Version/12.1.2 Mobile/15E148 Safari/604.1",,,,"1ef1b7d8-2dfa-47d2-a5ee-48109b3298f9","1571356800000","iPhone","panoplay.duckdns.org",,,"0","68",,,"Festival of Lights - Demo","1571418000000","08762985-5600-4cf9-98ae-14ee704a8b87","193.175.2.0","false","true","true","Verein zur Foerderung eines Deutschen Forschungsne","de-DE","./livestream/master.m3u8","1571418960000","1569888000000",,"iOS","12","4","0","1",,"0","0","videojs",,"0","html5","videojs-7.6.0",,"BE","568","320","0","FULLSCREEN","0","rebuffering","hls","1571418971000","74a44c14-0c42-4a37-b53e-08d0b8f7544f","0",,"Horus Live","2816","2816","0","Horus Live","0","0","80881","80814",,,,,"web"
"v2.5.4","680","0",,"Mobile Safari","12","1","0",,"berlin","1571418971000","DE","cb98e0e4-2ea8-48ea-b786-46b41f6c57bd","Mozilla/5.0 (iPhone; CPU iPhone OS 12_4_1 like Mac OS X) AppleWebKit/605.1.15 (KHTML, like Gecko) Version/12.1.2 Mobile/15E148 Safari/604.1",,,,"1ef1b7d8-2dfa-47d2-a5ee-48109b3298f9","1571356800000","iPhone","panoplay.duckdns.org",,,"0","7286",,,"Festival of Lights - Demo","1571418000000","08762985-5600-4cf9-98ae-14ee704a8b87","193.175.2.0","false","true","true","Verein zur Foerderung eines Deutschen Forschungsne","de-DE","./livestream/master.m3u8","1571418960000","1569888000000",,"iOS","12","4","0","1",,"0","7286","videojs",,"0","html5","videojs-7.6.0",,"BE","568","320","0","FULLSCREEN","0","playing","hls","1571418971000","74a44c14-0c42-4a37-b53e-08d0b8f7544f","0",,"Horus Live","2816","2816","0","Horus Live","0","0","80814","73527",,,,,"web"
"v2.5.4","680","0",,"Mobile Safari","12","1","0",,"berlin","1571418977000","DE","cb98e0e4-2ea8-48ea-b786-46b41f6c57bd","Mozilla/5.0 (iPhone; CPU iPhone OS 12_4_1 like Mac OS X) AppleWebKit/605.1.15 (KHTML, like Gecko) Version/12.1.2 Mobile/15E148 Safari/604.1",,,,"1ef1b7d8-2dfa-47d2-a5ee-48109b3298f9","1571356800000","iPhone","panoplay.duckdns.org",,,"0","6037",,,"Festival of Lights - Demo","1571418000000","08762985-5600-4cf9-98ae-14ee704a8b87","193.175.2.0","false","true","true","Verein zur Foerderung eines Deutschen Forschungsne","de-DE","./livestream/master.m3u8","1571418960000","1569888000000",,"iOS","12","4","0","1",,"0","6037","videojs",,"0","html5","videojs-7.6.0",,"BE","568","320","0","FULLSCREEN","0","playing","hls","1571418977000","74a44c14-0c42-4a37-b53e-08d0b8f7544f","0",,"Horus Live","2816","2816","0","Horus Live","0","0","86919","80881",,,,,"web"
"v2.5.4","680","0",,"Mobile Safari","12","1","130",,"berlin","1571418977000","DE","cb98e0e4-2ea8-48ea-b786-46b41f6c57bd","Mozilla/5.0 (iPhone; CPU iPhone OS 12_4_1 like Mac OS X) AppleWebKit/605.1.15 (KHTML, like Gecko) Version/12.1.2 Mobile/15E148 Safari/604.1",,,,"1ef1b7d8-2dfa-47d2-a5ee-48109b3298f9","1571356800000","iPhone","panoplay.duckdns.org",,,"0","130",,,"Festival of Lights - Demo","1571418000000","08762985-5600-4cf9-98ae-14ee704a8b87","193.175.2.0","false","true","true","Verein zur Foerderung eines Deutschen Forschungsne","de-DE","./livestream/master.m3u8","1571418960000","1569888000000",,"iOS","12","4","0","1",,"0","0","videojs",,"0","html5","videojs-7.6.0",,"BE","568","320","0","FULLSCREEN","0","rebuffering","hls","1571418977000","74a44c14-0c42-4a37-b53e-08d0b8f7544f","0",,"Horus Live","2816","2816","0","Horus Live","0","0","87049","86919",,,,,"web"
"v2.5.4","680","0",,"Mobile Safari","12","1","262",,"berlin","1571418983000","DE","cb98e0e4-2ea8-48ea-b786-46b41f6c57bd","Mozilla/5.0 (iPhone; CPU iPhone OS 12_4_1 like Mac OS X) AppleWebKit/605.1.15 (KHTML, like Gecko) Version/12.1.2 Mobile/15E148 Safari/604.1",,,,"1ef1b7d8-2dfa-47d2-a5ee-48109b3298f9","1571356800000","iPhone","panoplay.duckdns.org",,,"0","262",,,"Festival of Lights - Demo","1571418000000","08762985-5600-4cf9-98ae-14ee704a8b87","193.175.2.0","false","true","true","Verein zur Foerderung eines Deutschen Forschungsne","de-DE","./livestream/master.m3u8","1571418960000","1569888000000",,"iOS","12","4","0","1",,"0","0","videojs",,"0","html5","videojs-7.6.0",,"BE","568","320","0","FULLSCREEN","0","rebuffering","hls","1571418983000","74a44c14-0c42-4a37-b53e-08d0b8f7544f","0",,"Horus Live","2816","2816","0","Horus Live","0","0","93278","93016",,,,,"web"
"v2.5.4","680","0",,"Mobile Safari","12","1","0",,"berlin","1571418983000","DE","cb98e0e4-2ea8-48ea-b786-46b41f6c57bd","Mozilla/5.0 (iPhone; CPU iPhone OS 12_4_1 like Mac OS X) AppleWebKit/605.1.15 (KHTML, like Gecko) Version/12.1.2 Mobile/15E148 Safari/604.1",,,,"1ef1b7d8-2dfa-47d2-a5ee-48109b3298f9","1571356800000","iPhone","panoplay.duckdns.org",,,"0","5967",,,"Festival of Lights - Demo","1571418000000","08762985-5600-4cf9-98ae-14ee704a8b87","193.175.2.0","false","true","true","Verein zur Foerderung eines Deutschen Forschungsne","de-DE","./livestream/master.m3u8","1571418960000","1569888000000",,"iOS","12","4","0","1",,"0","5967","videojs",,"0","html5","videojs-7.6.0",,"BE","568","320","0","FULLSCREEN","0","playing","hls","1571418983000","74a44c14-0c42-4a37-b53e-08d0b8f7544f","0",,"Horus Live","2816","2816","0","Horus Live","0","0","93016","87049",,,,,"web"
"v2.5.4","680","0",,"Mobile Safari","12","1","0",,"berlin","1571418991000","DE","cb98e0e4-2ea8-48ea-b786-46b41f6c57bd","Mozilla/5.0 (iPhone; CPU iPhone OS 12_4_1 like Mac OS X) AppleWebKit/605.1.15 (KHTML, like Gecko) Version/12.1.2 Mobile/15E148 Safari/604.1",,,,"1ef1b7d8-2dfa-47d2-a5ee-48109b3298f9","1571356800000","iPhone","panoplay.duckdns.org",,,"0","7618",,,"Festival of Lights - Demo","1571418000000","08762985-5600-4cf9-98ae-14ee704a8b87","193.175.2.0","false","true","true","Verein zur Foerderung eines Deutschen Forschungsne","de-DE","./livestream/master.m3u8","1571418960000","1569888000000",,"iOS","12","4","0","1",,"0","7618","videojs",,"0","html5","videojs-7.6.0",,"BE","568","320","0","WINDOW","0","playing","hls","1571418991000","74a44c14-0c42-4a37-b53e-08d0b8f7544f","0",,"Horus Live","2816","2816","0","Horus Live","0","0","100891","93278",,,,,"web"
"v2.5.4","680","0",,"Firefox","69","0","0",,"berlin","1571419025000","DE","434e57be-638f-4acd-be9e-8fc8257d6431","Mozilla/5.0 (X11; Fedora; Linux x86_64; rv:69.0) Gecko/20100101 Firefox/69.0",,,,"61a7ece2-f35c-4bba-8691-a6e45d491609","1571356800000","Other","panoplay.duckdns.org",,,"0","59",,,"Festival of Lights - Demo","1571418000000","4b509f35-7b54-46f9-8af3-00c01d8dff9e","193.175.2.0","false","false","true","Verein zur Foerderung eines Deutschen Forschungsne","en-US","./livestream/master.m3u8","1571419020000","1569888000000",,"Fedora",,,"608","1",,"0","0","videojs",,"59","html5","videojs-7.6.0",,"BE","900","1600","0","WINDOW","0","setup","hls","1571419025000","88337f65-5e01-4ca6-848e-da9508359b10","0","0","Horus Live","0","0","0","Horus Live","0","0","0","0",,,,,"web"
"v2.5.4","680","0","true","Firefox","69","0","0",,"berlin","1571419026000","DE","434e57be-638f-4acd-be9e-8fc8257d6431","Mozilla/5.0 (X11; Fedora; Linux x86_64; rv:69.0) Gecko/20100101 Firefox/69.0",,,,"61a7ece2-f35c-4bba-8691-a6e45d491609","1571356800000","Other","panoplay.duckdns.org",,,"0","660",,,"Festival of Lights - Demo","1571418000000","4b509f35-7b54-46f9-8af3-00c01d8dff9e","193.175.2.0","false","true","true","Verein zur Foerderung eines Deutschen Forschungsne","en-US","./livestream/master.m3u8","1571419020000","1569888000000",,"Fedora",,,"0","1",,"0","0","videojs",,"0","html5","videojs-7.6.0",,"BE","900","1600","0","WINDOW","719","startup","hls","1571419026000","88337f65-5e01-4ca6-848e-da9508359b10","0",,"Horus Live","2816","2816","660","Horus Live","0","0","4004","0",,,,,"web"
"v2.5.4","680","0",,"Firefox","69","0","0",,"berlin","1571419026000","DE","434e57be-638f-4acd-be9e-8fc8257d6431","Mozilla/5.0 (X11; Fedora; Linux x86_64; rv:69.0) Gecko/20100101 Firefox/69.0",,,,"61a7ece2-f35c-4bba-8691-a6e45d491609","1571356800000","Other","panoplay.duckdns.org",,,"0","3",,,"Festival of Lights - Demo","1571418000000","4b509f35-7b54-46f9-8af3-00c01d8dff9e","193.175.2.0","false","true","true","Verein zur Foerderung eines Deutschen Forschungsne","en-US","./livestream/master.m3u8","1571419020000","1569888000000",,"Fedora",,,"0","1",,"0","3","videojs",,"0","html5","videojs-7.6.0",,"BE","900","1600","0","WINDOW","0","playing","hls","1571419026000","88337f65-5e01-4ca6-848e-da9508359b10","0",,"Horus Live","2816","2816","0","Horus Live","0","0","4004","4004",,,,,"web"
"v2.5.4","680","0",,"Firefox","69","0","0",,"berlin","1571419026000","DE","434e57be-638f-4acd-be9e-8fc8257d6431","Mozilla/5.0 (X11; Fedora; Linux x86_64; rv:69.0) Gecko/20100101 Firefox/69.0",,,,"61a7ece2-f35c-4bba-8691-a6e45d491609","1571356800000","Other","panoplay.duckdns.org",,,"0","0",,,"Festival of Lights - Demo","1571418000000","4b509f35-7b54-46f9-8af3-00c01d8dff9e","193.175.2.0","false","true","true","Verein zur Foerderung eines Deutschen Forschungsne","en-US","./livestream/master.m3u8","1571419020000","1569888000000",,"Fedora",,,"0","1",,"0","0","videojs",,"0","html5","videojs-7.6.0",,"BE","900","1600","0","WINDOW","0","qualitychange","hls","1571419026000","88337f65-5e01-4ca6-848e-da9508359b10","8000000",,"Horus Live","2816","2816","0","Horus Live","0","0","4004","4004",,,,,"web"
"v2.5.4","680","0",,"Mobile Safari","13","0","0",,"berlin","1571419042000","DE","95f5ad58-fcb0-4a8d-a1be-029834695bfc","Mozilla/5.0 (iPhone; CPU iPhone OS 13_1_3 like Mac OS X) AppleWebKit/605.1.15 (KHTML, like Gecko) Version/13.0.1 Mobile/15E148 Safari/604.1",,,,"3451d23d-d5ff-49b2-886e-10100cbcba4a","1571356800000","iPhone","192.168.247.92",,,"0","897026",,,"Festival of Lights - Demo","1571418000000","d7f0aae6-5e5a-4d69-83dd-d8aed53295da","193.175.2.0","false","true","true","Verein zur Foerderung eines Deutschen Forschungsne","en-GB","./livestream/master.m3u8","1571419020000","1569888000000",,"iOS","13","1","0","1",,"897026","0","videojs",,"0","html5","videojs-7.6.0",,"BE","568","320","0","WINDOW","0","pause","hls","1571419042000","8d077e78-f42c-407c-bb2f-131aef9b308d","0",,"Horus Live","2816","2816","0","Horus Live","0","0","10018","10018",,,,,"web"
"v2.5.4","680","0",,"Mobile Safari","13","0","0",,"berlin","1571419042000","DE","95f5ad58-fcb0-4a8d-a1be-029834695bfc","Mozilla/5.0 (iPhone; CPU iPhone OS 13_1_3 like Mac OS X) AppleWebKit/605.1.15 (KHTML, like Gecko) Version/13.0.1 Mobile/15E148 Safari/604.1",,,,"3451d23d-d5ff-49b2-886e-10100cbcba4a","1571356800000","iPhone","192.168.247.92",,,"0","3",,,"Festival of Lights - Demo","1571418000000","d7f0aae6-5e5a-4d69-83dd-d8aed53295da","193.175.2.0","false","true","true","Verein zur Foerderung eines Deutschen Forschungsne","en-GB","./livestream/master.m3u8","1571419020000","1569888000000",,"iOS","13","1","0","1",,"0","3","videojs",,"0","html5","videojs-7.6.0",,"BE","568","320","0","WINDOW","0","playing","hls","1571419042000","8d077e78-f42c-407c-bb2f-131aef9b308d","0",,"Horus Live","2816","2816","0","Horus Live","0","0","10018","10018",,,,,"web"
"v2.5.4","680","0",,"Chrome Mobile","77","0","0",,"berlin","1571419046000","DE","798314e6-f4f6-446d-b0ce-b1f7595a67a9","Mozilla/5.0 (Linux; Android 9; SM-G973F) AppleWebKit/537.36 (KHTML, like Gecko) Chrome/77.0.3865.116 Mobile Safari/537.36",,,,"957fb99d-34ba-41b2-800f-fca3b877b9d7","1571356800000","Samsung SM-G973F","panoplay.duckdns.org",,,"0","52",,,"Festival of Lights - Demo","1571418000000","d180eb86-87df-42df-b651-ec8f62f17729","193.175.2.0","false","false","true","Verein zur Foerderung eines Deutschen Forschungsne","en-US","./livestream/master.m3u8","1571419020000","1569888000000",,"Android","9",,"263","1",,"0","0","videojs",,"52","html5","videojs-7.6.0",,"BE","869","412","0","WINDOW","0","setup","hls","1571419046000","fcd0cada-2ea1-470d-9678-f8a9bce11add","0","0","Horus Live","0","0","0","Horus Live","0","0","0","0",,,,,"web"
"v2.5.4","680","0",,"Chrome Mobile","77","0","0",,"berlin","1571419046000","DE","798314e6-f4f6-446d-b0ce-b1f7595a67a9","Mozilla/5.0 (Linux; Android 9; SM-G973F) AppleWebKit/537.36 (KHTML, like Gecko) Chrome/77.0.3865.116 Mobile Safari/537.36",,,,"957fb99d-34ba-41b2-800f-fca3b877b9d7","1571356800000","Samsung SM-G973F","panoplay.duckdns.org",,,"0","0","3","The media playback was aborted due to a corruption problem or because the media used features your browser did not support.","Festival of Lights - Demo","1571418000000","d180eb86-87df-42df-b651-ec8f62f17729","193.175.2.0","false","false","true","Verein zur Foerderung eines Deutschen Forschungsne","en-US","./livestream/master.m3u8","1571419020000","1569888000000",,"Android","9",,"0","1",,"0","0","videojs",,"0","html5","videojs-7.6.0",,"BE","869","412","0","WINDOW","0","error","hls","1571419046000","fcd0cada-2ea1-470d-9678-f8a9bce11add","0","0","Horus Live","0","0","0","Horus Live","0","0","0","0",,,,,"web"
"v2.5.4","680","0",,"Mobile Safari","13","0","4522",,"berlin","1571419047000","DE","95f5ad58-fcb0-4a8d-a1be-029834695bfc","Mozilla/5.0 (iPhone; CPU iPhone OS 13_1_3 like Mac OS X) AppleWebKit/605.1.15 (KHTML, like Gecko) Version/13.0.1 Mobile/15E148 Safari/604.1",,,,"3451d23d-d5ff-49b2-886e-10100cbcba4a","1571356800000","iPhone","192.168.247.92",,,"0","4522",,,"Festival of Lights - Demo","1571418000000","d7f0aae6-5e5a-4d69-83dd-d8aed53295da","193.175.2.0","false","true","true","Verein zur Foerderung eines Deutschen Forschungsne","en-GB","./livestream/master.m3u8","1571419020000","1569888000000",,"iOS","13","1","0","1",,"0","0","videojs",,"0","html5","videojs-7.6.0",,"BE","568","320","0","FULLSCREEN","0","rebuffering","hls","1571419047000","8d077e78-f42c-407c-bb2f-131aef9b308d","0",,"Horus Live","2816","2816","0","Horus Live","0","0","265280","10018",,,,,"web"
"v2.5.4","680","0",,"Mobile Safari","13","0","0",,"berlin","1571419047000","DE","95f5ad58-fcb0-4a8d-a1be-029834695bfc","Mozilla/5.0 (iPhone; CPU iPhone OS 13_1_3 like Mac OS X) AppleWebKit/605.1.15 (KHTML, like Gecko) Version/13.0.1 Mobile/15E148 Safari/604.1",,,,"3451d23d-d5ff-49b2-886e-10100cbcba4a","1571356800000","iPhone","192.168.247.92",,,"0","529",,,"Festival of Lights - Demo","1571418000000","d7f0aae6-5e5a-4d69-83dd-d8aed53295da","193.175.2.0","false","true","true","Verein zur Foerderung eines Deutschen Forschungsne","en-GB","./livestream/master.m3u8","1571419020000","1569888000000",,"iOS","13","1","0","1",,"0","529","videojs",,"0","html5","videojs-7.6.0",,"BE","568","320","0","FULLSCREEN","0","playing","hls","1571419047000","8d077e78-f42c-407c-bb2f-131aef9b308d","0",,"Horus Live","2816","2816","0","Horus Live","0","0","265799","265280",,,,,"web"
"v2.5.4","680","0",,"Chrome Mobile","77","0","0",,"berlin","1571419049000","DE","64b77666-1cb1-4abe-b2fb-c60de0bce336","Mozilla/5.0 (Linux; Android 9; SM-G973F) AppleWebKit/537.36 (KHTML, like Gecko) Chrome/77.0.3865.116 Mobile Safari/537.36",,,,"957fb99d-34ba-41b2-800f-fca3b877b9d7","1571356800000","Samsung SM-G973F","panoplay.duckdns.org",,,"0","31",,,"Festival of Lights - Demo","1571418000000","4942764e-195e-45b2-86c8-607ed6dcfb19","193.175.2.0","false","false","true","Verein zur Foerderung eines Deutschen Forschungsne","en-US","./livestream/master.m3u8","1571419020000","1569888000000",,"Android","9",,"208","1",,"0","0","videojs",,"31","html5","videojs-7.6.0",,"BE","869","412","0","WINDOW","0","setup","hls","1571419049000","fcd0cada-2ea1-470d-9678-f8a9bce11add","0","0","Horus Live","0","0","0","Horus Live","0","0","0","0",,,,,"web"
"v2.5.4","680","0",,"Chrome Mobile","77","0","0",,"berlin","1571419049000","DE","64b77666-1cb1-4abe-b2fb-c60de0bce336","Mozilla/5.0 (Linux; Android 9; SM-G973F) AppleWebKit/537.36 (KHTML, like Gecko) Chrome/77.0.3865.116 Mobile Safari/537.36",,,,"957fb99d-34ba-41b2-800f-fca3b877b9d7","1571356800000","Samsung SM-G973F","panoplay.duckdns.org",,,"0","0","3","The media playback was aborted due to a corruption problem or because the media used features your browser did not support.","Festival of Lights - Demo","1571418000000","4942764e-195e-45b2-86c8-607ed6dcfb19","193.175.2.0","false","false","true","Verein zur Foerderung eines Deutschen Forschungsne","en-US","./livestream/master.m3u8","1571419020000","1569888000000",,"Android","9",,"0","1",,"0","0","videojs",,"0","html5","videojs-7.6.0",,"BE","869","412","0","WINDOW","0","error","hls","1571419049000","fcd0cada-2ea1-470d-9678-f8a9bce11add","0","0","Horus Live","0","0","0","Horus Live","0","0","0","0",,,,,"web"
"v2.5.4","680","0",,"Chrome Mobile","77","0","0",,"berlin","1571419049000","DE","798314e6-f4f6-446d-b0ce-b1f7595a67a9","Mozilla/5.0 (Linux; Android 9; SM-G973F) AppleWebKit/537.36 (KHTML, like Gecko) Chrome/77.0.3865.116 Mobile Safari/537.36",,,,"957fb99d-34ba-41b2-800f-fca3b877b9d7","1571356800000","Samsung SM-G973F","panoplay.duckdns.org",,,"0","0",,,"Festival of Lights - Demo","1571418000000","d180eb86-87df-42df-b651-ec8f62f17729","193.175.2.0","false","false","true","Verein zur Foerderung eines Deutschen Forschungsne","en-US","./livestream/master.m3u8","1571419020000","1569888000000",,"Android","9",,"0","1",,"0","0","videojs",,"0","html5","videojs-7.6.0",,"BE","869","412","0","WINDOW","0","error","hls","1571419049000","fcd0cada-2ea1-470d-9678-f8a9bce11add","0","0","Horus Live","0","0","0","Horus Live","0","0","0","0",,,,,"web"
"v2.5.4","680","0",,"Chrome Mobile","77","0","0",,"berlin","1571419050000","DE","64b77666-1cb1-4abe-b2fb-c60de0bce336","Mozilla/5.0 (Linux; Android 9; SM-G973F) AppleWebKit/537.36 (KHTML, like Gecko) Chrome/77.0.3865.116 Mobile Safari/537.36",,,,"957fb99d-34ba-41b2-800f-fca3b877b9d7","1571356800000","Samsung SM-G973F","panoplay.duckdns.org",,,"0","0",,,"Festival of Lights - Demo","1571418000000","4942764e-195e-45b2-86c8-607ed6dcfb19","193.175.2.0","false","false","true","Verein zur Foerderung eines Deutschen Forschungsne","en-US","./livestream/master.m3u8","1571419020000","1569888000000",,"Android","9",,"0","1",,"0","0","videojs",,"0","html5","videojs-7.6.0",,"BE","869","412","0","WINDOW","0","error","hls","1571419050000","fcd0cada-2ea1-470d-9678-f8a9bce11add","0","0","Horus Live","0","0","0","Horus Live","0","0","0","0",,,,,"web"
"v2.5.4","680","0",,"Chrome Mobile","77","0","0",,"berlin","1571419050000","DE","1e18764b-11c6-4023-8482-fa7b6952ae46","Mozilla/5.0 (Linux; Android 9; SM-G973F) AppleWebKit/537.36 (KHTML, like Gecko) Chrome/77.0.3865.116 Mobile Safari/537.36",,,,"957fb99d-34ba-41b2-800f-fca3b877b9d7","1571356800000","Samsung SM-G973F","panoplay.duckdns.org",,,"0","61",,,"Festival of Lights - Demo","1571418000000","633e82dc-5b7e-43e8-baf4-6a6dbc51d205","193.175.2.0","false","false","true","Verein zur Foerderung eines Deutschen Forschungsne","en-US","./livestream/master.m3u8","1571419020000","1569888000000",,"Android","9",,"221","1",,"0","0","videojs",,"61","html5","videojs-7.6.0",,"BE","869","412","0","WINDOW","0","setup","hls","1571419050000","fcd0cada-2ea1-470d-9678-f8a9bce11add","0","0","Horus Live","0","0","0","Horus Live","0","0","0","0",,,,,"web"
"v2.5.4","680","0",,"Mobile Safari","13","0","0",,"berlin","1571419050000","DE","95f5ad58-fcb0-4a8d-a1be-029834695bfc","Mozilla/5.0 (iPhone; CPU iPhone OS 13_1_3 like Mac OS X) AppleWebKit/605.1.15 (KHTML, like Gecko) Version/13.0.1 Mobile/15E148 Safari/604.1",,,,"3451d23d-d5ff-49b2-886e-10100cbcba4a","1571356800000","iPhone","192.168.247.92",,,"0","2998",,,"Festival of Lights - Demo","1571418000000","d7f0aae6-5e5a-4d69-83dd-d8aed53295da","193.175.2.0","false","true","true","Verein zur Foerderung eines Deutschen Forschungsne","en-GB","./livestream/master.m3u8","1571419020000","1569888000000",,"iOS","13","1","0","1",,"2998","0","videojs",,"0","html5","videojs-7.6.0",,"BE","568","320","0","FULLSCREEN","0","pause","hls","1571419050000","8d077e78-f42c-407c-bb2f-131aef9b308d","0",,"Horus Live","2816","2816","0","Horus Live","0","0","265799","265799",,,,,"web"
"v2.5.4","680","0",,"Chrome Mobile","77","0","0",,"berlin","1571419051000","DE","1e18764b-11c6-4023-8482-fa7b6952ae46","Mozilla/5.0 (Linux; Android 9; SM-G973F) AppleWebKit/537.36 (KHTML, like Gecko) Chrome/77.0.3865.116 Mobile Safari/537.36",,,,"957fb99d-34ba-41b2-800f-fca3b877b9d7","1571356800000","Samsung SM-G973F","panoplay.duckdns.org",,,"0","0","3","The media playback was aborted due to a corruption problem or because the media used features your browser did not support.","Festival of Lights - Demo","1571418000000","633e82dc-5b7e-43e8-baf4-6a6dbc51d205","193.175.2.0","false","false","true","Verein zur Foerderung eines Deutschen Forschungsne","en-US","./livestream/master.m3u8","1571419020000","1569888000000",,"Android","9",,"0","1",,"0","0","videojs",,"0","html5","videojs-7.6.0",,"BE","869","412","0","WINDOW","0","error","hls","1571419051000","fcd0cada-2ea1-470d-9678-f8a9bce11add","0","0","Horus Live","0","0","0","Horus Live","0","0","0","0",,,,,"web"
"v2.5.4","680","0",,"Firefox","69","0","0",,"berlin","1571419062000","DE","434e57be-638f-4acd-be9e-8fc8257d6431","Mozilla/5.0 (X11; Fedora; Linux x86_64; rv:69.0) Gecko/20100101 Firefox/69.0",,,,"61a7ece2-f35c-4bba-8691-a6e45d491609","1571356800000","Other","panoplay.duckdns.org",,,"0","36106",,,"Festival of Lights - Demo","1571418000000","4b509f35-7b54-46f9-8af3-00c01d8dff9e","193.175.2.0","false","true","true","Verein zur Foerderung eines Deutschen Forschungsne","en-US","./livestream/master.m3u8","1571419020000","1569888000000",,"Fedora",,,"0","1",,"0","36106","videojs",,"0","html5","videojs-7.6.0",,"BE","900","1600","0","WINDOW","0","playing","hls","1571419062000","88337f65-5e01-4ca6-848e-da9508359b10","8000000",,"Horus Live","2816","2816","0","Horus Live","0","0","40034","4004",,,,,"web"
"v2.5.4","680","0",,"Firefox","69","0","1264",,"berlin","1571419063000","DE","434e57be-638f-4acd-be9e-8fc8257d6431","Mozilla/5.0 (X11; Fedora; Linux x86_64; rv:69.0) Gecko/20100101 Firefox/69.0",,,,"61a7ece2-f35c-4bba-8691-a6e45d491609","1571356800000","Other","panoplay.duckdns.org",,,"0","1264",,,"Festival of Lights - Demo","1571418000000","4b509f35-7b54-46f9-8af3-00c01d8dff9e","193.175.2.0","false","true","true","Verein zur Foerderung eines Deutschen Forschungsne","en-US","./livestream/master.m3u8","1571419020000","1569888000000",,"Fedora",,,"0","1",,"0","0","videojs",,"0","html5","videojs-7.6.0",,"BE","900","1600","0","WINDOW","0","rebuffering","hls","1571419063000","88337f65-5e01-4ca6-848e-da9508359b10","8000000",,"Horus Live","2816","2816","0","Horus Live","0","0","40035","40034",,,,,"web"
"v2.5.4","680","0",,"Mobile Safari","13","0","0",,"berlin","1571419064000","DE","95f5ad58-fcb0-4a8d-a1be-029834695bfc","Mozilla/5.0 (iPhone; CPU iPhone OS 13_1_3 like Mac OS X) AppleWebKit/605.1.15 (KHTML, like Gecko) Version/13.0.1 Mobile/15E148 Safari/604.1",,,,"3451d23d-d5ff-49b2-886e-10100cbcba4a","1571356800000","iPhone","192.168.247.92",,,"0","13678",,,"Festival of Lights - Demo","1571418000000","d7f0aae6-5e5a-4d69-83dd-d8aed53295da","193.175.2.0","false","true","true","Verein zur Foerderung eines Deutschen Forschungsne","en-GB","./livestream/master.m3u8","1571419020000","1569888000000",,"iOS","13","1","0","1",,"0","13678","videojs",,"0","html5","videojs-7.6.0",,"BE","568","320","0","WINDOW","0","playing","hls","1571419064000","8d077e78-f42c-407c-bb2f-131aef9b308d","0",,"Horus Live","2816","2816","0","Horus Live","0","0","278575","265799",,,,,"web"
"v2.5.4","680","0",,"Mobile Safari","13","0","123",,"berlin","1571419064000","DE","95f5ad58-fcb0-4a8d-a1be-029834695bfc","Mozilla/5.0 (iPhone; CPU iPhone OS 13_1_3 like Mac OS X) AppleWebKit/605.1.15 (KHTML, like Gecko) Version/13.0.1 Mobile/15E148 Safari/604.1",,,,"3451d23d-d5ff-49b2-886e-10100cbcba4a","1571356800000","iPhone","192.168.247.92",,,"0","123",,,"Festival of Lights - Demo","1571418000000","d7f0aae6-5e5a-4d69-83dd-d8aed53295da","193.175.2.0","false","true","true","Verein zur Foerderung eines Deutschen Forschungsne","en-GB","./livestream/master.m3u8","1571419020000","1569888000000",,"iOS","13","1","0","1",,"0","0","videojs",,"0","html5","videojs-7.6.0",,"BE","568","320","0","WINDOW","0","rebuffering","hls","1571419064000","8d077e78-f42c-407c-bb2f-131aef9b308d","0",,"Horus Live","2816","2816","0","Horus Live","0","0","278698","278575",,,,,"web"
"v2.5.4","680","0",,"Firefox","69","0","0",,"berlin","1571419065000","DE","434e57be-638f-4acd-be9e-8fc8257d6431","Mozilla/5.0 (X11; Fedora; Linux x86_64; rv:69.0) Gecko/20100101 Firefox/69.0",,,,"61a7ece2-f35c-4bba-8691-a6e45d491609","1571356800000","Other","panoplay.duckdns.org",,,"0","2071",,,"Festival of Lights - Demo","1571418000000","4b509f35-7b54-46f9-8af3-00c01d8dff9e","193.175.2.0","false","true","true","Verein zur Foerderung eines Deutschen Forschungsne","en-US","./livestream/master.m3u8","1571419020000","1569888000000",,"Fedora",,,"0","1",,"0","2071","videojs",,"0","html5","videojs-7.6.0",,"BE","900","1600","0","WINDOW","0","playing","hls","1571419065000","88337f65-5e01-4ca6-848e-da9508359b10","8000000",,"Horus Live","2816","2816","0","Horus Live","0","0","42025","40035",,,,,"web"
"v2.5.4","680","0",,"Firefox","69","0","196",,"berlin","1571419066000","DE","434e57be-638f-4acd-be9e-8fc8257d6431","Mozilla/5.0 (X11; Fedora; Linux x86_64; rv:69.0) Gecko/20100101 Firefox/69.0",,,,"61a7ece2-f35c-4bba-8691-a6e45d491609","1571356800000","Other","panoplay.duckdns.org",,,"0","196",,,"Festival of Lights - Demo","1571418000000","4b509f35-7b54-46f9-8af3-00c01d8dff9e","193.175.2.0","false","true","true","Verein zur Foerderung eines Deutschen Forschungsne","en-US","./livestream/master.m3u8","1571419020000","1569888000000",,"Fedora",,,"0","1",,"0","0","videojs",,"0","html5","videojs-7.6.0",,"BE","900","1600","0","WINDOW","0","rebuffering","hls","1571419066000","88337f65-5e01-4ca6-848e-da9508359b10","8000000",,"Horus Live","2816","2816","0","Horus Live","0","0","42025","42025",,,,,"web"
"v2.5.4","680","0",,"Mobile Safari","13","0","0",,"berlin","1571419072000","DE","95f5ad58-fcb0-4a8d-a1be-029834695bfc","Mozilla/5.0 (iPhone; CPU iPhone OS 13_1_3 like Mac OS X) AppleWebKit/605.1.15 (KHTML, like Gecko) Version/13.0.1 Mobile/15E148 Safari/604.1",,,,"3451d23d-d5ff-49b2-886e-10100cbcba4a","1571356800000","iPhone","192.168.247.92",,,"0","7670",,,"Festival of Lights - Demo","1571418000000","d7f0aae6-5e5a-4d69-83dd-d8aed53295da","193.175.2.0","false","true","true","Verein zur Foerderung eines Deutschen Forschungsne","en-GB","./livestream/master.m3u8","1571419020000","1569888000000",,"iOS","13","1","0","1",,"0","7670","videojs",,"0","html5","videojs-7.6.0",,"BE","568","320","0","WINDOW","0","playing","hls","1571419072000","8d077e78-f42c-407c-bb2f-131aef9b308d","0",,"Horus Live","2816","2816","0","Horus Live","0","0","286369","278698",,,,,"web"
"v2.5.4","680","0",,"Mobile Safari","13","0","453",,"berlin","1571419072000","DE","95f5ad58-fcb0-4a8d-a1be-029834695bfc","Mozilla/5.0 (iPhone; CPU iPhone OS 13_1_3 like Mac OS X) AppleWebKit/605.1.15 (KHTML, like Gecko) Version/13.0.1 Mobile/15E148 Safari/604.1",,,,"3451d23d-d5ff-49b2-886e-10100cbcba4a","1571356800000","iPhone","192.168.247.92",,,"0","453",,,"Festival of Lights - Demo","1571418000000","d7f0aae6-5e5a-4d69-83dd-d8aed53295da","193.175.2.0","false","true","true","Verein zur Foerderung eines Deutschen Forschungsne","en-GB","./livestream/master.m3u8","1571419020000","1569888000000",,"iOS","13","1","0","1",,"0","0","videojs",,"0","html5","videojs-7.6.0",,"BE","568","320","0","WINDOW","0","rebuffering","hls","1571419072000","8d077e78-f42c-407c-bb2f-131aef9b308d","0",,"Horus Live","2816","2816","0","Horus Live","0","0","286821","286369",,,,,"web"
"v2.5.4","680","0",,"Mobile Safari","13","0","0",,"berlin","1571419076000","DE","95f5ad58-fcb0-4a8d-a1be-029834695bfc","Mozilla/5.0 (iPhone; CPU iPhone OS 13_1_3 like Mac OS X) AppleWebKit/605.1.15 (KHTML, like Gecko) Version/13.0.1 Mobile/15E148 Safari/604.1",,,,"3451d23d-d5ff-49b2-886e-10100cbcba4a","1571356800000","iPhone","192.168.247.92",,,"0","3796",,,"Festival of Lights - Demo","1571418000000","d7f0aae6-5e5a-4d69-83dd-d8aed53295da","193.175.2.0","false","true","true","Verein zur Foerderung eines Deutschen Forschungsne","en-GB","./livestream/master.m3u8","1571419020000","1569888000000",,"iOS","13","1","0","1",,"0","3796","videojs",,"0","html5","videojs-7.6.0",,"BE","568","320","0","WINDOW","0","playing","hls","1571419076000","8d077e78-f42c-407c-bb2f-131aef9b308d","0",,"Horus Live","2816","2816","0","Horus Live","0","0","290618","286821",,,,,"web"
"v2.5.4","680","0",,"Mobile Safari","13","0","42",,"berlin","1571419076000","DE","95f5ad58-fcb0-4a8d-a1be-029834695bfc","Mozilla/5.0 (iPhone; CPU iPhone OS 13_1_3 like Mac OS X) AppleWebKit/605.1.15 (KHTML, like Gecko) Version/13.0.1 Mobile/15E148 Safari/604.1",,,,"3451d23d-d5ff-49b2-886e-10100cbcba4a","1571356800000","iPhone","192.168.247.92",,,"0","42",,,"Festival of Lights - Demo","1571418000000","d7f0aae6-5e5a-4d69-83dd-d8aed53295da","193.175.2.0","false","true","true","Verein zur Foerderung eines Deutschen Forschungsne","en-GB","./livestream/master.m3u8","1571419020000","1569888000000",,"iOS","13","1","0","1",,"0","0","videojs",,"0","html5","videojs-7.6.0",,"BE","568","320","0","WINDOW","0","rebuffering","hls","1571419076000","8d077e78-f42c-407c-bb2f-131aef9b308d","0",,"Horus Live","2816","2816","0","Horus Live","0","0","290660","290618",,,,,"web"
"v2.5.4","680","0",,"Firefox","69","0","0",,"berlin","1571419078000","DE","434e57be-638f-4acd-be9e-8fc8257d6431","Mozilla/5.0 (X11; Fedora; Linux x86_64; rv:69.0) Gecko/20100101 Firefox/69.0",,,,"61a7ece2-f35c-4bba-8691-a6e45d491609","1571356800000","Other","panoplay.duckdns.org",,,"0","12050",,,"Festival of Lights - Demo","1571418000000","4b509f35-7b54-46f9-8af3-00c01d8dff9e","193.175.2.0","false","true","true","Verein zur Foerderung eines Deutschen Forschungsne","en-US","./livestream/master.m3u8","1571419020000","1569888000000",,"Fedora",,,"0","1",,"0","12050","videojs",,"0","html5","videojs-7.6.0",,"BE","900","1600","0","WINDOW","0","playing","hls","1571419078000","88337f65-5e01-4ca6-848e-da9508359b10","8000000",,"Horus Live","2816","2816","0","Horus Live","0","0","54049","42025",,,,,"web"
"v2.5.4","680","0",,"Firefox","69","0","250",,"berlin","1571419078000","DE","434e57be-638f-4acd-be9e-8fc8257d6431","Mozilla/5.0 (X11; Fedora; Linux x86_64; rv:69.0) Gecko/20100101 Firefox/69.0",,,,"61a7ece2-f35c-4bba-8691-a6e45d491609","1571356800000","Other","panoplay.duckdns.org",,,"0","250",,,"Festival of Lights - Demo","1571418000000","4b509f35-7b54-46f9-8af3-00c01d8dff9e","193.175.2.0","false","true","true","Verein zur Foerderung eines Deutschen Forschungsne","en-US","./livestream/master.m3u8","1571419020000","1569888000000",,"Fedora",,,"0","1",,"0","0","videojs",,"0","html5","videojs-7.6.0",,"BE","900","1600","0","WINDOW","0","rebuffering","hls","1571419078000","88337f65-5e01-4ca6-848e-da9508359b10","8000000",,"Horus Live","2816","2816","0","Horus Live","0","0","54049","54049",,,,,"web"
"v2.5.4","680","0",,"Mobile Safari","13","0","3",,"berlin","1571419084000","DE","95f5ad58-fcb0-4a8d-a1be-029834695bfc","Mozilla/5.0 (iPhone; CPU iPhone OS 13_1_3 like Mac OS X) AppleWebKit/605.1.15 (KHTML, like Gecko) Version/13.0.1 Mobile/15E148 Safari/604.1",,,,"3451d23d-d5ff-49b2-886e-10100cbcba4a","1571356800000","iPhone","192.168.247.92",,,"0","3",,,"Festival of Lights - Demo","1571418000000","d7f0aae6-5e5a-4d69-83dd-d8aed53295da","193.175.2.0","false","true","true","Verein zur Foerderung eines Deutschen Forschungsne","en-GB","./livestream/master.m3u8","1571419080000","1569888000000",,"iOS","13","1","0","1",,"0","0","videojs",,"0","html5","videojs-7.6.0",,"BE","568","320","0","WINDOW","0","rebuffering","hls","1571419084000","8d077e78-f42c-407c-bb2f-131aef9b308d","0",,"Horus Live","2816","2816","0","Horus Live","0","0","298832","298829",,,,,"web"
"v2.5.4","680","0",,"Mobile Safari","13","0","0",,"berlin","1571419084000","DE","95f5ad58-fcb0-4a8d-a1be-029834695bfc","Mozilla/5.0 (iPhone; CPU iPhone OS 13_1_3 like Mac OS X) AppleWebKit/605.1.15 (KHTML, like Gecko) Version/13.0.1 Mobile/15E148 Safari/604.1",,,,"3451d23d-d5ff-49b2-886e-10100cbcba4a","1571356800000","iPhone","192.168.247.92",,,"0","8169",,,"Festival of Lights - Demo","1571418000000","d7f0aae6-5e5a-4d69-83dd-d8aed53295da","193.175.2.0","false","true","true","Verein zur Foerderung eines Deutschen Forschungsne","en-GB","./livestream/master.m3u8","1571419080000","1569888000000",,"iOS","13","1","0","1",,"0","8169","videojs",,"0","html5","videojs-7.6.0",,"BE","568","320","0","WINDOW","0","playing","hls","1571419084000","8d077e78-f42c-407c-bb2f-131aef9b308d","0",,"Horus Live","2816","2816","0","Horus Live","0","0","298829","290660",,,,,"web"
"v2.5.4","680","0",,"Mobile Safari","13","0","0",,"berlin","1571419088000","DE","95f5ad58-fcb0-4a8d-a1be-029834695bfc","Mozilla/5.0 (iPhone; CPU iPhone OS 13_1_3 like Mac OS X) AppleWebKit/605.1.15 (KHTML, like Gecko) Version/13.0.1 Mobile/15E148 Safari/604.1",,,,"3451d23d-d5ff-49b2-886e-10100cbcba4a","1571356800000","iPhone","192.168.247.92",,,"0","3931",,,"Festival of Lights - Demo","1571418000000","d7f0aae6-5e5a-4d69-83dd-d8aed53295da","193.175.2.0","false","true","true","Verein zur Foerderung eines Deutschen Forschungsne","en-GB","./livestream/master.m3u8","1571419080000","1569888000000",,"iOS","13","1","0","1",,"0","3931","videojs",,"0","html5","videojs-7.6.0",,"BE","568","320","0","WINDOW","0","playing","hls","1571419088000","8d077e78-f42c-407c-bb2f-131aef9b308d","0",,"Horus Live","2816","2816","0","Horus Live","0","0","302763","298832",,,,,"web"
"v2.5.4","680","0",,"Mobile Safari","13","0","175",,"berlin","1571419088000","DE","95f5ad58-fcb0-4a8d-a1be-029834695bfc","Mozilla/5.0 (iPhone; CPU iPhone OS 13_1_3 like Mac OS X) AppleWebKit/605.1.15 (KHTML, like Gecko) Version/13.0.1 Mobile/15E148 Safari/604.1",,,,"3451d23d-d5ff-49b2-886e-10100cbcba4a","1571356800000","iPhone","192.168.247.92",,,"0","175",,,"Festival of Lights - Demo","1571418000000","d7f0aae6-5e5a-4d69-83dd-d8aed53295da","193.175.2.0","false","true","true","Verein zur Foerderung eines Deutschen Forschungsne","en-GB","./livestream/master.m3u8","1571419080000","1569888000000",,"iOS","13","1","0","1",,"0","0","videojs",,"0","html5","videojs-7.6.0",,"BE","568","320","0","WINDOW","0","rebuffering","hls","1571419088000","8d077e78-f42c-407c-bb2f-131aef9b308d","0",,"Horus Live","2816","2816","0","Horus Live","0","0","302938","302763",,,,,"web"
"v2.5.4","680","0",,"Mobile Safari","13","0","0",,"berlin","1571419096000","DE","95f5ad58-fcb0-4a8d-a1be-029834695bfc","Mozilla/5.0 (iPhone; CPU iPhone OS 13_1_3 like Mac OS X) AppleWebKit/605.1.15 (KHTML, like Gecko) Version/13.0.1 Mobile/15E148 Safari/604.1",,,,"3451d23d-d5ff-49b2-886e-10100cbcba4a","1571356800000","iPhone","192.168.247.92",,,"0","8042",,,"Festival of Lights - Demo","1571418000000","d7f0aae6-5e5a-4d69-83dd-d8aed53295da","193.175.2.0","false","true","true","Verein zur Foerderung eines Deutschen Forschungsne","en-GB","./livestream/master.m3u8","1571419080000","1569888000000",,"iOS","13","1","0","1",,"0","8042","videojs",,"0","html5","videojs-7.6.0",,"BE","568","320","0","WINDOW","0","playing","hls","1571419096000","8d077e78-f42c-407c-bb2f-131aef9b308d","0",,"Horus Live","2816","2816","0","Horus Live","0","0","310981","302938",,,,,"web"
"v2.5.4","680","0",,"Mobile Safari","13","0","192",,"berlin","1571419096000","DE","95f5ad58-fcb0-4a8d-a1be-029834695bfc","Mozilla/5.0 (iPhone; CPU iPhone OS 13_1_3 like Mac OS X) AppleWebKit/605.1.15 (KHTML, like Gecko) Version/13.0.1 Mobile/15E148 Safari/604.1",,,,"3451d23d-d5ff-49b2-886e-10100cbcba4a","1571356800000","iPhone","192.168.247.92",,,"0","192",,,"Festival of Lights - Demo","1571418000000","d7f0aae6-5e5a-4d69-83dd-d8aed53295da","193.175.2.0","false","true","true","Verein zur Foerderung eines Deutschen Forschungsne","en-GB","./livestream/master.m3u8","1571419080000","1569888000000",,"iOS","13","1","0","1",,"0","0","videojs",,"0","html5","videojs-7.6.0",,"BE","568","320","0","WINDOW","0","rebuffering","hls","1571419096000","8d077e78-f42c-407c-bb2f-131aef9b308d","0",,"Horus Live","2816","2816","0","Horus Live","0","0","311172","310981",,,,,"web"
"v2.5.4","680","0",,"Mobile Safari","13","0","0",,"berlin","1571419098000","DE","95f5ad58-fcb0-4a8d-a1be-029834695bfc","Mozilla/5.0 (iPhone; CPU iPhone OS 13_1_3 like Mac OS X) AppleWebKit/605.1.15 (KHTML, like Gecko) Version/13.0.1 Mobile/15E148 Safari/604.1",,,,"3451d23d-d5ff-49b2-886e-10100cbcba4a","1571356800000","iPhone","192.168.247.92",,,"0","1681",,,"Festival of Lights - Demo","1571418000000","d7f0aae6-5e5a-4d69-83dd-d8aed53295da","193.175.2.0","false","true","true","Verein zur Foerderung eines Deutschen Forschungsne","en-GB","./livestream/master.m3u8","1571419080000","1569888000000",,"iOS","13","1","0","1",,"0","1681","videojs",,"0","html5","videojs-7.6.0",,"BE","568","320","0","WINDOW","0","playing","hls","1571419098000","8d077e78-f42c-407c-bb2f-131aef9b308d","0",,"Horus Live","2816","2816","0","Horus Live","0","0","312841","311172",,,,,"web"
"v2.5.4","680","0",,"Mobile Safari","13","0","0",,"berlin","1571419125000","DE","95f5ad58-fcb0-4a8d-a1be-029834695bfc","Mozilla/5.0 (iPhone; CPU iPhone OS 13_1_3 like Mac OS X) AppleWebKit/605.1.15 (KHTML, like Gecko) Version/13.0.1 Mobile/15E148 Safari/604.1",,,,"3451d23d-d5ff-49b2-886e-10100cbcba4a","1571356800000","iPhone","192.168.247.92",,,"0","4",,,"Festival of Lights - Demo","1571418000000","d7f0aae6-5e5a-4d69-83dd-d8aed53295da","193.175.2.0","false","true","true","Verein zur Foerderung eines Deutschen Forschungsne","en-GB","./livestream/master.m3u8","1571419080000","1569888000000",,"iOS","13","1","0","1",,"0","4","videojs",,"0","html5","videojs-7.6.0",,"BE","568","320","0","WINDOW","0","playing","hls","1571419125000","8d077e78-f42c-407c-bb2f-131aef9b308d","0",,"Horus Live","2816","2816","0","Horus Live","0","0","312841","312841",,,,,"web"
"v2.5.4","680","0",,"Mobile Safari","13","0","0",,"berlin","1571419125000","DE","95f5ad58-fcb0-4a8d-a1be-029834695bfc","Mozilla/5.0 (iPhone; CPU iPhone OS 13_1_3 like Mac OS X) AppleWebKit/605.1.15 (KHTML, like Gecko) Version/13.0.1 Mobile/15E148 Safari/604.1",,,,"3451d23d-d5ff-49b2-886e-10100cbcba4a","1571356800000","iPhone","192.168.247.92",,,"0","25962",,,"Festival of Lights - Demo","1571418000000","d7f0aae6-5e5a-4d69-83dd-d8aed53295da","193.175.2.0","false","true","true","Verein zur Foerderung eines Deutschen Forschungsne","en-GB","./livestream/master.m3u8","1571419080000","1569888000000",,"iOS","13","1","0","1",,"25962","0","videojs",,"0","html5","videojs-7.6.0",,"BE","568","320","0","WINDOW","0","pause","hls","1571419125000","8d077e78-f42c-407c-bb2f-131aef9b308d","0",,"Horus Live","2816","2816","0","Horus Live","0","0","312841","312841",,,,,"web"
"v2.5.4","680","0",,"Mobile Safari","13","0","1002",,"berlin","1571419125000","DE","95f5ad58-fcb0-4a8d-a1be-029834695bfc","Mozilla/5.0 (iPhone; CPU iPhone OS 13_1_3 like Mac OS X) AppleWebKit/605.1.15 (KHTML, like Gecko) Version/13.0.1 Mobile/15E148 Safari/604.1",,,,"3451d23d-d5ff-49b2-886e-10100cbcba4a","1571356800000","iPhone","192.168.247.92",,,"0","1002",,,"Festival of Lights - Demo","1571418000000","d7f0aae6-5e5a-4d69-83dd-d8aed53295da","193.175.2.0","false","true","true","Verein zur Foerderung eines Deutschen Forschungsne","en-GB","./livestream/master.m3u8","1571419080000","1569888000000",,"iOS","13","1","0","1",,"0","0","videojs",,"0","html5","videojs-7.6.0",,"BE","568","320","0","FULLSCREEN","0","rebuffering","hls","1571419125000","8d077e78-f42c-407c-bb2f-131aef9b308d","0",,"Horus Live","2816","2816","0","Horus Live","0","0","333897","312841",,,,,"web"
"v2.5.4","680","0",,"Mobile Safari","13","0","425",,"berlin","1571419129000","DE","95f5ad58-fcb0-4a8d-a1be-029834695bfc","Mozilla/5.0 (iPhone; CPU iPhone OS 13_1_3 like Mac OS X) AppleWebKit/605.1.15 (KHTML, like Gecko) Version/13.0.1 Mobile/15E148 Safari/604.1",,,,"3451d23d-d5ff-49b2-886e-10100cbcba4a","1571356800000","iPhone","192.168.247.92",,,"0","425",,,"Festival of Lights - Demo","1571418000000","d7f0aae6-5e5a-4d69-83dd-d8aed53295da","193.175.2.0","false","true","true","Verein zur Foerderung eines Deutschen Forschungsne","en-GB","./livestream/master.m3u8","1571419080000","1569888000000",,"iOS","13","1","0","1",,"0","0","videojs",,"0","html5","videojs-7.6.0",,"BE","568","320","0","FULLSCREEN","0","rebuffering","hls","1571419129000","8d077e78-f42c-407c-bb2f-131aef9b308d","0",,"Horus Live","2816","2816","0","Horus Live","0","0","338232","337807",,,,,"web"
"v2.5.4","680","0",,"Mobile Safari","13","0","0",,"berlin","1571419129000","DE","95f5ad58-fcb0-4a8d-a1be-029834695bfc","Mozilla/5.0 (iPhone; CPU iPhone OS 13_1_3 like Mac OS X) AppleWebKit/605.1.15 (KHTML, like Gecko) Version/13.0.1 Mobile/15E148 Safari/604.1",,,,"3451d23d-d5ff-49b2-886e-10100cbcba4a","1571356800000","iPhone","192.168.247.92",,,"0","3910",,,"Festival of Lights - Demo","1571418000000","d7f0aae6-5e5a-4d69-83dd-d8aed53295da","193.175.2.0","false","true","true","Verein zur Foerderung eines Deutschen Forschungsne","en-GB","./livestream/master.m3u8","1571419080000","1569888000000",,"iOS","13","1","0","1",,"0","3910","videojs",,"0","html5","videojs-7.6.0",,"BE","568","320","0","FULLSCREEN","0","playing","hls","1571419129000","8d077e78-f42c-407c-bb2f-131aef9b308d","0",,"Horus Live","2816","2816","0","Horus Live","0","0","337807","333897",,,,,"web"
"v2.5.4","680","0",,"Mobile Safari","13","0","0",,"berlin","1571419130000","DE","95f5ad58-fcb0-4a8d-a1be-029834695bfc","Mozilla/5.0 (iPhone; CPU iPhone OS 13_1_3 like Mac OS X) AppleWebKit/605.1.15 (KHTML, like Gecko) Version/13.0.1 Mobile/15E148 Safari/604.1",,,,"3451d23d-d5ff-49b2-886e-10100cbcba4a","1571356800000","iPhone","192.168.247.92",,,"0","107",,,"Festival of Lights - Demo","1571418000000","d7f0aae6-5e5a-4d69-83dd-d8aed53295da","193.175.2.0","false","true","true","Verein zur Foerderung eines Deutschen Forschungsne","en-GB","./livestream/master.m3u8","1571419080000","1569888000000",,"iOS","13","1","0","1",,"0","107","videojs",,"0","html5","videojs-7.6.0",,"BE","568","320","0","FULLSCREEN","0","playing","hls","1571419130000","8d077e78-f42c-407c-bb2f-131aef9b308d","0",,"Horus Live","2816","2816","0","Horus Live","0","0","338329","338232",,,,,"web"
"v2.5.4","680","0",,"Firefox","69","0","0",,"berlin","1571419138000","DE","434e57be-638f-4acd-be9e-8fc8257d6431","Mozilla/5.0 (X11; Fedora; Linux x86_64; rv:69.0) Gecko/20100101 Firefox/69.0",,,,"61a7ece2-f35c-4bba-8691-a6e45d491609","1571356800000","Other","panoplay.duckdns.org",,,"0","60008",,,"Festival of Lights - Demo","1571418000000","4b509f35-7b54-46f9-8af3-00c01d8dff9e","193.175.2.0","false","true","true","Verein zur Foerderung eines Deutschen Forschungsne","en-US","./livestream/master.m3u8","1571419080000","1569888000000",,"Fedora",,,"0","1",,"0","60008","videojs",,"0","html5","videojs-7.6.0",,"BE","900","1600","0","WINDOW","0","playing","hls","1571419138000","88337f65-5e01-4ca6-848e-da9508359b10","8000000",,"Horus Live","2816","2816","0","Horus Live","0","0","114008","54049",,,,,"web"
"v2.5.4","680","0",,"Chrome Mobile","77","0","0",,"berlin","1571419143000","DE","1e18764b-11c6-4023-8482-fa7b6952ae46","Mozilla/5.0 (Linux; Android 9; SM-G973F) AppleWebKit/537.36 (KHTML, like Gecko) Chrome/77.0.3865.116 Mobile Safari/537.36",,,,"957fb99d-34ba-41b2-800f-fca3b877b9d7","1571356800000","Samsung SM-G973F","panoplay.duckdns.org",,,"0","0",,,"Festival of Lights - Demo","1571418000000","633e82dc-5b7e-43e8-baf4-6a6dbc51d205","193.175.2.0","false","false","true","Verein zur Foerderung eines Deutschen Forschungsne","en-US","./livestream/master.m3u8","1571419140000","1569888000000",,"Android","9",,"0","1",,"0","0","videojs",,"0","html5","videojs-7.6.0",,"BE","869","412","0","WINDOW","0","error","hls","1571419143000","fcd0cada-2ea1-470d-9678-f8a9bce11add","0","0","Horus Live","0","0","0","Horus Live","0","0","0","0",,,,,"web"
"v2.5.4","680","0","true","Chrome Mobile","77","0","0",,"berlin","1571419144000","DE","c0b07d9c-7c36-45df-ac3e-b6f655205b4c","Mozilla/5.0 (Linux; Android 9; SM-G973F) AppleWebKit/537.36 (KHTML, like Gecko) Chrome/77.0.3865.116 Mobile Safari/537.36",,,,"957fb99d-34ba-41b2-800f-fca3b877b9d7","1571356800000","Samsung SM-G973F","panoplay.duckdns.org",,,"0","167",,,"Festival of Lights - Demo","1571418000000","3637b17a-7137-484a-85ff-89054b1243a2","193.175.2.0","false","false","true","Verein zur Foerderung eines Deutschen Forschungsne","en-US","./livestream/master.m3u8","1571419140000","1569888000000",,"Android","9",,"0","1",,"0","0","videojs",,"0","html5","videojs-7.6.0",,"BE","869","412","0","WINDOW","219","startup","hls","1571419144000","fcd0cada-2ea1-470d-9678-f8a9bce11add","0","0","Horus Live","0","0","167","Horus Live","0","0","0","0",,,,,"web"
"v2.5.4","680","0",,"Chrome Mobile","77","0","0",,"berlin","1571419144000","DE","c0b07d9c-7c36-45df-ac3e-b6f655205b4c","Mozilla/5.0 (Linux; Android 9; SM-G973F) AppleWebKit/537.36 (KHTML, like Gecko) Chrome/77.0.3865.116 Mobile Safari/537.36",,,,"957fb99d-34ba-41b2-800f-fca3b877b9d7","1571356800000","Samsung SM-G973F","panoplay.duckdns.org",,,"0","52",,,"Festival of Lights - Demo","1571418000000","3637b17a-7137-484a-85ff-89054b1243a2","193.175.2.0","false","false","true","Verein zur Foerderung eines Deutschen Forschungsne","en-US","./livestream/master.m3u8","1571419140000","1569888000000",,"Android","9",,"524","1",,"0","0","videojs",,"52","html5","videojs-7.6.0",,"BE","869","412","0","WINDOW","0","setup","hls","1571419144000","fcd0cada-2ea1-470d-9678-f8a9bce11add","0","0","Horus Live","0","0","0","Horus Live","0","0","0","0",,,,,"web"
"v2.5.4","680","0",,"Chrome Mobile","77","0","0",,"berlin","1571419144000","DE","c0b07d9c-7c36-45df-ac3e-b6f655205b4c","Mozilla/5.0 (Linux; Android 9; SM-G973F) AppleWebKit/537.36 (KHTML, like Gecko) Chrome/77.0.3865.116 Mobile Safari/537.36",,,,"957fb99d-34ba-41b2-800f-fca3b877b9d7","1571356800000","Samsung SM-G973F","panoplay.duckdns.org",,,"0","0","3","The media playback was aborted due to a corruption problem or because the media used features your browser did not support.","Festival of Lights - Demo","1571418000000","3637b17a-7137-484a-85ff-89054b1243a2","193.175.2.0","false","false","true","Verein zur Foerderung eines Deutschen Forschungsne","en-US","./livestream/master.m3u8","1571419140000","1569888000000",,"Android","9",,"0","1",,"0","0","videojs",,"0","html5","videojs-7.6.0",,"BE","869","412","0","WINDOW","0","error","hls","1571419144000","fcd0cada-2ea1-470d-9678-f8a9bce11add","0","0","Horus Live","0","0","0","Horus Live","0","0","0","0",,,,,"web"
"v2.5.4","680","0",,"Mobile Safari","12","1","0",,"berlin","1571419159000","DE","cb98e0e4-2ea8-48ea-b786-46b41f6c57bd","Mozilla/5.0 (iPhone; CPU iPhone OS 12_4_1 like Mac OS X) AppleWebKit/605.1.15 (KHTML, like Gecko) Version/12.1.2 Mobile/15E148 Safari/604.1",,,,"1ef1b7d8-2dfa-47d2-a5ee-48109b3298f9","1571356800000","iPhone","panoplay.duckdns.org",,,"0","167201",,,"Festival of Lights - Demo","1571418000000","08762985-5600-4cf9-98ae-14ee704a8b87","193.175.2.0","false","true","true","Verein zur Foerderung eines Deutschen Forschungsne","de-DE","./livestream/master.m3u8","1571419140000","1569888000000",,"iOS","12","4","0","1",,"167201","0","videojs",,"0","html5","videojs-7.6.0",,"BE","568","320","0","WINDOW","0","pause","hls","1571419159000","74a44c14-0c42-4a37-b53e-08d0b8f7544f","0",,"Horus Live","2816","2816","0","Horus Live","0","0","4008","100891",,,,,"web"
"v2.5.4","680","0",,"Firefox","69","0","315",,"berlin","1571419162000","DE","434e57be-638f-4acd-be9e-8fc8257d6431","Mozilla/5.0 (X11; Fedora; Linux x86_64; rv:69.0) Gecko/20100101 Firefox/69.0",,,,"61a7ece2-f35c-4bba-8691-a6e45d491609","1571356800000","Other","panoplay.duckdns.org",,,"0","315",,,"Festival of Lights - Demo","1571418000000","4b509f35-7b54-46f9-8af3-00c01d8dff9e","193.175.2.0","false","true","true","Verein zur Foerderung eines Deutschen Forschungsne","en-US","./livestream/master.m3u8","1571419140000","1569888000000",,"Fedora",,,"0","1",,"0","0","videojs",,"0","html5","videojs-7.6.0",,"BE","900","1600","0","WINDOW","0","rebuffering","hls","1571419162000","88337f65-5e01-4ca6-848e-da9508359b10","8000000",,"Horus Live","2816","2816","0","Horus Live","0","0","138183","138138",,,,,"web"
"v2.5.4","680","0",,"Firefox","69","0","0",,"berlin","1571419162000","DE","434e57be-638f-4acd-be9e-8fc8257d6431","Mozilla/5.0 (X11; Fedora; Linux x86_64; rv:69.0) Gecko/20100101 Firefox/69.0",,,,"61a7ece2-f35c-4bba-8691-a6e45d491609","1571356800000","Other","panoplay.duckdns.org",,,"0","24106",,,"Festival of Lights - Demo","1571418000000","4b509f35-7b54-46f9-8af3-00c01d8dff9e","193.175.2.0","false","true","true","Verein zur Foerderung eines Deutschen Forschungsne","en-US","./livestream/master.m3u8","1571419140000","1569888000000",,"Fedora",,,"0","1",,"0","24106","videojs",,"0","html5","videojs-7.6.0",,"BE","900","1600","0","WINDOW","0","playing","hls","1571419162000","88337f65-5e01-4ca6-848e-da9508359b10","8000000",,"Horus Live","2816","2816","0","Horus Live","0","0","138138","114008",,,,,"web"
"v2.5.4","680","0",,"Mobile Safari","12","1","0",,"berlin","1571419166000","DE","cb98e0e4-2ea8-48ea-b786-46b41f6c57bd","Mozilla/5.0 (iPhone; CPU iPhone OS 12_4_1 like Mac OS X) AppleWebKit/605.1.15 (KHTML, like Gecko) Version/12.1.2 Mobile/15E148 Safari/604.1",,,,"1ef1b7d8-2dfa-47d2-a5ee-48109b3298f9","1571356800000","iPhone","panoplay.duckdns.org",,,"0","7720",,,"Festival of Lights - Demo","1571418000000","08762985-5600-4cf9-98ae-14ee704a8b87","193.175.2.0","false","true","true","Verein zur Foerderung eines Deutschen Forschungsne","de-DE","./livestream/master.m3u8","1571419140000","1569888000000",,"iOS","12","4","0","1",,"0","7720","videojs",,"0","html5","videojs-7.6.0",,"BE","568","320","0","FULLSCREEN","0","playing","hls","1571419166000","74a44c14-0c42-4a37-b53e-08d0b8f7544f","0",,"Horus Live","2816","2816","0","Horus Live","0","0","11727","4008",,,,,"web"
"v2.5.4","680","0",,"Mobile Safari","12","1","204",,"berlin","1571419166000","DE","cb98e0e4-2ea8-48ea-b786-46b41f6c57bd","Mozilla/5.0 (iPhone; CPU iPhone OS 12_4_1 like Mac OS X) AppleWebKit/605.1.15 (KHTML, like Gecko) Version/12.1.2 Mobile/15E148 Safari/604.1",,,,"1ef1b7d8-2dfa-47d2-a5ee-48109b3298f9","1571356800000","iPhone","panoplay.duckdns.org",,,"0","204",,,"Festival of Lights - Demo","1571418000000","08762985-5600-4cf9-98ae-14ee704a8b87","193.175.2.0","false","true","true","Verein zur Foerderung eines Deutschen Forschungsne","de-DE","./livestream/master.m3u8","1571419140000","1569888000000",,"iOS","12","4","0","1",,"0","0","videojs",,"0","html5","videojs-7.6.0",,"BE","568","320","0","FULLSCREEN","0","rebuffering","hls","1571419166000","74a44c14-0c42-4a37-b53e-08d0b8f7544f","0",,"Horus Live","2816","2816","0","Horus Live","0","0","11931","11727",,,,,"web"
"v2.5.4","680","0",,"Mobile Safari","12","1","0",,"berlin","1571419169000","DE","cb98e0e4-2ea8-48ea-b786-46b41f6c57bd","Mozilla/5.0 (iPhone; CPU iPhone OS 12_4_1 like Mac OS X) AppleWebKit/605.1.15 (KHTML, like Gecko) Version/12.1.2 Mobile/15E148 Safari/604.1",,,,"1ef1b7d8-2dfa-47d2-a5ee-48109b3298f9","1571356800000","iPhone","panoplay.duckdns.org",,,"0","3332",,,"Festival of Lights - Demo","1571418000000","08762985-5600-4cf9-98ae-14ee704a8b87","193.175.2.0","false","true","true","Verein zur Foerderung eines Deutschen Forschungsne","de-DE","./livestream/master.m3u8","1571419140000","1569888000000",,"iOS","12","4","0","1",,"0","3332","videojs",,"0","html5","videojs-7.6.0",,"BE","568","320","0","FULLSCREEN","0","playing","hls","1571419169000","74a44c14-0c42-4a37-b53e-08d0b8f7544f","0",,"Horus Live","2816","2816","0","Horus Live","0","0","15264","11931",,,,,"web"
"v2.5.4","680","0",,"Mobile Safari","12","1","233",,"berlin","1571419170000","DE","cb98e0e4-2ea8-48ea-b786-46b41f6c57bd","Mozilla/5.0 (iPhone; CPU iPhone OS 12_4_1 like Mac OS X) AppleWebKit/605.1.15 (KHTML, like Gecko) Version/12.1.2 Mobile/15E148 Safari/604.1",,,,"1ef1b7d8-2dfa-47d2-a5ee-48109b3298f9","1571356800000","iPhone","panoplay.duckdns.org",,,"0","233",,,"Festival of Lights - Demo","1571418000000","08762985-5600-4cf9-98ae-14ee704a8b87","193.175.2.0","false","true","true","Verein zur Foerderung eines Deutschen Forschungsne","de-DE","./livestream/master.m3u8","1571419140000","1569888000000",,"iOS","12","4","0","1",,"0","0","videojs",,"0","html5","videojs-7.6.0",,"BE","568","320","0","FULLSCREEN","0","rebuffering","hls","1571419170000","74a44c14-0c42-4a37-b53e-08d0b8f7544f","0",,"Horus Live","2816","2816","0","Horus Live","0","0","15497","15264",,,,,"web"
"v2.5.4","680","0",,"Chrome Mobile","77","0","0",,"berlin","1571419170000","DE","c0b07d9c-7c36-45df-ac3e-b6f655205b4c","Mozilla/5.0 (Linux; Android 9; SM-G973F) AppleWebKit/537.36 (KHTML, like Gecko) Chrome/77.0.3865.116 Mobile Safari/537.36",,,,"957fb99d-34ba-41b2-800f-fca3b877b9d7","1571356800000","Samsung SM-G973F","panoplay.duckdns.org",,,"0","0",,,"Festival of Lights - Demo","1571418000000","3637b17a-7137-484a-85ff-89054b1243a2","193.175.2.0","false","false","true","Verein zur Foerderung eines Deutschen Forschungsne","en-US","./livestream/master.m3u8","1571419140000","1569888000000",,"Android","9",,"0","1",,"0","0","videojs",,"0","html5","videojs-7.6.0",,"BE","869","412","0","WINDOW","0","error","hls","1571419170000","fcd0cada-2ea1-470d-9678-f8a9bce11add","0","0","Horus Live","0","0","0","Horus Live","0","0","0","0",,,,,"web"
"v2.5.4","680","0",,"Chrome Mobile","77","0","0",,"berlin","1571419170000","DE","0cbe4844-d26c-404a-908d-60a573b0fed1","Mozilla/5.0 (Linux; Android 9; SM-G973F) AppleWebKit/537.36 (KHTML, like Gecko) Chrome/77.0.3865.116 Mobile Safari/537.36",,,,"957fb99d-34ba-41b2-800f-fca3b877b9d7","1571356800000","Samsung SM-G973F","panoplay.duckdns.org",,,"0","50",,,"Festival of Lights - Demo","1571418000000","7059202a-c539-4ed5-a997-61215db45cf7","193.175.2.0","false","false","true","Verein zur Foerderung eines Deutschen Forschungsne","en-US","./livestream/master.m3u8","1571419140000","1569888000000",,"Android","9",,"224","1",,"0","0","videojs",,"50","html5","videojs-7.6.0",,"BE","869","412","0","WINDOW","0","setup","hls","1571419170000","fcd0cada-2ea1-470d-9678-f8a9bce11add","0","0","Horus Live","0","0","0","Horus Live","0","0","0","0",,,,,"web"
"v2.5.4","680","0","true","Chrome Mobile","77","0","0",,"berlin","1571419170000","DE","0cbe4844-d26c-404a-908d-60a573b0fed1","Mozilla/5.0 (Linux; Android 9; SM-G973F) AppleWebKit/537.36 (KHTML, like Gecko) Chrome/77.0.3865.116 Mobile Safari/537.36",,,,"957fb99d-34ba-41b2-800f-fca3b877b9d7","1571356800000","Samsung SM-G973F","panoplay.duckdns.org",,,"0","5",,,"Festival of Lights - Demo","1571418000000","7059202a-c539-4ed5-a997-61215db45cf7","193.175.2.0","false","false","true","Verein zur Foerderung eines Deutschen Forschungsne","en-US","./livestream/master.m3u8","1571419140000","1569888000000",,"Android","9",,"0","1",,"0","0","videojs",,"0","html5","videojs-7.6.0",,"BE","869","412","0","WINDOW","55","startup","hls","1571419170000","fcd0cada-2ea1-470d-9678-f8a9bce11add","0","0","Horus Live","0","0","5","Horus Live","0","0","0","0",,,,,"web"
"v2.5.4","680","0",,"Chrome Mobile","77","0","0",,"berlin","1571419170000","DE","0cbe4844-d26c-404a-908d-60a573b0fed1","Mozilla/5.0 (Linux; Android 9; SM-G973F) AppleWebKit/537.36 (KHTML, like Gecko) Chrome/77.0.3865.116 Mobile Safari/537.36",,,,"957fb99d-34ba-41b2-800f-fca3b877b9d7","1571356800000","Samsung SM-G973F","panoplay.duckdns.org",,,"0","0","3","The media playback was aborted due to a corruption problem or because the media used features your browser did not support.","Festival of Lights - Demo","1571418000000","7059202a-c539-4ed5-a997-61215db45cf7","193.175.2.0","false","false","true","Verein zur Foerderung eines Deutschen Forschungsne","en-US","./livestream/master.m3u8","1571419140000","1569888000000",,"Android","9",,"0","1",,"0","0","videojs",,"0","html5","videojs-7.6.0",,"BE","869","412","0","WINDOW","0","error","hls","1571419170000","fcd0cada-2ea1-470d-9678-f8a9bce11add","0","0","Horus Live","0","0","0","Horus Live","0","0","0","0",,,,,"web"
"v2.5.4","680","0",,"Mobile Safari","12","1","0",,"berlin","1571419175000","DE","cb98e0e4-2ea8-48ea-b786-46b41f6c57bd","Mozilla/5.0 (iPhone; CPU iPhone OS 12_4_1 like Mac OS X) AppleWebKit/605.1.15 (KHTML, like Gecko) Version/12.1.2 Mobile/15E148 Safari/604.1",,,,"1ef1b7d8-2dfa-47d2-a5ee-48109b3298f9","1571356800000","iPhone","panoplay.duckdns.org",,,"0","5741",,,"Festival of Lights - Demo","1571418000000","08762985-5600-4cf9-98ae-14ee704a8b87","193.175.2.0","false","true","true","Verein zur Foerderung eines Deutschen Forschungsne","de-DE","./livestream/master.m3u8","1571419140000","1569888000000",,"iOS","12","4","0","1",,"0","5741","videojs",,"0","html5","videojs-7.6.0",,"BE","568","320","0","FULLSCREEN","0","playing","hls","1571419175000","74a44c14-0c42-4a37-b53e-08d0b8f7544f","0",,"Horus Live","2816","2816","0","Horus Live","0","0","21238","15497",,,,,"web"
"v2.5.4","680","0",,"Mobile Safari","12","1","68",,"berlin","1571419176000","DE","cb98e0e4-2ea8-48ea-b786-46b41f6c57bd","Mozilla/5.0 (iPhone; CPU iPhone OS 12_4_1 like Mac OS X) AppleWebKit/605.1.15 (KHTML, like Gecko) Version/12.1.2 Mobile/15E148 Safari/604.1",,,,"1ef1b7d8-2dfa-47d2-a5ee-48109b3298f9","1571356800000","iPhone","panoplay.duckdns.org",,,"0","68",,,"Festival of Lights - Demo","1571418000000","08762985-5600-4cf9-98ae-14ee704a8b87","193.175.2.0","false","true","true","Verein zur Foerderung eines Deutschen Forschungsne","de-DE","./livestream/master.m3u8","1571419140000","1569888000000",,"iOS","12","4","0","1",,"0","0","videojs",,"0","html5","videojs-7.6.0",,"BE","568","320","0","FULLSCREEN","0","rebuffering","hls","1571419176000","74a44c14-0c42-4a37-b53e-08d0b8f7544f","0",,"Horus Live","2816","2816","0","Horus Live","0","0","21306","21238",,,,,"web"
"v2.5.4","680","0",,"Mobile Safari","12","1","213",,"berlin","1571419185000","DE","cb98e0e4-2ea8-48ea-b786-46b41f6c57bd","Mozilla/5.0 (iPhone; CPU iPhone OS 12_4_1 like Mac OS X) AppleWebKit/605.1.15 (KHTML, like Gecko) Version/12.1.2 Mobile/15E148 Safari/604.1",,,,"1ef1b7d8-2dfa-47d2-a5ee-48109b3298f9","1571356800000","iPhone","panoplay.duckdns.org",,,"0","213",,,"Festival of Lights - Demo","1571418000000","08762985-5600-4cf9-98ae-14ee704a8b87","193.175.2.0","false","true","true","Verein zur Foerderung eines Deutschen Forschungsne","de-DE","./livestream/master.m3u8","1571419140000","1569888000000",,"iOS","12","4","0","1",,"0","0","videojs",,"0","html5","videojs-7.6.0",,"BE","568","320","0","FULLSCREEN","0","rebuffering","hls","1571419185000","74a44c14-0c42-4a37-b53e-08d0b8f7544f","0",,"Horus Live","2816","2816","0","Horus Live","0","0","30583","30371",,,,,"web"
"v2.5.4","680","0",,"Mobile Safari","12","1","0",,"berlin","1571419185000","DE","cb98e0e4-2ea8-48ea-b786-46b41f6c57bd","Mozilla/5.0 (iPhone; CPU iPhone OS 12_4_1 like Mac OS X) AppleWebKit/605.1.15 (KHTML, like Gecko) Version/12.1.2 Mobile/15E148 Safari/604.1",,,,"1ef1b7d8-2dfa-47d2-a5ee-48109b3298f9","1571356800000","iPhone","panoplay.duckdns.org",,,"0","9065",,,"Festival of Lights - Demo","1571418000000","08762985-5600-4cf9-98ae-14ee704a8b87","193.175.2.0","false","true","true","Verein zur Foerderung eines Deutschen Forschungsne","de-DE","./livestream/master.m3u8","1571419140000","1569888000000",,"iOS","12","4","0","1",,"0","9065","videojs",,"0","html5","videojs-7.6.0",,"BE","568","320","0","FULLSCREEN","0","playing","hls","1571419185000","74a44c14-0c42-4a37-b53e-08d0b8f7544f","0",,"Horus Live","2816","2816","0","Horus Live","0","0","30371","21306",,,,,"web"
"v2.5.4","680","0",,"Mobile Safari","12","1","0",,"berlin","1571419186000","DE","cb98e0e4-2ea8-48ea-b786-46b41f6c57bd","Mozilla/5.0 (iPhone; CPU iPhone OS 12_4_1 like Mac OS X) AppleWebKit/605.1.15 (KHTML, like Gecko) Version/12.1.2 Mobile/15E148 Safari/604.1",,,,"1ef1b7d8-2dfa-47d2-a5ee-48109b3298f9","1571356800000","iPhone","panoplay.duckdns.org",,,"0","889",,,"Festival of Lights - Demo","1571418000000","08762985-5600-4cf9-98ae-14ee704a8b87","193.175.2.0","false","true","true","Verein zur Foerderung eines Deutschen Forschungsne","de-DE","./livestream/master.m3u8","1571419140000","1569888000000",,"iOS","12","4","0","1",,"0","889","videojs",,"0","html5","videojs-7.6.0",,"BE","568","320","0","WINDOW","0","playing","hls","1571419186000","74a44c14-0c42-4a37-b53e-08d0b8f7544f","0",,"Horus Live","2816","2816","0","Horus Live","0","0","31447","30583",,,,,"web"
"v2.5.4","680","0",,"Firefox","69","0","0",,"berlin","1571419190000","DE","434e57be-638f-4acd-be9e-8fc8257d6431","Mozilla/5.0 (X11; Fedora; Linux x86_64; rv:69.0) Gecko/20100101 Firefox/69.0",,,,"61a7ece2-f35c-4bba-8691-a6e45d491609","1571356800000","Other","panoplay.duckdns.org",,,"0","28028",,,"Festival of Lights - Demo","1571418000000","4b509f35-7b54-46f9-8af3-00c01d8dff9e","193.175.2.0","false","true","true","Verein zur Foerderung eines Deutschen Forschungsne","en-US","./livestream/master.m3u8","1571419140000","1569888000000",,"Fedora",,,"0","1",,"0","28028","videojs",,"0","html5","videojs-7.6.0",,"BE","900","1600","0","WINDOW","0","playing","hls","1571419190000","88337f65-5e01-4ca6-848e-da9508359b10","8000000",,"Horus Live","2816","2816","0","Horus Live","0","0","166166","138183",,,,,"web"
"v2.5.4","680","0",,"Firefox","69","0","521",,"berlin","1571419190000","DE","434e57be-638f-4acd-be9e-8fc8257d6431","Mozilla/5.0 (X11; Fedora; Linux x86_64; rv:69.0) Gecko/20100101 Firefox/69.0",,,,"61a7ece2-f35c-4bba-8691-a6e45d491609","1571356800000","Other","panoplay.duckdns.org",,,"0","521",,,"Festival of Lights - Demo","1571418000000","4b509f35-7b54-46f9-8af3-00c01d8dff9e","193.175.2.0","false","true","true","Verein zur Foerderung eines Deutschen Forschungsne","en-US","./livestream/master.m3u8","1571419140000","1569888000000",,"Fedora",,,"0","1",,"0","0","videojs",,"0","html5","videojs-7.6.0",,"BE","900","1600","0","WINDOW","0","rebuffering","hls","1571419190000","88337f65-5e01-4ca6-848e-da9508359b10","8000000",,"Horus Live","2816","2816","0","Horus Live","0","0","166171","166166",,,,,"web"
"v2.5.4","680","0",,"Chrome Mobile","77","0","0",,"berlin","1571419190000","DE","0cbe4844-d26c-404a-908d-60a573b0fed1","Mozilla/5.0 (Linux; Android 9; SM-G973F) AppleWebKit/537.36 (KHTML, like Gecko) Chrome/77.0.3865.116 Mobile Safari/537.36",,,,"957fb99d-34ba-41b2-800f-fca3b877b9d7","1571356800000","Samsung SM-G973F","panoplay.duckdns.org",,,"0","0",,,"Festival of Lights - Demo","1571418000000","7059202a-c539-4ed5-a997-61215db45cf7","193.175.2.0","false","false","true","Verein zur Foerderung eines Deutschen Forschungsne","en-US","./livestream/master.m3u8","1571419140000","1569888000000",,"Android","9",,"0","1",,"0","0","videojs",,"0","html5","videojs-7.6.0",,"BE","869","412","0","WINDOW","0","error","hls","1571419190000","fcd0cada-2ea1-470d-9678-f8a9bce11add","0","0","Horus Live","0","0","0","Horus Live","0","0","0","0",,,,,"web"
"v2.5.4","680","0",,"Chrome Mobile","77","0","0",,"berlin","1571419212000","DE","508513a0-a6f4-4e0e-9638-569859ac5ca5","Mozilla/5.0 (Linux; Android 9; SM-G973F) AppleWebKit/537.36 (KHTML, like Gecko) Chrome/77.0.3865.116 Mobile Safari/537.36",,,,"957fb99d-34ba-41b2-800f-fca3b877b9d7","1571356800000","Samsung SM-G973F","panoplay.duckdns.org",,,"0","66",,,"Festival of Lights - Demo","1571418000000","c2c5eea9-5509-431f-945f-22d724ea5467","193.175.2.0","false","false","true","Verein zur Foerderung eines Deutschen Forschungsne","en-US","./livestream/master.m3u8","1571419200000","1569888000000",,"Android","9",,"416","1",,"0","0","videojs",,"66","html5","videojs-7.6.0",,"BE","869","412","0","WINDOW","0","setup","hls","1571419212000","fcd0cada-2ea1-470d-9678-f8a9bce11add","0","0","Horus Live","0","0","0","Horus Live","0","0","0","0",,,,,"web"
"v2.5.4","680","0","true","Chrome Mobile","77","0","0",,"berlin","1571419212000","DE","508513a0-a6f4-4e0e-9638-569859ac5ca5","Mozilla/5.0 (Linux; Android 9; SM-G973F) AppleWebKit/537.36 (KHTML, like Gecko) Chrome/77.0.3865.116 Mobile Safari/537.36",,,,"957fb99d-34ba-41b2-800f-fca3b877b9d7","1571356800000","Samsung SM-G973F","panoplay.duckdns.org",,,"0","7",,,"Festival of Lights - Demo","1571418000000","c2c5eea9-5509-431f-945f-22d724ea5467","193.175.2.0","false","false","true","Verein zur Foerderung eines Deutschen Forschungsne","en-US","./livestream/master.m3u8","1571419200000","1569888000000",,"Android","9",,"0","1",,"0","0","videojs",,"0","html5","videojs-7.6.0",,"BE","869","412","0","WINDOW","73","startup","hls","1571419212000","fcd0cada-2ea1-470d-9678-f8a9bce11add","0","0","Horus Live","0","0","7","Horus Live","0","0","0","0",,,,,"web"
"v2.5.4","680","0",,"Chrome Mobile","77","0","0",,"berlin","1571419212000","DE","508513a0-a6f4-4e0e-9638-569859ac5ca5","Mozilla/5.0 (Linux; Android 9; SM-G973F) AppleWebKit/537.36 (KHTML, like Gecko) Chrome/77.0.3865.116 Mobile Safari/537.36",,,,"957fb99d-34ba-41b2-800f-fca3b877b9d7","1571356800000","Samsung SM-G973F","panoplay.duckdns.org",,,"0","0","3","The media playback was aborted due to a corruption problem or because the media used features your browser did not support.","Festival of Lights - Demo","1571418000000","c2c5eea9-5509-431f-945f-22d724ea5467","193.175.2.0","false","false","true","Verein zur Foerderung eines Deutschen Forschungsne","en-US","./livestream/master.m3u8","1571419200000","1569888000000",,"Android","9",,"0","1",,"0","0","videojs",,"0","html5","videojs-7.6.0",,"BE","869","412","0","WINDOW","0","error","hls","1571419212000","fcd0cada-2ea1-470d-9678-f8a9bce11add","0","0","Horus Live","0","0","0","Horus Live","0","0","0","0",,,,,"web"
"v2.5.4","680","0",,"Firefox","69","0","0",,"berlin","1571419250000","DE","434e57be-638f-4acd-be9e-8fc8257d6431","Mozilla/5.0 (X11; Fedora; Linux x86_64; rv:69.0) Gecko/20100101 Firefox/69.0",,,,"61a7ece2-f35c-4bba-8691-a6e45d491609","1571356800000","Other","panoplay.duckdns.org",,,"0","59885",,,"Festival of Lights - Demo","1571418000000","4b509f35-7b54-46f9-8af3-00c01d8dff9e","193.175.2.0","false","true","true","Verein zur Foerderung eines Deutschen Forschungsne","en-US","./livestream/master.m3u8","1571419200000","1569888000000",,"Fedora",,,"0","1",,"0","59885","videojs",,"0","html5","videojs-7.6.0",,"BE","900","1600","0","WINDOW","0","playing","hls","1571419250000","88337f65-5e01-4ca6-848e-da9508359b10","8000000",,"Horus Live","2816","2816","0","Horus Live","0","0","226034","166171",,,,,"web"
"v2.5.4","680","0",,"Mobile Safari","12","1","0",,"berlin","1571419279000","DE","cb98e0e4-2ea8-48ea-b786-46b41f6c57bd","Mozilla/5.0 (iPhone; CPU iPhone OS 12_4_1 like Mac OS X) AppleWebKit/605.1.15 (KHTML, like Gecko) Version/12.1.2 Mobile/15E148 Safari/604.1",,,,"1ef1b7d8-2dfa-47d2-a5ee-48109b3298f9","1571356800000","iPhone","panoplay.duckdns.org",,,"0","0","3","The media playback was aborted due to a corruption problem or because the media used features your browser did not support.","Festival of Lights - Demo","1571418000000","08762985-5600-4cf9-98ae-14ee704a8b87","141.20.217.0","false","true","true","Humboldt-Universitaet zu Berlin","de-DE","./livestream/master.m3u8","1571419260000","1569888000000",,"iOS","12","4","0","1",,"0","0","videojs",,"0","html5","videojs-7.6.0",,"BE","568","320","0","WINDOW","0","error","hls","1571419279000","74a44c14-0c42-4a37-b53e-08d0b8f7544f","0",,"Horus Live","2816","2816","0","Horus Live","0","0","31447","31447",,,,,"web"
"v2.5.4","680","0",,"Mobile Safari","12","1","0",,"berlin","1571419279000","DE","cb98e0e4-2ea8-48ea-b786-46b41f6c57bd","Mozilla/5.0 (iPhone; CPU iPhone OS 12_4_1 like Mac OS X) AppleWebKit/605.1.15 (KHTML, like Gecko) Version/12.1.2 Mobile/15E148 Safari/604.1",,,,"1ef1b7d8-2dfa-47d2-a5ee-48109b3298f9","1571356800000","iPhone","panoplay.duckdns.org",,,"0","92715",,,"Festival of Lights - Demo","1571418000000","08762985-5600-4cf9-98ae-14ee704a8b87","141.20.217.0","false","true","true","Humboldt-Universitaet zu Berlin","de-DE","./livestream/master.m3u8","1571419260000","1569888000000",,"iOS","12","4","0","1",,"92715","0","videojs",,"0","html5","videojs-7.6.0",,"BE","568","320","0","WINDOW","0","pause","hls","1571419279000","74a44c14-0c42-4a37-b53e-08d0b8f7544f","0",,"Horus Live","2816","2816","0","Horus Live","0","0","31447","31447",,,,,"web"
"v2.5.4","6805","0",,"Mobile Safari","13","0","0",,"berlin","1571419323000","DE","29b99303-3459-4d15-897c-1b3fdde0a8e2","Mozilla/5.0 (iPhone; CPU iPhone OS 13_1_3 like Mac OS X) AppleWebKit/605.1.15 (KHTML, like Gecko) Version/13.0.1 Mobile/15E148 Safari/604.1",,,,"93353e1c-8472-46dc-ba87-53bbafc315df","1571356800000","iPhone","panoplay.duckdns.org",,,"0","111",,,"Festival of Lights - Demo","1571418000000","e5cbc79c-741e-4d68-a8c3-1cfc99a6ceb5","46.114.36.0","false","false","true","O2 Deutschland","de-DE","./livestream/master.m3u8","1571419320000","1569888000000",,"iOS","13","1","4482","1",,"0","0","videojs",,"111","html5","videojs-7.6.0",,"BE","736","414","0","WINDOW","0","setup","hls","1571419323000","9657102a-4c10-432e-a82a-72d08d3acac3","0","0","Horus Live","0","0","0","Horus Live","0","0","0","0",,,,,"web"
"v2.5.4","6805","0",,"Mobile Safari","13","0","0",,"berlin","1571419330000","DE","29b99303-3459-4d15-897c-1b3fdde0a8e2","Mozilla/5.0 (iPhone; CPU iPhone OS 13_1_3 like Mac OS X) AppleWebKit/605.1.15 (KHTML, like Gecko) Version/13.0.1 Mobile/15E148 Safari/604.1",,,,"93353e1c-8472-46dc-ba87-53bbafc315df","1571356800000","iPhone","panoplay.duckdns.org",,,"0","8135",,,"Festival of Lights - Demo","1571418000000","e5cbc79c-741e-4d68-a8c3-1cfc99a6ceb5","46.114.36.0","false","true","true","O2 Deutschland","de-DE","./livestream/master.m3u8","1571419320000","1569888000000",,"iOS","13","1","0","1",,"0","8135","videojs",,"0","html5","videojs-7.6.0",,"BE","736","414","0","FULLSCREEN","0","playing","hls","1571419330000","9657102a-4c10-432e-a82a-72d08d3acac3","0",,"Horus Live","2816","2816","251","Horus Live","0","0","12353","4218",,,,,"web"
"v2.5.4","6805","0",,"Mobile Safari","13","0","165",,"berlin","1571419330000","DE","29b99303-3459-4d15-897c-1b3fdde0a8e2","Mozilla/5.0 (iPhone; CPU iPhone OS 13_1_3 like Mac OS X) AppleWebKit/605.1.15 (KHTML, like Gecko) Version/13.0.1 Mobile/15E148 Safari/604.1",,,,"93353e1c-8472-46dc-ba87-53bbafc315df","1571356800000","iPhone","panoplay.duckdns.org",,,"0","165",,,"Festival of Lights - Demo","1571418000000","e5cbc79c-741e-4d68-a8c3-1cfc99a6ceb5","46.114.36.0","false","true","true","O2 Deutschland","de-DE","./livestream/master.m3u8","1571419320000","1569888000000",,"iOS","13","1","0","1",,"0","0","videojs",,"0","html5","videojs-7.6.0",,"BE","736","414","0","FULLSCREEN","0","rebuffering","hls","1571419330000","9657102a-4c10-432e-a82a-72d08d3acac3","0",,"Horus Live","2816","2816","0","Horus Live","0","0","12518","12353",,,,,"web"
"v2.5.4","6805","0",,"Mobile Safari","13","0","167",,"berlin","1571419337000","DE","29b99303-3459-4d15-897c-1b3fdde0a8e2","Mozilla/5.0 (iPhone; CPU iPhone OS 13_1_3 like Mac OS X) AppleWebKit/605.1.15 (KHTML, like Gecko) Version/13.0.1 Mobile/15E148 Safari/604.1",,,,"93353e1c-8472-46dc-ba87-53bbafc315df","1571356800000","iPhone","panoplay.duckdns.org",,,"0","167",,,"Festival of Lights - Demo","1571418000000","e5cbc79c-741e-4d68-a8c3-1cfc99a6ceb5","46.114.36.0","false","true","true","O2 Deutschland","de-DE","./livestream/master.m3u8","1571419320000","1569888000000",,"iOS","13","1","0","1",,"0","0","videojs",,"0","html5","videojs-7.6.0",,"BE","736","414","0","FULLSCREEN","0","rebuffering","hls","1571419337000","9657102a-4c10-432e-a82a-72d08d3acac3","0",,"Horus Live","2816","2816","0","Horus Live","0","0","18914","18746",,,,,"web"
"v2.5.4","6805","0",,"Mobile Safari","13","0","0",,"berlin","1571419337000","DE","29b99303-3459-4d15-897c-1b3fdde0a8e2","Mozilla/5.0 (iPhone; CPU iPhone OS 13_1_3 like Mac OS X) AppleWebKit/605.1.15 (KHTML, like Gecko) Version/13.0.1 Mobile/15E148 Safari/604.1",,,,"93353e1c-8472-46dc-ba87-53bbafc315df","1571356800000","iPhone","panoplay.duckdns.org",,,"0","6229",,,"Festival of Lights - Demo","1571418000000","e5cbc79c-741e-4d68-a8c3-1cfc99a6ceb5","46.114.36.0","false","true","true","O2 Deutschland","de-DE","./livestream/master.m3u8","1571419320000","1569888000000",,"iOS","13","1","0","1",,"0","6229","videojs",,"0","html5","videojs-7.6.0",,"BE","736","414","0","FULLSCREEN","0","playing","hls","1571419337000","9657102a-4c10-432e-a82a-72d08d3acac3","0",,"Horus Live","2816","2816","0","Horus Live","0","0","18746","12518",,,,,"web"
"v2.5.4","6805","0",,"Mobile Safari","13","0","157",,"berlin","1571419348000","DE","29b99303-3459-4d15-897c-1b3fdde0a8e2","Mozilla/5.0 (iPhone; CPU iPhone OS 13_1_3 like Mac OS X) AppleWebKit/605.1.15 (KHTML, like Gecko) Version/13.0.1 Mobile/15E148 Safari/604.1",,,,"93353e1c-8472-46dc-ba87-53bbafc315df","1571356800000","iPhone","panoplay.duckdns.org",,,"0","157",,,"Festival of Lights - Demo","1571418000000","e5cbc79c-741e-4d68-a8c3-1cfc99a6ceb5","46.114.36.0","false","true","true","O2 Deutschland","de-DE","./livestream/master.m3u8","1571419320000","1569888000000",,"iOS","13","1","0","1",,"0","0","videojs",,"0","html5","videojs-7.6.0",,"BE","736","414","0","FULLSCREEN","0","rebuffering","hls","1571419348000","9657102a-4c10-432e-a82a-72d08d3acac3","0",,"Horus Live","2816","2816","0","Horus Live","0","0","29913","29756",,,,,"web"
"v2.5.4","6805","0",,"Mobile Safari","13","0","0",,"berlin","1571419348000","DE","29b99303-3459-4d15-897c-1b3fdde0a8e2","Mozilla/5.0 (iPhone; CPU iPhone OS 13_1_3 like Mac OS X) AppleWebKit/605.1.15 (KHTML, like Gecko) Version/13.0.1 Mobile/15E148 Safari/604.1",,,,"93353e1c-8472-46dc-ba87-53bbafc315df","1571356800000","iPhone","panoplay.duckdns.org",,,"0","10843",,,"Festival of Lights - Demo","1571418000000","e5cbc79c-741e-4d68-a8c3-1cfc99a6ceb5","46.114.36.0","false","true","true","O2 Deutschland","de-DE","./livestream/master.m3u8","1571419320000","1569888000000",,"iOS","13","1","0","1",,"0","10843","videojs",,"0","html5","videojs-7.6.0",,"BE","736","414","0","FULLSCREEN","0","playing","hls","1571419348000","9657102a-4c10-432e-a82a-72d08d3acac3","0",,"Horus Live","2816","2816","0","Horus Live","0","0","29756","18914",,,,,"web"
"v2.5.4","6805","0",,"Mobile Safari","13","0","0",,"berlin","1571419356000","DE","29b99303-3459-4d15-897c-1b3fdde0a8e2","Mozilla/5.0 (iPhone; CPU iPhone OS 13_1_3 like Mac OS X) AppleWebKit/605.1.15 (KHTML, like Gecko) Version/13.0.1 Mobile/15E148 Safari/604.1",,,,"93353e1c-8472-46dc-ba87-53bbafc315df","1571356800000","iPhone","panoplay.duckdns.org",,,"0","4728",,,"Festival of Lights - Demo","1571418000000","e5cbc79c-741e-4d68-a8c3-1cfc99a6ceb5","46.114.36.0","false","true","true","O2 Deutschland","de-DE","./livestream/master.m3u8","1571419320000","1569888000000",,"iOS","13","1","0","1",,"0","4728","videojs",,"0","html5","videojs-7.6.0",,"BE","736","414","0","FULLSCREEN","0","playing","hls","1571419356000","9657102a-4c10-432e-a82a-72d08d3acac3","0",,"Horus Live","2816","2816","0","Horus Live","0","0","34624","29913",,,,,"web"
"v2.5.4","6805","0",,"Mobile Safari","13","0","0",,"berlin","1571419373000","DE","29b99303-3459-4d15-897c-1b3fdde0a8e2","Mozilla/5.0 (iPhone; CPU iPhone OS 13_1_3 like Mac OS X) AppleWebKit/605.1.15 (KHTML, like Gecko) Version/13.0.1 Mobile/15E148 Safari/604.1",,,,"93353e1c-8472-46dc-ba87-53bbafc315df","1571356800000","iPhone","panoplay.duckdns.org",,,"0","12393",,,"Festival of Lights - Demo","1571418000000","e5cbc79c-741e-4d68-a8c3-1cfc99a6ceb5","46.114.36.0","false","true","true","O2 Deutschland","de-DE","./livestream/master.m3u8","1571419320000","1569888000000",,"iOS","13","1","0","1",,"12393","0","videojs",,"0","html5","videojs-7.6.0",,"BE","736","414","0","WINDOW","0","pause","hls","1571419373000","9657102a-4c10-432e-a82a-72d08d3acac3","0",,"Horus Live","2816","2816","0","Horus Live","0","0","34661","34624",,,,,"web"
"v2.5.4","680","0",,"Firefox","69","0","0",,"berlin","1571419375000","DE","434e57be-638f-4acd-be9e-8fc8257d6431","Mozilla/5.0 (X11; Fedora; Linux x86_64; rv:69.0) Gecko/20100101 Firefox/69.0",,,,"61a7ece2-f35c-4bba-8691-a6e45d491609","1571356800000","Other","panoplay.duckdns.org",,,"0","6577",,,"Festival of Lights - Demo","1571418000000","4b509f35-7b54-46f9-8af3-00c01d8dff9e","193.175.2.0","false","true","true","Verein zur Foerderung eines Deutschen Forschungsne","en-US","./livestream/master.m3u8","1571419320000","1569888000000",,"Fedora",,,"0","1",,"0","6577","videojs",,"0","html5","videojs-7.6.0",,"BE","900","1600","0","WINDOW","0","playing","hls","1571419375000","88337f65-5e01-4ca6-848e-da9508359b10","8000000",,"Horus Live","2816","2816","0","Horus Live","0","0","252221","244511",,,,,"web"
"v2.5.4","680","0",,"Firefox","69","0","0",,"berlin","1571419375000","DE","434e57be-638f-4acd-be9e-8fc8257d6431","Mozilla/5.0 (X11; Fedora; Linux x86_64; rv:69.0) Gecko/20100101 Firefox/69.0",,,,"61a7ece2-f35c-4bba-8691-a6e45d491609","1571356800000","Other","panoplay.duckdns.org",,,"0","113079",,,"Festival of Lights - Demo","1571418000000","4b509f35-7b54-46f9-8af3-00c01d8dff9e","193.175.2.0","false","true","true","Verein zur Foerderung eines Deutschen Forschungsne","en-US","./livestream/master.m3u8","1571419320000","1569888000000",,"Fedora",,,"0","1",,"0","113079","videojs",,"0","html5","videojs-7.6.0",,"BE","900","1600","0","WINDOW","0","playing","hls","1571419375000","88337f65-5e01-4ca6-848e-da9508359b10","8000000",,"Horus Live","2816","2816","0","Horus Live","0","0","244511","226034",,,,,"web"
"v2.5.4","6805","0",,"Mobile Safari","13","0","0",,"berlin","1571419375000","DE","29b99303-3459-4d15-897c-1b3fdde0a8e2","Mozilla/5.0 (iPhone; CPU iPhone OS 13_1_3 like Mac OS X) AppleWebKit/605.1.15 (KHTML, like Gecko) Version/13.0.1 Mobile/15E148 Safari/604.1",,,,"93353e1c-8472-46dc-ba87-53bbafc315df","1571356800000","iPhone","panoplay.duckdns.org",,,"0","6366",,,"Festival of Lights - Demo","1571418000000","e5cbc79c-741e-4d68-a8c3-1cfc99a6ceb5","46.114.36.0","false","true","true","O2 Deutschland","de-DE","./livestream/master.m3u8","1571419320000","1569888000000",,"iOS","13","1","0","1",,"0","6366","videojs",,"0","html5","videojs-7.6.0",,"BE","736","414","0","WINDOW","0","playing","hls","1571419375000","9657102a-4c10-432e-a82a-72d08d3acac3","0",,"Horus Live","2816","2816","0","Horus Live","0","0","41021","34661",,,,,"web"
"v2.5.4","680","0",,"Firefox","69","0","7922",,"berlin","1571419378000","DE","434e57be-638f-4acd-be9e-8fc8257d6431","Mozilla/5.0 (X11; Fedora; Linux x86_64; rv:69.0) Gecko/20100101 Firefox/69.0",,,,"61a7ece2-f35c-4bba-8691-a6e45d491609","1571356800000","Other","panoplay.duckdns.org",,,"0","7922",,,"Festival of Lights - Demo","1571418000000","4b509f35-7b54-46f9-8af3-00c01d8dff9e","193.175.2.0","false","true","true","Verein zur Foerderung eines Deutschen Forschungsne","en-US","./livestream/master.m3u8","1571419320000","1569888000000",,"Fedora",,,"0","1",,"0","0","videojs",,"0","html5","videojs-7.6.0",,"BE","900","1600","0","WINDOW","0","rebuffering","hls","1571419378000","88337f65-5e01-4ca6-848e-da9508359b10","8000000",,"Horus Live","2816","2816","0","Horus Live","0","0","354454","252221",,,,,"web"
"v2.5.4","680","0",,"Firefox","69","0","0",,"berlin","1571419378000","DE","434e57be-638f-4acd-be9e-8fc8257d6431","Mozilla/5.0 (X11; Fedora; Linux x86_64; rv:69.0) Gecko/20100101 Firefox/69.0",,,,"61a7ece2-f35c-4bba-8691-a6e45d491609","1571356800000","Other","panoplay.duckdns.org",,,"0","0",,,"Festival of Lights - Demo","1571418000000","4b509f35-7b54-46f9-8af3-00c01d8dff9e","193.175.2.0","false","true","true","Verein zur Foerderung eines Deutschen Forschungsne","en-US","./livestream/master.m3u8","1571419320000","1569888000000",,"Fedora",,,"0","1",,"0","0","videojs",,"0","html5","videojs-7.6.0",,"BE","900","1600","0","WINDOW","0","qualitychange","hls","1571419378000","88337f65-5e01-4ca6-848e-da9508359b10","6000000",,"Horus Live","2816","2816","0","Horus Live","0","0","354454","354454",,,,,"web"
"v2.5.4","680","0",,"Firefox","69","0","0",,"berlin","1571419378000","DE","434e57be-638f-4acd-be9e-8fc8257d6431","Mozilla/5.0 (X11; Fedora; Linux x86_64; rv:69.0) Gecko/20100101 Firefox/69.0",,,,"61a7ece2-f35c-4bba-8691-a6e45d491609","1571356800000","Other","panoplay.duckdns.org",,,"0","1",,,"Festival of Lights - Demo","1571418000000","4b509f35-7b54-46f9-8af3-00c01d8dff9e","193.175.2.0","false","true","true","Verein zur Foerderung eines Deutschen Forschungsne","en-US","./livestream/master.m3u8","1571419320000","1569888000000",,"Fedora",,,"0","1",,"0","1","videojs",,"0","html5","videojs-7.6.0",,"BE","900","1600","0","WINDOW","0","playing","hls","1571419378000","88337f65-5e01-4ca6-848e-da9508359b10","8000000",,"Horus Live","2816","2816","0","Horus Live","0","0","354454","354454",,,,,"web"
"v2.5.4","680","0",,"Firefox","69","0","0",,"berlin","1571419384000","DE","434e57be-638f-4acd-be9e-8fc8257d6431","Mozilla/5.0 (X11; Fedora; Linux x86_64; rv:69.0) Gecko/20100101 Firefox/69.0",,,,"61a7ece2-f35c-4bba-8691-a6e45d491609","1571356800000","Other","panoplay.duckdns.org",,,"0","6244",,,"Festival of Lights - Demo","1571418000000","4b509f35-7b54-46f9-8af3-00c01d8dff9e","193.175.2.0","false","true","true","Verein zur Foerderung eines Deutschen Forschungsne","en-US","./livestream/master.m3u8","1571419380000","1569888000000",,"Fedora",,,"0","1",,"0","6244","videojs",,"0","html5","videojs-7.6.0",,"BE","900","1600","0","WINDOW","0","playing","hls","1571419384000","88337f65-5e01-4ca6-848e-da9508359b10","6000000",,"Horus Live","2816","2816","0","Horus Live","0","0","360580","354454",,,,,"web"
"v2.5.4","680","0",,"Firefox","69","0","0",,"berlin","1571419384000","DE","434e57be-638f-4acd-be9e-8fc8257d6431","Mozilla/5.0 (X11; Fedora; Linux x86_64; rv:69.0) Gecko/20100101 Firefox/69.0",,,,"61a7ece2-f35c-4bba-8691-a6e45d491609","1571356800000","Other","panoplay.duckdns.org",,,"0","0",,,"Festival of Lights - Demo","1571418000000","4b509f35-7b54-46f9-8af3-00c01d8dff9e","193.175.2.0","false","true","true","Verein zur Foerderung eines Deutschen Forschungsne","en-US","./livestream/master.m3u8","1571419380000","1569888000000",,"Fedora",,,"0","1",,"0","0","videojs",,"0","html5","videojs-7.6.0",,"BE","900","1600","0","WINDOW","0","qualitychange","hls","1571419384000","88337f65-5e01-4ca6-848e-da9508359b10","1038489",,"Horus Live","2816","2816","0","Horus Live","0","0","360580","360580",,,,,"web"
"v2.5.4","680","0",,"Firefox","69","0","0",,"berlin","1571419385000","DE","434e57be-638f-4acd-be9e-8fc8257d6431","Mozilla/5.0 (X11; Fedora; Linux x86_64; rv:69.0) Gecko/20100101 Firefox/69.0",,,,"61a7ece2-f35c-4bba-8691-a6e45d491609","1571356800000","Other","panoplay.duckdns.org",,,"0","1091",,,"Festival of Lights - Demo","1571418000000","4b509f35-7b54-46f9-8af3-00c01d8dff9e","193.175.2.0","false","true","true","Verein zur Foerderung eines Deutschen Forschungsne","en-US","./livestream/master.m3u8","1571419380000","1569888000000",,"Fedora",,,"0","1",,"0","1091","videojs",,"0","html5","videojs-7.6.0",,"BE","900","1600","0","WINDOW","0","playing","hls","1571419385000","88337f65-5e01-4ca6-848e-da9508359b10","1038489",,"Horus Live","2816","2816","0","Horus Live","0","0","361668","360580",,,,,"web"
"v2.5.4","680","0",,"Firefox","69","0","0",,"berlin","1571419385000","DE","434e57be-638f-4acd-be9e-8fc8257d6431","Mozilla/5.0 (X11; Fedora; Linux x86_64; rv:69.0) Gecko/20100101 Firefox/69.0",,,,"61a7ece2-f35c-4bba-8691-a6e45d491609","1571356800000","Other","panoplay.duckdns.org",,,"0","0",,,"Festival of Lights - Demo","1571418000000","4b509f35-7b54-46f9-8af3-00c01d8dff9e","193.175.2.0","false","true","true","Verein zur Foerderung eines Deutschen Forschungsne","en-US","./livestream/master.m3u8","1571419380000","1569888000000",,"Fedora",,,"0","1",,"0","0","videojs",,"0","html5","videojs-7.6.0",,"BE","900","1600","0","WINDOW","0","qualitychange","hls","1571419385000","88337f65-5e01-4ca6-848e-da9508359b10","8000000",,"Horus Live","2816","2816","0","Horus Live","0","0","361668","361668",,,,,"web"
"v2.5.4","680","0",,"Firefox","69","0","0",,"berlin","1571419392000","DE","434e57be-638f-4acd-be9e-8fc8257d6431","Mozilla/5.0 (X11; Fedora; Linux x86_64; rv:69.0) Gecko/20100101 Firefox/69.0",,,,"61a7ece2-f35c-4bba-8691-a6e45d491609","1571356800000","Other","panoplay.duckdns.org",,,"0","6660",,,"Festival of Lights - Demo","1571418000000","4b509f35-7b54-46f9-8af3-00c01d8dff9e","193.175.2.0","false","true","true","Verein zur Foerderung eines Deutschen Forschungsne","en-US","./livestream/master.m3u8","1571419380000","1569888000000",,"Fedora",,,"0","1",,"0","6660","videojs",,"0","html5","videojs-7.6.0",,"BE","900","1600","0","WINDOW","0","playing","hls","1571419392000","88337f65-5e01-4ca6-848e-da9508359b10","8000000",,"Horus Live","2816","2816","0","Horus Live","0","0","368339","361668",,,,,"web"
"v2.5.4","680","0",,"Firefox","69","0","0",,"berlin","1571419912000","DE","434e57be-638f-4acd-be9e-8fc8257d6431","Mozilla/5.0 (X11; Fedora; Linux x86_64; rv:69.0) Gecko/20100101 Firefox/69.0",,,,"61a7ece2-f35c-4bba-8691-a6e45d491609","1571356800000","Other","panoplay.duckdns.org",,,"0","0",,,"Festival of Lights - Demo","1571418000000","4b509f35-7b54-46f9-8af3-00c01d8dff9e","193.175.2.0","false","true","true","Verein zur Foerderung eines Deutschen Forschungsne","en-US","./livestream/master.m3u8","1571419860000","1569888000000",,"Fedora",,,"0","1",,"0","0","videojs",,"0","html5","videojs-7.6.0",,"BE","900","1600","0","WINDOW","0","qualitychange","hls","1571419912000","88337f65-5e01-4ca6-848e-da9508359b10","6000000",,"Horus Live","2816","2816","0","Horus Live","0","0","368340","368340",,,,,"web"
"v2.5.4","680","0",,"Firefox","69","0","0",,"berlin","1571419912000","DE","434e57be-638f-4acd-be9e-8fc8257d6431","Mozilla/5.0 (X11; Fedora; Linux x86_64; rv:69.0) Gecko/20100101 Firefox/69.0",,,,"61a7ece2-f35c-4bba-8691-a6e45d491609","1571356800000","Other","panoplay.duckdns.org",,,"0","6",,,"Festival of Lights - Demo","1571418000000","4b509f35-7b54-46f9-8af3-00c01d8dff9e","193.175.2.0","false","true","true","Verein zur Foerderung eines Deutschen Forschungsne","en-US","./livestream/master.m3u8","1571419860000","1569888000000",,"Fedora",,,"0","1",,"0","6","videojs",,"0","html5","videojs-7.6.0",,"BE","900","1600","0","WINDOW","0","playing","hls","1571419912000","88337f65-5e01-4ca6-848e-da9508359b10","8000000",,"Horus Live","2816","2816","0","Horus Live","0","0","368340","368340",,,,,"web"
"v2.5.4","680","0",,"Firefox","69","0","519770",,"berlin","1571419912000","DE","434e57be-638f-4acd-be9e-8fc8257d6431","Mozilla/5.0 (X11; Fedora; Linux x86_64; rv:69.0) Gecko/20100101 Firefox/69.0",,,,"61a7ece2-f35c-4bba-8691-a6e45d491609","1571356800000","Other","panoplay.duckdns.org",,,"0","519770",,,"Festival of Lights - Demo","1571418000000","4b509f35-7b54-46f9-8af3-00c01d8dff9e","193.175.2.0","false","true","true","Verein zur Foerderung eines Deutschen Forschungsne","en-US","./livestream/master.m3u8","1571419860000","1569888000000",,"Fedora",,,"0","1",,"0","0","videojs",,"0","html5","videojs-7.6.0",,"BE","900","1600","0","WINDOW","0","rebuffering","hls","1571419912000","88337f65-5e01-4ca6-848e-da9508359b10","8000000",,"Horus Live","2816","2816","0","Horus Live","0","0","368340","368339",,,,,"web"
"v2.5.4","680","0",,"Firefox","69","0","0",,"berlin","1571419916000","DE","434e57be-638f-4acd-be9e-8fc8257d6431","Mozilla/5.0 (X11; Fedora; Linux x86_64; rv:69.0) Gecko/20100101 Firefox/69.0",,,,"61a7ece2-f35c-4bba-8691-a6e45d491609","1571356800000","Other","panoplay.duckdns.org",,,"0","4035",,,"Festival of Lights - Demo","1571418000000","4b509f35-7b54-46f9-8af3-00c01d8dff9e","193.175.2.0","false","true","true","Verein zur Foerderung eines Deutschen Forschungsne","en-US","./livestream/master.m3u8","1571419860000","1569888000000",,"Fedora",,,"0","1",,"0","4035","videojs",,"0","html5","videojs-7.6.0",,"BE","900","1600","0","WINDOW","0","playing","hls","1571419916000","88337f65-5e01-4ca6-848e-da9508359b10","6000000",,"Horus Live","2816","2816","0","Horus Live","0","0","372367","368340",,,,,"web"
"v2.5.4","680","0",,"Firefox","69","0","0",,"berlin","1571419918000","DE","434e57be-638f-4acd-be9e-8fc8257d6431","Mozilla/5.0 (X11; Fedora; Linux x86_64; rv:69.0) Gecko/20100101 Firefox/69.0",,,,"61a7ece2-f35c-4bba-8691-a6e45d491609","1571356800000","Other","panoplay.duckdns.org",,,"0","0",,,"Festival of Lights - Demo","1571418000000","4b509f35-7b54-46f9-8af3-00c01d8dff9e","193.175.2.0","false","true","true","Verein zur Foerderung eines Deutschen Forschungsne","en-US","./livestream/master.m3u8","1571419860000","1569888000000",,"Fedora",,,"0","1",,"0","0","videojs",,"0","html5","videojs-7.6.0",,"BE","900","1600","0","WINDOW","0","qualitychange","hls","1571419918000","88337f65-5e01-4ca6-848e-da9508359b10","1038489",,"Horus Live","2816","2816","0","Horus Live","0","0","372367","372367",,,,,"web"
"v2.5.4","680","0",,"Firefox","69","0","0",,"berlin","1571419918000","DE","434e57be-638f-4acd-be9e-8fc8257d6431","Mozilla/5.0 (X11; Fedora; Linux x86_64; rv:69.0) Gecko/20100101 Firefox/69.0",,,,"61a7ece2-f35c-4bba-8691-a6e45d491609","1571356800000","Other","panoplay.duckdns.org",,,"0","5",,,"Festival of Lights - Demo","1571418000000","4b509f35-7b54-46f9-8af3-00c01d8dff9e","193.175.2.0","false","true","true","Verein zur Foerderung eines Deutschen Forschungsne","en-US","./livestream/master.m3u8","1571419860000","1569888000000",,"Fedora",,,"0","1",,"0","5","videojs",,"0","html5","videojs-7.6.0",,"BE","900","1600","0","WINDOW","0","playing","hls","1571419918000","88337f65-5e01-4ca6-848e-da9508359b10","6000000",,"Horus Live","2816","2816","0","Horus Live","0","0","372367","372367",,,,,"web"
"v2.5.4","680","0",,"Firefox","69","0","2282",,"berlin","1571419918000","DE","434e57be-638f-4acd-be9e-8fc8257d6431","Mozilla/5.0 (X11; Fedora; Linux x86_64; rv:69.0) Gecko/20100101 Firefox/69.0",,,,"61a7ece2-f35c-4bba-8691-a6e45d491609","1571356800000","Other","panoplay.duckdns.org",,,"0","2282",,,"Festival of Lights - Demo","1571418000000","4b509f35-7b54-46f9-8af3-00c01d8dff9e","193.175.2.0","false","true","true","Verein zur Foerderung eines Deutschen Forschungsne","en-US","./livestream/master.m3u8","1571419860000","1569888000000",,"Fedora",,,"0","1",,"0","0","videojs",,"0","html5","videojs-7.6.0",,"BE","900","1600","0","WINDOW","0","rebuffering","hls","1571419918000","88337f65-5e01-4ca6-848e-da9508359b10","6000000",,"Horus Live","2816","2816","0","Horus Live","0","0","372367","372367",,,,,"web"
"v2.5.4","680","0",,"Firefox","69","0","0",,"berlin","1571419958000","DE","434e57be-638f-4acd-be9e-8fc8257d6431","Mozilla/5.0 (X11; Fedora; Linux x86_64; rv:69.0) Gecko/20100101 Firefox/69.0",,,,"61a7ece2-f35c-4bba-8691-a6e45d491609","1571356800000","Other","panoplay.duckdns.org",,,"0","40059",,,"Festival of Lights - Demo","1571418000000","4b509f35-7b54-46f9-8af3-00c01d8dff9e","193.175.2.0","false","true","true","Verein zur Foerderung eines Deutschen Forschungsne","en-US","./livestream/master.m3u8","1571419920000","1569888000000",,"Fedora",,,"0","1",,"0","40059","videojs",,"0","html5","videojs-7.6.0",,"BE","900","1600","0","WINDOW","0","playing","hls","1571419958000","88337f65-5e01-4ca6-848e-da9508359b10","1038489",,"Horus Live","2816","2816","0","Horus Live","0","0","412404","372367",,,,,"web"
"v2.5.4","680","0",,"Firefox","69","0","824",,"berlin","1571419959000","DE","434e57be-638f-4acd-be9e-8fc8257d6431","Mozilla/5.0 (X11; Fedora; Linux x86_64; rv:69.0) Gecko/20100101 Firefox/69.0",,,,"61a7ece2-f35c-4bba-8691-a6e45d491609","1571356800000","Other","panoplay.duckdns.org",,,"0","824",,,"Festival of Lights - Demo","1571418000000","4b509f35-7b54-46f9-8af3-00c01d8dff9e","193.175.2.0","false","true","true","Verein zur Foerderung eines Deutschen Forschungsne","en-US","./livestream/master.m3u8","1571419920000","1569888000000",,"Fedora",,,"0","1",,"0","0","videojs",,"0","html5","videojs-7.6.0",,"BE","900","1600","0","WINDOW","0","rebuffering","hls","1571419959000","88337f65-5e01-4ca6-848e-da9508359b10","1038489",,"Horus Live","2816","2816","0","Horus Live","0","0","412404","412404",,,,,"web"
"v2.5.4","680","0",,"Firefox","69","0","0",,"berlin","1571420001000","DE","434e57be-638f-4acd-be9e-8fc8257d6431","Mozilla/5.0 (X11; Fedora; Linux x86_64; rv:69.0) Gecko/20100101 Firefox/69.0",,,,"61a7ece2-f35c-4bba-8691-a6e45d491609","1571356800000","Other","panoplay.duckdns.org",,,"0","42055",,,"Festival of Lights - Demo","1571418000000","4b509f35-7b54-46f9-8af3-00c01d8dff9e","193.175.2.0","false","true","true","Verein zur Foerderung eines Deutschen Forschungsne","en-US","./livestream/master.m3u8","1571419980000","1569888000000",,"Fedora",,,"0","1",,"0","42055","videojs",,"0","html5","videojs-7.6.0",,"BE","900","1600","0","WINDOW","0","playing","hls","1571420001000","88337f65-5e01-4ca6-848e-da9508359b10","1038489",,"Horus Live","2816","2816","0","Horus Live","0","0","454431","412404",,,,,"web"
"v2.5.4","680","0",,"Firefox","69","0","870",,"berlin","1571420002000","DE","434e57be-638f-4acd-be9e-8fc8257d6431","Mozilla/5.0 (X11; Fedora; Linux x86_64; rv:69.0) Gecko/20100101 Firefox/69.0",,,,"61a7ece2-f35c-4bba-8691-a6e45d491609","1571356800000","Other","panoplay.duckdns.org",,,"0","870",,,"Festival of Lights - Demo","1571418000000","4b509f35-7b54-46f9-8af3-00c01d8dff9e","193.175.2.0","false","true","true","Verein zur Foerderung eines Deutschen Forschungsne","en-US","./livestream/master.m3u8","1571419980000","1569888000000",,"Fedora",,,"0","1",,"0","0","videojs",,"0","html5","videojs-7.6.0",,"BE","900","1600","0","WINDOW","0","rebuffering","hls","1571420002000","88337f65-5e01-4ca6-848e-da9508359b10","1038489",,"Horus Live","2816","2816","0","Horus Live","0","0","454432","454431",,,,,"web"
"v2.5.4","680","0",,"Firefox","69","0","0",,"berlin","1571420063000","DE","434e57be-638f-4acd-be9e-8fc8257d6431","Mozilla/5.0 (X11; Fedora; Linux x86_64; rv:69.0) Gecko/20100101 Firefox/69.0",,,,"61a7ece2-f35c-4bba-8691-a6e45d491609","1571356800000","Other","panoplay.duckdns.org",,,"0","59771",,,"Festival of Lights - Demo","1571418000000","4b509f35-7b54-46f9-8af3-00c01d8dff9e","193.175.2.0","false","true","true","Verein zur Foerderung eines Deutschen Forschungsne","en-US","./livestream/master.m3u8","1571420040000","1569888000000",,"Fedora",,,"0","1",,"0","59771","videojs",,"0","html5","videojs-7.6.0",,"BE","900","1600","0","WINDOW","0","playing","hls","1571420063000","88337f65-5e01-4ca6-848e-da9508359b10","1038489",,"Horus Live","2816","2816","0","Horus Live","0","0","514184","454432",,,,,"web"
"v2.5.4","680","0",,"Safari","13","0","0",,"berlin","1571420083000","DE","fcc1e296-2257-4071-8e2e-dd3caa595c1f","Mozilla/5.0 (Macintosh; Intel Mac OS X 10_14_6) AppleWebKit/605.1.15 (KHTML, like Gecko) Version/13.0.1 Safari/605.1.15",,,,"002505dc-1a54-4fd1-83af-5ceee036005e","1571356800000","Other","panoplay.duckdns.org",,,"0","99",,,"Festival of Lights - Demo","1571418000000","077376f1-e17a-43f4-a4bb-72d49e50eba4","193.175.2.0","false","false","true","Verein zur Foerderung eines Deutschen Forschungsne","en-US","./livestream/master.m3u8","1571420040000","1569888000000",,"Mac OS X","10","14","548","2",,"0","0","videojs",,"99","html5","videojs-7.6.0",,"BE","1050","1680","0","WINDOW","0","setup","hls","1571420083000","3afdafdb-6026-40c4-b52a-23422333b249","0","0","Horus Live","0","0","0","Horus Live","0","0","0","0",,,,,"web"
"v2.5.4","680","0","true","Safari","13","0","0",,"berlin","1571420084000","DE","fcc1e296-2257-4071-8e2e-dd3caa595c1f","Mozilla/5.0 (Macintosh; Intel Mac OS X 10_14_6) AppleWebKit/605.1.15 (KHTML, like Gecko) Version/13.0.1 Safari/605.1.15",,,,"002505dc-1a54-4fd1-83af-5ceee036005e","1571356800000","Other","panoplay.duckdns.org",,,"0","252",,,"Festival of Lights - Demo","1571418000000","077376f1-e17a-43f4-a4bb-72d49e50eba4","193.175.2.0","false","true","true","Verein zur Foerderung eines Deutschen Forschungsne","en-US","./livestream/master.m3u8","1571420040000","1569888000000",,"Mac OS X","10","14","0","2",,"0","0","videojs",,"0","html5","videojs-7.6.0",,"BE","1050","1680","0","WINDOW","351","startup","hls","1571420084000","3afdafdb-6026-40c4-b52a-23422333b249","0",,"Horus Live","2816","2816","252","Horus Live","0","0","4259","4007",,,,,"web"
"v2.5.4","680","0",,"Safari","13","0","0",,"berlin","1571420087000","DE","fcc1e296-2257-4071-8e2e-dd3caa595c1f","Mozilla/5.0 (Macintosh; Intel Mac OS X 10_14_6) AppleWebKit/605.1.15 (KHTML, like Gecko) Version/13.0.1 Safari/605.1.15",,,,"002505dc-1a54-4fd1-83af-5ceee036005e","1571356800000","Other","panoplay.duckdns.org",,,"0","3138",,,"Festival of Lights - Demo","1571418000000","077376f1-e17a-43f4-a4bb-72d49e50eba4","193.175.2.0","false","true","true","Verein zur Foerderung eines Deutschen Forschungsne","en-US","./livestream/master.m3u8","1571420040000","1569888000000",,"Mac OS X","10","14","0","2",,"0","3138","videojs",,"0","html5","videojs-7.6.0",,"BE","1050","1680","0","WINDOW","0","playing","hls","1571420087000","3afdafdb-6026-40c4-b52a-23422333b249","0",,"Horus Live","2816","2816","0","Horus Live","0","0","7397","4259",,,,,"web"
"v2.5.4","680","0",,"Safari","13","0","117",,"berlin","1571420087000","DE","fcc1e296-2257-4071-8e2e-dd3caa595c1f","Mozilla/5.0 (Macintosh; Intel Mac OS X 10_14_6) AppleWebKit/605.1.15 (KHTML, like Gecko) Version/13.0.1 Safari/605.1.15",,,,"002505dc-1a54-4fd1-83af-5ceee036005e","1571356800000","Other","panoplay.duckdns.org",,,"0","117",,,"Festival of Lights - Demo","1571418000000","077376f1-e17a-43f4-a4bb-72d49e50eba4","193.175.2.0","false","true","true","Verein zur Foerderung eines Deutschen Forschungsne","en-US","./livestream/master.m3u8","1571420040000","1569888000000",,"Mac OS X","10","14","0","2",,"0","0","videojs",,"0","html5","videojs-7.6.0",,"BE","1050","1680","0","WINDOW","0","rebuffering","hls","1571420087000","3afdafdb-6026-40c4-b52a-23422333b249","0",,"Horus Live","2816","2816","0","Horus Live","0","0","7514","7397",,,,,"web"
"v2.5.4","680","0",,"Safari","13","0","23",,"berlin","1571420092000","DE","fcc1e296-2257-4071-8e2e-dd3caa595c1f","Mozilla/5.0 (Macintosh; Intel Mac OS X 10_14_6) AppleWebKit/605.1.15 (KHTML, like Gecko) Version/13.0.1 Safari/605.1.15",,,,"002505dc-1a54-4fd1-83af-5ceee036005e","1571356800000","Other","panoplay.duckdns.org",,,"0","23",,,"Festival of Lights - Demo","1571418000000","077376f1-e17a-43f4-a4bb-72d49e50eba4","193.175.2.0","false","true","true","Verein zur Foerderung eines Deutschen Forschungsne","en-US","./livestream/master.m3u8","1571420040000","1569888000000",,"Mac OS X","10","14","0","2",,"0","0","videojs",,"0","html5","videojs-7.6.0",,"BE","1050","1680","0","WINDOW","0","rebuffering","hls","1571420092000","3afdafdb-6026-40c4-b52a-23422333b249","0",,"Horus Live","2816","2816","0","Horus Live","0","0","13030","13008",,,,,"web"
"v2.5.4","680","0",,"Safari","13","0","0",,"berlin","1571420092000","DE","fcc1e296-2257-4071-8e2e-dd3caa595c1f","Mozilla/5.0 (Macintosh; Intel Mac OS X 10_14_6) AppleWebKit/605.1.15 (KHTML, like Gecko) Version/13.0.1 Safari/605.1.15",,,,"002505dc-1a54-4fd1-83af-5ceee036005e","1571356800000","Other","panoplay.duckdns.org",,,"0","5493",,,"Festival of Lights - Demo","1571418000000","077376f1-e17a-43f4-a4bb-72d49e50eba4","193.175.2.0","false","true","true","Verein zur Foerderung eines Deutschen Forschungsne","en-US","./livestream/master.m3u8","1571420040000","1569888000000",,"Mac OS X","10","14","0","2",,"0","5493","videojs",,"0","html5","videojs-7.6.0",,"BE","1050","1680","0","WINDOW","0","playing","hls","1571420092000","3afdafdb-6026-40c4-b52a-23422333b249","0",,"Horus Live","2816","2816","0","Horus Live","0","0","13008","7514",,,,,"web"
"v2.5.4","680","0",,"Safari","13","0","0",,"berlin","1571420100000","DE","fcc1e296-2257-4071-8e2e-dd3caa595c1f","Mozilla/5.0 (Macintosh; Intel Mac OS X 10_14_6) AppleWebKit/605.1.15 (KHTML, like Gecko) Version/13.0.1 Safari/605.1.15",,,,"002505dc-1a54-4fd1-83af-5ceee036005e","1571356800000","Other","panoplay.duckdns.org",,,"0","8041",,,"Festival of Lights - Demo","1571418000000","077376f1-e17a-43f4-a4bb-72d49e50eba4","193.175.2.0","false","true","true","Verein zur Foerderung eines Deutschen Forschungsne","en-US","./livestream/master.m3u8","1571420100000","1569888000000",,"Mac OS X","10","14","0","2",,"0","8041","videojs",,"0","html5","videojs-7.6.0",,"BE","1050","1680","0","WINDOW","0","playing","hls","1571420100000","3afdafdb-6026-40c4-b52a-23422333b249","0",,"Horus Live","2816","2816","0","Horus Live","0","0","21071","13030",,,,,"web"
"v2.5.4","680","0",,"Safari","13","0","227",,"berlin","1571420101000","DE","fcc1e296-2257-4071-8e2e-dd3caa595c1f","Mozilla/5.0 (Macintosh; Intel Mac OS X 10_14_6) AppleWebKit/605.1.15 (KHTML, like Gecko) Version/13.0.1 Safari/605.1.15",,,,"002505dc-1a54-4fd1-83af-5ceee036005e","1571356800000","Other","panoplay.duckdns.org",,,"0","227",,,"Festival of Lights - Demo","1571418000000","077376f1-e17a-43f4-a4bb-72d49e50eba4","193.175.2.0","false","true","true","Verein zur Foerderung eines Deutschen Forschungsne","en-US","./livestream/master.m3u8","1571420100000","1569888000000",,"Mac OS X","10","14","0","2",,"0","0","videojs",,"0","html5","videojs-7.6.0",,"BE","1050","1680","0","WINDOW","0","rebuffering","hls","1571420101000","3afdafdb-6026-40c4-b52a-23422333b249","0",,"Horus Live","2816","2816","0","Horus Live","0","0","21298","21071",,,,,"web"
"v2.5.4","680","0",,"Safari","13","0","0",,"berlin","1571420104000","DE","fcc1e296-2257-4071-8e2e-dd3caa595c1f","Mozilla/5.0 (Macintosh; Intel Mac OS X 10_14_6) AppleWebKit/605.1.15 (KHTML, like Gecko) Version/13.0.1 Safari/605.1.15",,,,"002505dc-1a54-4fd1-83af-5ceee036005e","1571356800000","Other","panoplay.duckdns.org",,,"0","3418",,,"Festival of Lights - Demo","1571418000000","077376f1-e17a-43f4-a4bb-72d49e50eba4","193.175.2.0","false","true","true","Verein zur Foerderung eines Deutschen Forschungsne","en-US","./livestream/master.m3u8","1571420100000","1569888000000",,"Mac OS X","10","14","0","2",,"0","3418","videojs",,"0","html5","videojs-7.6.0",,"BE","1050","1680","0","WINDOW","0","playing","hls","1571420104000","3afdafdb-6026-40c4-b52a-23422333b249","0",,"Horus Live","2816","2816","0","Horus Live","0","0","24716","21298",,,,,"web"
"v2.5.4","680","0",,"Safari","13","0","0",,"berlin","1571420122000","DE","fcc1e296-2257-4071-8e2e-dd3caa595c1f","Mozilla/5.0 (Macintosh; Intel Mac OS X 10_14_6) AppleWebKit/605.1.15 (KHTML, like Gecko) Version/13.0.1 Safari/605.1.15",,,,"002505dc-1a54-4fd1-83af-5ceee036005e","1571356800000","Other","panoplay.duckdns.org",,,"0","17672",,,"Festival of Lights - Demo","1571418000000","077376f1-e17a-43f4-a4bb-72d49e50eba4","193.175.2.0","false","true","true","Verein zur Foerderung eines Deutschen Forschungsne","en-US","./livestream/master.m3u8","1571420100000","1569888000000",,"Mac OS X","10","14","0","2",,"17672","0","videojs",,"0","html5","videojs-7.6.0",,"BE","1050","1680","0","WINDOW","0","pause","hls","1571420122000","3afdafdb-6026-40c4-b52a-23422333b249","0",,"Horus Live","2816","2816","0","Horus Live","0","0","24716","24716",,,,,"web"
"v2.5.4","680","0",,"Firefox","69","0","0",,"berlin","1571420144000","DE","434e57be-638f-4acd-be9e-8fc8257d6431","Mozilla/5.0 (X11; Fedora; Linux x86_64; rv:69.0) Gecko/20100101 Firefox/69.0",,,,"61a7ece2-f35c-4bba-8691-a6e45d491609","1571356800000","Other","panoplay.duckdns.org",,,"0","10287",,,"Festival of Lights - Demo","1571418000000","4b509f35-7b54-46f9-8af3-00c01d8dff9e","193.175.2.0","false","true","true","Verein zur Foerderung eines Deutschen Forschungsne","en-US","./livestream/master.m3u8","1571420100000","1569888000000",,"Fedora",,,"0","1",,"0","10287","videojs",,"0","html5","videojs-7.6.0",,"BE","900","1600","0","WINDOW","0","playing","hls","1571420144000","88337f65-5e01-4ca6-848e-da9508359b10","1038489",,"Horus Live","2816","2816","0","Horus Live","0","0","524495","514184",,,,,"web"
"v2.5.4","680","0",,"Firefox","69","0","76962",,"berlin","1571420149000","DE","434e57be-638f-4acd-be9e-8fc8257d6431","Mozilla/5.0 (X11; Fedora; Linux x86_64; rv:69.0) Gecko/20100101 Firefox/69.0",,,,"61a7ece2-f35c-4bba-8691-a6e45d491609","1571356800000","Other","panoplay.duckdns.org",,,"0","76962",,,"Festival of Lights - Demo","1571418000000","4b509f35-7b54-46f9-8af3-00c01d8dff9e","193.175.2.0","false","true","true","Verein zur Foerderung eines Deutschen Forschungsne","en-US","./livestream/master.m3u8","1571420100000","1569888000000",,"Fedora",,,"0","1",,"0","0","videojs",,"0","html5","videojs-7.6.0",,"BE","900","1600","0","WINDOW","0","rebuffering","hls","1571420149000","88337f65-5e01-4ca6-848e-da9508359b10","1038489",,"Horus Live","2816","2816","0","Horus Live","0","0","596360","524495",,,,,"web"
"v2.5.4","680","0",,"Firefox","69","0","0",,"berlin","1571420149000","DE","434e57be-638f-4acd-be9e-8fc8257d6431","Mozilla/5.0 (X11; Fedora; Linux x86_64; rv:69.0) Gecko/20100101 Firefox/69.0",,,,"61a7ece2-f35c-4bba-8691-a6e45d491609","1571356800000","Other","panoplay.duckdns.org",,,"0","0",,,"Festival of Lights - Demo","1571418000000","4b509f35-7b54-46f9-8af3-00c01d8dff9e","193.175.2.0","false","true","true","Verein zur Foerderung eines Deutschen Forschungsne","en-US","./livestream/master.m3u8","1571420100000","1569888000000",,"Fedora",,,"0","1",,"0","0","videojs",,"0","html5","videojs-7.6.0",,"BE","900","1600","0","WINDOW","0","qualitychange","hls","1571420149000","88337f65-5e01-4ca6-848e-da9508359b10","6000000",,"Horus Live","2816","2816","0","Horus Live","0","0","596360","596360",,,,,"web"
"v2.5.4","680","0",,"Firefox","69","0","0",,"berlin","1571420150000","DE","434e57be-638f-4acd-be9e-8fc8257d6431","Mozilla/5.0 (X11; Fedora; Linux x86_64; rv:69.0) Gecko/20100101 Firefox/69.0",,,,"61a7ece2-f35c-4bba-8691-a6e45d491609","1571356800000","Other","panoplay.duckdns.org",,,"0","0",,,"Festival of Lights - Demo","1571418000000","4b509f35-7b54-46f9-8af3-00c01d8dff9e","193.175.2.0","false","true","true","Verein zur Foerderung eines Deutschen Forschungsne","en-US","./livestream/master.m3u8","1571420100000","1569888000000",,"Fedora",,,"0","1",,"0","0","videojs",,"0","html5","videojs-7.6.0",,"BE","900","1600","0","WINDOW","0","qualitychange","hls","1571420150000","88337f65-5e01-4ca6-848e-da9508359b10","4000000",,"Horus Live","2816","2816","0","Horus Live","0","0","597126","597126",,,,,"web"
"v2.5.4","680","0",,"Firefox","69","0","0",,"berlin","1571420150000","DE","434e57be-638f-4acd-be9e-8fc8257d6431","Mozilla/5.0 (X11; Fedora; Linux x86_64; rv:69.0) Gecko/20100101 Firefox/69.0",,,,"61a7ece2-f35c-4bba-8691-a6e45d491609","1571356800000","Other","panoplay.duckdns.org",,,"0","3",,,"Festival of Lights - Demo","1571418000000","4b509f35-7b54-46f9-8af3-00c01d8dff9e","193.175.2.0","false","true","true","Verein zur Foerderung eines Deutschen Forschungsne","en-US","./livestream/master.m3u8","1571420100000","1569888000000",,"Fedora",,,"0","1",,"0","3","videojs",,"0","html5","videojs-7.6.0",,"BE","900","1600","0","WINDOW","0","playing","hls","1571420150000","88337f65-5e01-4ca6-848e-da9508359b10","1038489",,"Horus Live","2816","2816","0","Horus Live","0","0","596360","596360",,,,,"web"
"v2.5.4","680","0",,"Firefox","69","0","0",,"berlin","1571420150000","DE","434e57be-638f-4acd-be9e-8fc8257d6431","Mozilla/5.0 (X11; Fedora; Linux x86_64; rv:69.0) Gecko/20100101 Firefox/69.0",,,,"61a7ece2-f35c-4bba-8691-a6e45d491609","1571356800000","Other","panoplay.duckdns.org",,,"0","878",,,"Festival of Lights - Demo","1571418000000","4b509f35-7b54-46f9-8af3-00c01d8dff9e","193.175.2.0","false","true","true","Verein zur Foerderung eines Deutschen Forschungsne","en-US","./livestream/master.m3u8","1571420100000","1569888000000",,"Fedora",,,"0","1",,"0","878","videojs",,"0","html5","videojs-7.6.0",,"BE","900","1600","0","WINDOW","0","playing","hls","1571420150000","88337f65-5e01-4ca6-848e-da9508359b10","6000000",,"Horus Live","2816","2816","0","Horus Live","0","0","597126","596360",,,,,"web"
"v2.5.4","680","0",,"Firefox","69","0","0",,"berlin","1571420155000","DE","434e57be-638f-4acd-be9e-8fc8257d6431","Mozilla/5.0 (X11; Fedora; Linux x86_64; rv:69.0) Gecko/20100101 Firefox/69.0",,,,"61a7ece2-f35c-4bba-8691-a6e45d491609","1571356800000","Other","panoplay.duckdns.org",,,"0","5486",,,"Festival of Lights - Demo","1571418000000","4b509f35-7b54-46f9-8af3-00c01d8dff9e","193.175.2.0","false","true","true","Verein zur Foerderung eines Deutschen Forschungsne","en-US","./livestream/master.m3u8","1571420100000","1569888000000",,"Fedora",,,"0","1",,"0","5486","videojs",,"0","html5","videojs-7.6.0",,"BE","900","1600","0","WINDOW","0","playing","hls","1571420155000","88337f65-5e01-4ca6-848e-da9508359b10","4000000",,"Horus Live","2816","2816","0","Horus Live","0","0","602602","597126",,,,,"web"
"v2.5.4","680","0",,"Chrome Mobile","77","0","0",,"berlin","1571420187000","DE","199beaf2-57f4-44ae-8d0a-a4b7aabb531d","Mozilla/5.0 (Linux; Android 9; Nokia 6.1) AppleWebKit/537.36 (KHTML, like Gecko) Chrome/77.0.3865.116 Mobile Safari/537.36",,,,"b078ba57-f5c6-4cc1-a8d6-bb2bf8d83c14","1571356800000","Nokia 6","panoplay.duckdns.org",,,"0","228",,,"Festival of Lights - Demo","1571418000000","fc32cb55-2b62-44c2-8f33-fd4102f457d9","193.175.2.0","false","false","true","Verein zur Foerderung eines Deutschen Forschungsne","en-US",,"1571420160000","1569888000000","./livestream/manifest.mpd","Android","9",,"4429","1",,"0","0","videojs",,"228","html5","videojs-7.6.0",,"BE","732","412","0","WINDOW","0","setup","dash","1571420187000","881b7fcc-c422-4274-b1e4-4da934a7e3e5","0","0","Horus Live","0","0","0","Horus Live","0","0","0","0",,,,,"web"
"v2.5.4","680","0",,"Chrome Mobile","77","0","0",,"berlin","1571420188000","DE","199beaf2-57f4-44ae-8d0a-a4b7aabb531d","Mozilla/5.0 (Linux; Android 9; Nokia 6.1) AppleWebKit/537.36 (KHTML, like Gecko) Chrome/77.0.3865.116 Mobile Safari/537.36",,,,"b078ba57-f5c6-4cc1-a8d6-bb2bf8d83c14","1571356800000","Nokia 6","panoplay.duckdns.org",,,"0","0","4","The media could not be loaded, either because the server or network failed or because the format is not supported.","Festival of Lights - Demo","1571418000000","fc32cb55-2b62-44c2-8f33-fd4102f457d9","193.175.2.0","false","true","true","Verein zur Foerderung eines Deutschen Forschungsne","en-US",,"1571420160000","1569888000000","./livestream/manifest.mpd","Android","9",,"0","1",,"0","0","videojs",,"0","html5","videojs-7.6.0",,"BE","732","412","0","WINDOW","0","error","dash","1571420188000","881b7fcc-c422-4274-b1e4-4da934a7e3e5","0",,"Horus Live","2816","2816","0","Horus Live","0","0","22000","22000",,,,,"web"
"v2.5.4","680","0","true","Chrome Mobile","77","0","0",,"berlin","1571420188000","DE","199beaf2-57f4-44ae-8d0a-a4b7aabb531d","Mozilla/5.0 (Linux; Android 9; Nokia 6.1) AppleWebKit/537.36 (KHTML, like Gecko) Chrome/77.0.3865.116 Mobile Safari/537.36",,,,"b078ba57-f5c6-4cc1-a8d6-bb2bf8d83c14","1571356800000","Nokia 6","panoplay.duckdns.org",,,"0","640",,,"Festival of Lights - Demo","1571418000000","fc32cb55-2b62-44c2-8f33-fd4102f457d9","193.175.2.0","false","true","true","Verein zur Foerderung eines Deutschen Forschungsne","en-US",,"1571420160000","1569888000000","./livestream/manifest.mpd","Android","9",,"0","1",,"0","0","videojs",,"0","html5","videojs-7.6.0",,"BE","732","412","0","WINDOW","868","startup","dash","1571420188000","881b7fcc-c422-4274-b1e4-4da934a7e3e5","0",,"Horus Live","2816","2816","640","Horus Live","0","0","22000","22000",,,,,"web"
"v2.5.4","680","0",,"Chrome Mobile","77","0","0",,"berlin","1571420194000","DE","305a09d1-f4d7-4115-82e0-ee9c374d0627","Mozilla/5.0 (Linux; Android 9; Nokia 6.1) AppleWebKit/537.36 (KHTML, like Gecko) Chrome/77.0.3865.116 Mobile Safari/537.36",,,,"b078ba57-f5c6-4cc1-a8d6-bb2bf8d83c14","1571356800000","Nokia 6","panoplay.duckdns.org",,,"0","199",,,"Festival of Lights - Demo","1571418000000","a79bef16-0b5e-455a-af89-ff5dc0837407","193.175.2.0","false","false","true","Verein zur Foerderung eines Deutschen Forschungsne","en-US",,"1571420160000","1569888000000","./livestream/manifest.mpd","Android","9",,"812","1",,"0","0","videojs",,"199","html5","videojs-7.6.0",,"BE","732","412","0","WINDOW","0","setup","dash","1571420194000","881b7fcc-c422-4274-b1e4-4da934a7e3e5","0","0","Horus Live","0","0","0","Horus Live","0","0","0","0",,,,,"web"
"v2.5.4","680","0",,"Chrome Mobile","77","0","0",,"berlin","1571420194000","DE","199beaf2-57f4-44ae-8d0a-a4b7aabb531d","Mozilla/5.0 (Linux; Android 9; Nokia 6.1) AppleWebKit/537.36 (KHTML, like Gecko) Chrome/77.0.3865.116 Mobile Safari/537.36",,,,"b078ba57-f5c6-4cc1-a8d6-bb2bf8d83c14","1571356800000","Nokia 6","panoplay.duckdns.org",,,"0","0",,,"Festival of Lights - Demo","1571418000000","fc32cb55-2b62-44c2-8f33-fd4102f457d9","193.175.2.0","false","true","true","Verein zur Foerderung eines Deutschen Forschungsne","en-US",,"1571420160000","1569888000000","./livestream/manifest.mpd","Android","9",,"0","1",,"0","0","videojs",,"0","html5","videojs-7.6.0",,"BE","732","412","0","WINDOW","0","error","dash","1571420194000","881b7fcc-c422-4274-b1e4-4da934a7e3e5","0",,"Horus Live","2816","2816","0","Horus Live","0","0","22000","22000",,,,,"web"
"v2.5.4","680","0",,"Chrome Mobile","77","0","0",,"berlin","1571420195000","DE","305a09d1-f4d7-4115-82e0-ee9c374d0627","Mozilla/5.0 (Linux; Android 9; Nokia 6.1) AppleWebKit/537.36 (KHTML, like Gecko) Chrome/77.0.3865.116 Mobile Safari/537.36",,,,"b078ba57-f5c6-4cc1-a8d6-bb2bf8d83c14","1571356800000","Nokia 6","panoplay.duckdns.org",,,"0","0","4","The media could not be loaded, either because the server or network failed or because the format is not supported.","Festival of Lights - Demo","1571418000000","a79bef16-0b5e-455a-af89-ff5dc0837407","193.175.2.0","false","true","true","Verein zur Foerderung eines Deutschen Forschungsne","en-US",,"1571420160000","1569888000000","./livestream/manifest.mpd","Android","9",,"0","1",,"0","0","videojs",,"0","html5","videojs-7.6.0",,"BE","732","412","0","WINDOW","0","error","dash","1571420195000","881b7fcc-c422-4274-b1e4-4da934a7e3e5","0",,"Horus Live","2816","2816","0","Horus Live","0","0","30000","30000",,,,,"web"
"v2.5.4","680","0","true","Chrome Mobile","77","0","0",,"berlin","1571420195000","DE","305a09d1-f4d7-4115-82e0-ee9c374d0627","Mozilla/5.0 (Linux; Android 9; Nokia 6.1) AppleWebKit/537.36 (KHTML, like Gecko) Chrome/77.0.3865.116 Mobile Safari/537.36",,,,"b078ba57-f5c6-4cc1-a8d6-bb2bf8d83c14","1571356800000","Nokia 6","panoplay.duckdns.org",,,"0","637",,,"Festival of Lights - Demo","1571418000000","a79bef16-0b5e-455a-af89-ff5dc0837407","193.175.2.0","false","true","true","Verein zur Foerderung eines Deutschen Forschungsne","en-US",,"1571420160000","1569888000000","./livestream/manifest.mpd","Android","9",,"0","1",,"0","0","videojs",,"0","html5","videojs-7.6.0",,"BE","732","412","0","WINDOW","836","startup","dash","1571420195000","881b7fcc-c422-4274-b1e4-4da934a7e3e5","0",,"Horus Live","2816","2816","637","Horus Live","0","0","30000","0",,,,,"web"
"v2.5.4","680","0","true","Firefox Mobile","68","0","0",,"berlin","1571420586000","DE","8b3c4abf-289e-4aed-a7a9-896a94bb0d81","Mozilla/5.0 (Android 6.0.1; Mobile; rv:68.0) Gecko/68.0 Firefox/68.0",,,,"2b6651da-3756-4126-ad82-f14dd760f472","1571356800000","rv:68.0","panoplay.duckdns.org",,,"0","368",,,"Festival of Lights - Demo","1571418000000","ab96ccd2-76b5-4ccb-92b5-610b195425c7","193.175.2.0","false","false","true","Verein zur Foerderung eines Deutschen Forschungsne","es-ES",,"1571420580000","1569888000000","./livestream/manifest.mpd","Android","6","0","0","1",,"0","0","videojs",,"0","html5","videojs-7.6.0",,"BE","640","360","0","WINDOW","775","startup","dash","1571420586000","97d3f5f1-19e3-43cc-a479-50a7d1e208db","0","0","Horus Live","0","0","368","Horus Live","0","0","0","0",,,,,"web"
"v2.5.4","680","0",,"Firefox Mobile","68","0","0",,"berlin","1571420586000","DE","8b3c4abf-289e-4aed-a7a9-896a94bb0d81","Mozilla/5.0 (Android 6.0.1; Mobile; rv:68.0) Gecko/68.0 Firefox/68.0",,,,"2b6651da-3756-4126-ad82-f14dd760f472","1571356800000","rv:68.0","panoplay.duckdns.org",,,"0","407",,,"Festival of Lights - Demo","1571418000000","ab96ccd2-76b5-4ccb-92b5-610b195425c7","193.175.2.0","false","false","true","Verein zur Foerderung eines Deutschen Forschungsne","es-ES",,"1571420580000","1569888000000","./livestream/manifest.mpd","Android","6","0","38558","1",,"0","0","videojs",,"407","html5","videojs-7.6.0",,"BE","640","360","0","WINDOW","0","setup","dash","1571420586000","97d3f5f1-19e3-43cc-a479-50a7d1e208db","0","0","Horus Live","0","0","0","Horus Live","0","0","0","0",,,,,"web"
"v2.5.4","680","0",,"Firefox Mobile","68","0","0",,"berlin","1571420586000","DE","8b3c4abf-289e-4aed-a7a9-896a94bb0d81","Mozilla/5.0 (Android 6.0.1; Mobile; rv:68.0) Gecko/68.0 Firefox/68.0",,,,"2b6651da-3756-4126-ad82-f14dd760f472","1571356800000","rv:68.0","panoplay.duckdns.org",,,"0","6",,,"Festival of Lights - Demo","1571418000000","ab96ccd2-76b5-4ccb-92b5-610b195425c7","193.175.2.0","false","false","true","Verein zur Foerderung eines Deutschen Forschungsne","es-ES",,"1571420580000","1569888000000","./livestream/manifest.mpd","Android","6","0","0","1",,"0","6","videojs",,"0","html5","videojs-7.6.0",,"BE","640","360","0","WINDOW","0","playing","dash","1571420586000","97d3f5f1-19e3-43cc-a479-50a7d1e208db","0","0","Horus Live","0","0","0","Horus Live","0","0","0","0",,,,,"web"
"v2.5.4","680","0",,"Firefox Mobile","68","0","0",,"berlin","1571420599000","DE","dbff5633-2893-454e-9279-59ff7b96fde6","Mozilla/5.0 (Android 6.0.1; Mobile; rv:68.0) Gecko/68.0 Firefox/68.0",,,,"2b6651da-3756-4126-ad82-f14dd760f472","1571356800000","rv:68.0","panoplay.duckdns.org",,,"0","676",,,"Festival of Lights - Demo","1571418000000","290fe92a-dff3-45e3-8735-87f1c8f48633","193.175.2.0","false","false","true","Verein zur Foerderung eines Deutschen Forschungsne","es-ES",,"1571420580000","1569888000000","./livestream/manifest.mpd","Android","6","0","2841","1",,"0","0","videojs",,"676","html5","videojs-7.6.0",,"BE","640","360","0","WINDOW","0","setup","dash","1571420599000","97d3f5f1-19e3-43cc-a479-50a7d1e208db","0","0","Horus Live","0","0","0","Horus Live","0","0","0","0",,,,,"web"
"v2.5.4","680","0",,"Firefox Mobile","68","0","0",,"berlin","1571420607000","DE","dbff5633-2893-454e-9279-59ff7b96fde6","Mozilla/5.0 (Android 6.0.1; Mobile; rv:68.0) Gecko/68.0 Firefox/68.0",,,,"2b6651da-3756-4126-ad82-f14dd760f472","1571356800000","rv:68.0","panoplay.duckdns.org",,,"0","157",,,"Festival of Lights - Demo","1571418000000","290fe92a-dff3-45e3-8735-87f1c8f48633","193.175.2.0","false","true","true","Verein zur Foerderung eines Deutschen Forschungsne","es-ES",,"1571420580000","1569888000000","./livestream/manifest.mpd","Android","6","0","0","1",,"157","0","videojs",,"0","html5","videojs-7.6.0",,"BE","640","360","0","WINDOW","0","pause","dash","1571420607000","97d3f5f1-19e3-43cc-a479-50a7d1e208db","1038489",,"Horus Live","0","0","0","Horus Live","0","0","274954","257101",,,,,"web"
"v2.5.4","680","0",,"Firefox Mobile","68","0","0",,"berlin","1571420607000","DE","dbff5633-2893-454e-9279-59ff7b96fde6","Mozilla/5.0 (Android 6.0.1; Mobile; rv:68.0) Gecko/68.0 Firefox/68.0",,,,"2b6651da-3756-4126-ad82-f14dd760f472","1571356800000","rv:68.0","panoplay.duckdns.org",,,"0","11",,,"Festival of Lights - Demo","1571418000000","290fe92a-dff3-45e3-8735-87f1c8f48633","193.175.2.0","false","true","true","Verein zur Foerderung eines Deutschen Forschungsne","es-ES",,"1571420580000","1569888000000","./livestream/manifest.mpd","Android","6","0","0","1",,"0","11","videojs",,"0","html5","videojs-7.6.0",,"BE","640","360","0","WINDOW","0","playing","dash","1571420607000","97d3f5f1-19e3-43cc-a479-50a7d1e208db","1038489",,"Horus Live","0","0","0","Horus Live","0","0","274954","274954",,,,,"web"
"v2.5.4","680","0",,"Firefox Mobile","68","0","0",,"berlin","1571420607000","DE","dbff5633-2893-454e-9279-59ff7b96fde6","Mozilla/5.0 (Android 6.0.1; Mobile; rv:68.0) Gecko/68.0 Firefox/68.0",,,,"2b6651da-3756-4126-ad82-f14dd760f472","1571356800000","rv:68.0","panoplay.duckdns.org",,,"0","13",,,"Festival of Lights - Demo","1571418000000","290fe92a-dff3-45e3-8735-87f1c8f48633","193.175.2.0","false","true","true","Verein zur Foerderung eines Deutschen Forschungsne","es-ES",,"1571420580000","1569888000000","./livestream/manifest.mpd","Android","6","0","0","1",,"0","13","videojs",,"0","html5","videojs-7.6.0",,"BE","640","360","0","WINDOW","0","playing","dash","1571420607000","97d3f5f1-19e3-43cc-a479-50a7d1e208db","0",,"Horus Live","0","0","0","Horus Live","0","0","260074","260074",,,,,"web"
"v2.5.4","680","0",,"Firefox Mobile","68","0","0",,"berlin","1571420607000","DE","dbff5633-2893-454e-9279-59ff7b96fde6","Mozilla/5.0 (Android 6.0.1; Mobile; rv:68.0) Gecko/68.0 Firefox/68.0",,,,"2b6651da-3756-4126-ad82-f14dd760f472","1571356800000","rv:68.0","panoplay.duckdns.org",,,"0","0",,,"Festival of Lights - Demo","1571418000000","290fe92a-dff3-45e3-8735-87f1c8f48633","193.175.2.0","false","true","true","Verein zur Foerderung eines Deutschen Forschungsne","es-ES",,"1571420580000","1569888000000","./livestream/manifest.mpd","Android","6","0","0","1",,"0","0","videojs",,"0","html5","videojs-7.6.0",,"BE","640","360","0","WINDOW","0","qualitychange","dash","1571420607000","97d3f5f1-19e3-43cc-a479-50a7d1e208db","1038489",,"Horus Live","0","0","0","Horus Live","0","0","260074","260074",,,,,"web"
"v2.5.4","680","0",,"Firefox Mobile","68","0","0",,"berlin","1571420607000","DE","dbff5633-2893-454e-9279-59ff7b96fde6","Mozilla/5.0 (Android 6.0.1; Mobile; rv:68.0) Gecko/68.0 Firefox/68.0",,,,"2b6651da-3756-4126-ad82-f14dd760f472","1571356800000","rv:68.0","panoplay.duckdns.org",,,"0","74",,,"Festival of Lights - Demo","1571418000000","290fe92a-dff3-45e3-8735-87f1c8f48633","193.175.2.0","false","true","true","Verein zur Foerderung eines Deutschen Forschungsne","es-ES",,"1571420580000","1569888000000","./livestream/manifest.mpd","Android","6","0","0","1",,"0","74","videojs",,"0","html5","videojs-7.6.0",,"BE","640","360","0","WINDOW","0","playing","dash","1571420607000","97d3f5f1-19e3-43cc-a479-50a7d1e208db","1038489",,"Horus Live","0","0","0","Horus Live","0","0","257101","260074",,,,,"web"
"v2.5.4","680","0","true","Firefox Mobile","68","0","0",,"berlin","1571420607000","DE","dbff5633-2893-454e-9279-59ff7b96fde6","Mozilla/5.0 (Android 6.0.1; Mobile; rv:68.0) Gecko/68.0 Firefox/68.0",,,,"2b6651da-3756-4126-ad82-f14dd760f472","1571356800000","rv:68.0","panoplay.duckdns.org",,,"0","8546",,,"Festival of Lights - Demo","1571418000000","290fe92a-dff3-45e3-8735-87f1c8f48633","193.175.2.0","false","true","true","Verein zur Foerderung eines Deutschen Forschungsne","es-ES",,"1571420580000","1569888000000","./livestream/manifest.mpd","Android","6","0","0","1",,"0","0","videojs",,"0","html5","videojs-7.6.0",,"BE","640","360","0","WINDOW","9222","startup","dash","1571420607000","97d3f5f1-19e3-43cc-a479-50a7d1e208db","0",,"Horus Live","0","0","8546","Horus Live","0","0","260074","0",,,,,"web"
"v2.5.4","680","0",,"Mobile Safari","13","0","0",,"berlin","1571420636000","DE","3041044e-fd68-471a-87f9-948f56eccd85","Mozilla/5.0 (iPhone; CPU iPhone OS 13_1_3 like Mac OS X) AppleWebKit/605.1.15 (KHTML, like Gecko) Version/13.0.1 Mobile/15E148 Safari/604.1",,,,"3451d23d-d5ff-49b2-886e-10100cbcba4a","1571356800000","iPhone","192.168.247.92",,,"0","88",,,"Festival of Lights - Demo","1571418000000","3d438f3e-16f3-4181-b5f4-e1d96a966f9a","193.175.2.0","false","false","true","Verein zur Foerderung eines Deutschen Forschungsne","en-GB","./livestream/master.m3u8","1571420580000","1569888000000",,"iOS","13","1","4764","1",,"0","0","videojs",,"88","html5","videojs-7.6.0",,"BE","568","320","0","WINDOW","0","setup","hls","1571420636000","1a3dbbc4-6e6d-4cb3-8a3e-6c9e962e9350","0","0","Horus Live","0","0","0","Horus Live","0","0","0","0",,,,,"web"
"v2.5.4","680","0",,"Mobile Safari","13","0","0",,"berlin","1571420648000","DE","3041044e-fd68-471a-87f9-948f56eccd85","Mozilla/5.0 (iPhone; CPU iPhone OS 13_1_3 like Mac OS X) AppleWebKit/605.1.15 (KHTML, like Gecko) Version/13.0.1 Mobile/15E148 Safari/604.1",,,,"3451d23d-d5ff-49b2-886e-10100cbcba4a","1571356800000","iPhone","192.168.247.92",,,"0","11397",,,"Festival of Lights - Demo","1571418000000","3d438f3e-16f3-4181-b5f4-e1d96a966f9a","193.175.2.0","false","true","true","Verein zur Foerderung eines Deutschen Forschungsne","en-GB","./livestream/master.m3u8","1571420640000","1569888000000",,"iOS","13","1","0","1",,"0","11397","videojs",,"0","html5","videojs-7.6.0",,"BE","568","320","0","WINDOW","0","playing","hls","1571420648000","1a3dbbc4-6e6d-4cb3-8a3e-6c9e962e9350","0",,"Horus Live","2816","2816","252","Horus Live","0","0","15648","4251",,,,,"web"
"v2.5.4","680","0",,"Mobile Safari","13","0","192",,"berlin","1571420649000","DE","3041044e-fd68-471a-87f9-948f56eccd85","Mozilla/5.0 (iPhone; CPU iPhone OS 13_1_3 like Mac OS X) AppleWebKit/605.1.15 (KHTML, like Gecko) Version/13.0.1 Mobile/15E148 Safari/604.1",,,,"3451d23d-d5ff-49b2-886e-10100cbcba4a","1571356800000","iPhone","192.168.247.92",,,"0","192",,,"Festival of Lights - Demo","1571418000000","3d438f3e-16f3-4181-b5f4-e1d96a966f9a","193.175.2.0","false","true","true","Verein zur Foerderung eines Deutschen Forschungsne","en-GB","./livestream/master.m3u8","1571420640000","1569888000000",,"iOS","13","1","0","1",,"0","0","videojs",,"0","html5","videojs-7.6.0",,"BE","568","320","0","WINDOW","0","rebuffering","hls","1571420649000","1a3dbbc4-6e6d-4cb3-8a3e-6c9e962e9350","0",,"Horus Live","2816","2816","0","Horus Live","0","0","15841","15648",,,,,"web"
"v2.5.4","680","0",,"Mobile Safari","13","0","0",,"berlin","1571420663000","DE","3041044e-fd68-471a-87f9-948f56eccd85","Mozilla/5.0 (iPhone; CPU iPhone OS 13_1_3 like Mac OS X) AppleWebKit/605.1.15 (KHTML, like Gecko) Version/13.0.1 Mobile/15E148 Safari/604.1",,,,"3451d23d-d5ff-49b2-886e-10100cbcba4a","1571356800000","iPhone","192.168.247.92",,,"0","14113",,,"Festival of Lights - Demo","1571418000000","3d438f3e-16f3-4181-b5f4-e1d96a966f9a","193.175.2.0","false","true","true","Verein zur Foerderung eines Deutschen Forschungsne","en-GB","./livestream/master.m3u8","1571420640000","1569888000000",,"iOS","13","1","0","1",,"0","14113","videojs",,"0","html5","videojs-7.6.0",,"BE","568","320","0","WINDOW","0","playing","hls","1571420663000","1a3dbbc4-6e6d-4cb3-8a3e-6c9e962e9350","0",,"Horus Live","2816","2816","0","Horus Live","0","0","29953","15841",,,,,"web"
"v2.5.4","680","0",,"Mobile Safari","13","0","8",,"berlin","1571420663000","DE","3041044e-fd68-471a-87f9-948f56eccd85","Mozilla/5.0 (iPhone; CPU iPhone OS 13_1_3 like Mac OS X) AppleWebKit/605.1.15 (KHTML, like Gecko) Version/13.0.1 Mobile/15E148 Safari/604.1",,,,"3451d23d-d5ff-49b2-886e-10100cbcba4a","1571356800000","iPhone","192.168.247.92",,,"0","8",,,"Festival of Lights - Demo","1571418000000","3d438f3e-16f3-4181-b5f4-e1d96a966f9a","193.175.2.0","false","true","true","Verein zur Foerderung eines Deutschen Forschungsne","en-GB","./livestream/master.m3u8","1571420640000","1569888000000",,"iOS","13","1","0","1",,"0","0","videojs",,"0","html5","videojs-7.6.0",,"BE","568","320","0","WINDOW","0","rebuffering","hls","1571420663000","1a3dbbc4-6e6d-4cb3-8a3e-6c9e962e9350","0",,"Horus Live","2816","2816","0","Horus Live","0","0","29961","29953",,,,,"web"
"v2.5.4","680","0",,"Mobile Safari","13","0","0",,"berlin","1571420667000","DE","3041044e-fd68-471a-87f9-948f56eccd85","Mozilla/5.0 (iPhone; CPU iPhone OS 13_1_3 like Mac OS X) AppleWebKit/605.1.15 (KHTML, like Gecko) Version/13.0.1 Mobile/15E148 Safari/604.1",,,,"3451d23d-d5ff-49b2-886e-10100cbcba4a","1571356800000","iPhone","192.168.247.92",,,"0","3898",,,"Festival of Lights - Demo","1571418000000","3d438f3e-16f3-4181-b5f4-e1d96a966f9a","193.175.2.0","false","true","true","Verein zur Foerderung eines Deutschen Forschungsne","en-GB","./livestream/master.m3u8","1571420640000","1569888000000",,"iOS","13","1","0","1",,"0","3898","videojs",,"0","html5","videojs-7.6.0",,"BE","568","320","0","WINDOW","0","playing","hls","1571420667000","1a3dbbc4-6e6d-4cb3-8a3e-6c9e962e9350","0",,"Horus Live","2816","2816","0","Horus Live","0","0","33859","29961",,,,,"web"
"v2.5.4","680","0",,"Mobile Safari","13","0","3",,"berlin","1571420667000","DE","3041044e-fd68-471a-87f9-948f56eccd85","Mozilla/5.0 (iPhone; CPU iPhone OS 13_1_3 like Mac OS X) AppleWebKit/605.1.15 (KHTML, like Gecko) Version/13.0.1 Mobile/15E148 Safari/604.1",,,,"3451d23d-d5ff-49b2-886e-10100cbcba4a","1571356800000","iPhone","192.168.247.92",,,"0","3",,,"Festival of Lights - Demo","1571418000000","3d438f3e-16f3-4181-b5f4-e1d96a966f9a","193.175.2.0","false","true","true","Verein zur Foerderung eines Deutschen Forschungsne","en-GB","./livestream/master.m3u8","1571420640000","1569888000000",,"iOS","13","1","0","1",,"0","0","videojs",,"0","html5","videojs-7.6.0",,"BE","568","320","0","WINDOW","0","rebuffering","hls","1571420667000","1a3dbbc4-6e6d-4cb3-8a3e-6c9e962e9350","0",,"Horus Live","2816","2816","0","Horus Live","0","0","33862","33859",,,,,"web"
"v2.5.4","680","0",,"Mobile Safari","13","0","0",,"berlin","1571420672000","DE","3041044e-fd68-471a-87f9-948f56eccd85","Mozilla/5.0 (iPhone; CPU iPhone OS 13_1_3 like Mac OS X) AppleWebKit/605.1.15 (KHTML, like Gecko) Version/13.0.1 Mobile/15E148 Safari/604.1",,,,"3451d23d-d5ff-49b2-886e-10100cbcba4a","1571356800000","iPhone","192.168.247.92",,,"0","5700",,,"Festival of Lights - Demo","1571418000000","3d438f3e-16f3-4181-b5f4-e1d96a966f9a","193.175.2.0","false","true","true","Verein zur Foerderung eines Deutschen Forschungsne","en-GB","./livestream/master.m3u8","1571420640000","1569888000000",,"iOS","13","1","0","1",,"0","5700","videojs",,"0","html5","videojs-7.6.0",,"BE","568","320","0","WINDOW","0","playing","hls","1571420672000","1a3dbbc4-6e6d-4cb3-8a3e-6c9e962e9350","0",,"Horus Live","2816","2816","0","Horus Live","0","0","39562","33862",,,,,"web"
"v2.5.4","680","0",,"Mobile Safari","13","0","422",,"berlin","1571420673000","DE","3041044e-fd68-471a-87f9-948f56eccd85","Mozilla/5.0 (iPhone; CPU iPhone OS 13_1_3 like Mac OS X) AppleWebKit/605.1.15 (KHTML, like Gecko) Version/13.0.1 Mobile/15E148 Safari/604.1",,,,"3451d23d-d5ff-49b2-886e-10100cbcba4a","1571356800000","iPhone","192.168.247.92",,,"0","422",,,"Festival of Lights - Demo","1571418000000","3d438f3e-16f3-4181-b5f4-e1d96a966f9a","193.175.2.0","false","true","true","Verein zur Foerderung eines Deutschen Forschungsne","en-GB","./livestream/master.m3u8","1571420640000","1569888000000",,"iOS","13","1","0","1",,"0","0","videojs",,"0","html5","videojs-7.6.0",,"BE","568","320","0","WINDOW","0","rebuffering","hls","1571420673000","1a3dbbc4-6e6d-4cb3-8a3e-6c9e962e9350","0",,"Horus Live","2816","2816","0","Horus Live","0","0","39984","39562",,,,,"web"
"v2.5.4","680","0",,"Mobile Safari","13","0","0",,"berlin","1571420677000","DE","3041044e-fd68-471a-87f9-948f56eccd85","Mozilla/5.0 (iPhone; CPU iPhone OS 13_1_3 like Mac OS X) AppleWebKit/605.1.15 (KHTML, like Gecko) Version/13.0.1 Mobile/15E148 Safari/604.1",,,,"3451d23d-d5ff-49b2-886e-10100cbcba4a","1571356800000","iPhone","192.168.247.92",,,"0","3811",,,"Festival of Lights - Demo","1571418000000","3d438f3e-16f3-4181-b5f4-e1d96a966f9a","193.175.2.0","false","true","true","Verein zur Foerderung eines Deutschen Forschungsne","en-GB","./livestream/master.m3u8","1571420640000","1569888000000",,"iOS","13","1","0","1",,"0","3811","videojs",,"0","html5","videojs-7.6.0",,"BE","568","320","0","WINDOW","0","playing","hls","1571420677000","1a3dbbc4-6e6d-4cb3-8a3e-6c9e962e9350","0",,"Horus Live","2816","2816","0","Horus Live","0","0","43795","39984",,,,,"web"
"v2.5.4","680","0",,"Mobile Safari","13","0","317",,"berlin","1571420677000","DE","3041044e-fd68-471a-87f9-948f56eccd85","Mozilla/5.0 (iPhone; CPU iPhone OS 13_1_3 like Mac OS X) AppleWebKit/605.1.15 (KHTML, like Gecko) Version/13.0.1 Mobile/15E148 Safari/604.1",,,,"3451d23d-d5ff-49b2-886e-10100cbcba4a","1571356800000","iPhone","192.168.247.92",,,"0","317",,,"Festival of Lights - Demo","1571418000000","3d438f3e-16f3-4181-b5f4-e1d96a966f9a","193.175.2.0","false","true","true","Verein zur Foerderung eines Deutschen Forschungsne","en-GB","./livestream/master.m3u8","1571420640000","1569888000000",,"iOS","13","1","0","1",,"0","0","videojs",,"0","html5","videojs-7.6.0",,"BE","568","320","0","WINDOW","0","rebuffering","hls","1571420677000","1a3dbbc4-6e6d-4cb3-8a3e-6c9e962e9350","0",,"Horus Live","2816","2816","0","Horus Live","0","0","44113","43795",,,,,"web"
"v2.5.4","680","0",,"Mobile Safari","13","0","0",,"berlin","1571420687000","DE","3041044e-fd68-471a-87f9-948f56eccd85","Mozilla/5.0 (iPhone; CPU iPhone OS 13_1_3 like Mac OS X) AppleWebKit/605.1.15 (KHTML, like Gecko) Version/13.0.1 Mobile/15E148 Safari/604.1",,,,"3451d23d-d5ff-49b2-886e-10100cbcba4a","1571356800000","iPhone","192.168.247.92",,,"0","9747",,,"Festival of Lights - Demo","1571418000000","3d438f3e-16f3-4181-b5f4-e1d96a966f9a","193.175.2.0","false","true","true","Verein zur Foerderung eines Deutschen Forschungsne","en-GB","./livestream/master.m3u8","1571420640000","1569888000000",,"iOS","13","1","0","1",,"0","9747","videojs",,"0","html5","videojs-7.6.0",,"BE","568","320","0","WINDOW","0","playing","hls","1571420687000","1a3dbbc4-6e6d-4cb3-8a3e-6c9e962e9350","0",,"Horus Live","2816","2816","0","Horus Live","0","0","53860","44113",,,,,"web"
"v2.5.4","680","0",,"Mobile Safari","13","0","92",,"berlin","1571420687000","DE","3041044e-fd68-471a-87f9-948f56eccd85","Mozilla/5.0 (iPhone; CPU iPhone OS 13_1_3 like Mac OS X) AppleWebKit/605.1.15 (KHTML, like Gecko) Version/13.0.1 Mobile/15E148 Safari/604.1",,,,"3451d23d-d5ff-49b2-886e-10100cbcba4a","1571356800000","iPhone","192.168.247.92",,,"0","92",,,"Festival of Lights - Demo","1571418000000","3d438f3e-16f3-4181-b5f4-e1d96a966f9a","193.175.2.0","false","true","true","Verein zur Foerderung eines Deutschen Forschungsne","en-GB","./livestream/master.m3u8","1571420640000","1569888000000",,"iOS","13","1","0","1",,"0","0","videojs",,"0","html5","videojs-7.6.0",,"BE","568","320","0","WINDOW","0","rebuffering","hls","1571420687000","1a3dbbc4-6e6d-4cb3-8a3e-6c9e962e9350","0",,"Horus Live","2816","2816","0","Horus Live","0","0","53951","53860",,,,,"web"
"v2.5.4","680","0",,"Mobile Safari","13","0","185",,"berlin","1571420691000","DE","3041044e-fd68-471a-87f9-948f56eccd85","Mozilla/5.0 (iPhone; CPU iPhone OS 13_1_3 like Mac OS X) AppleWebKit/605.1.15 (KHTML, like Gecko) Version/13.0.1 Mobile/15E148 Safari/604.1",,,,"3451d23d-d5ff-49b2-886e-10100cbcba4a","1571356800000","iPhone","192.168.247.92",,,"0","185",,,"Festival of Lights - Demo","1571418000000","3d438f3e-16f3-4181-b5f4-e1d96a966f9a","193.175.2.0","false","true","true","Verein zur Foerderung eines Deutschen Forschungsne","en-GB","./livestream/master.m3u8","1571420640000","1569888000000",,"iOS","13","1","0","1",,"0","0","videojs",,"0","html5","videojs-7.6.0",,"BE","568","320","0","WINDOW","0","rebuffering","hls","1571420691000","1a3dbbc4-6e6d-4cb3-8a3e-6c9e962e9350","0",,"Horus Live","2816","2816","0","Horus Live","0","0","58312","58128",,,,,"web"
"v2.5.4","680","0",,"Mobile Safari","13","0","0",,"berlin","1571420691000","DE","3041044e-fd68-471a-87f9-948f56eccd85","Mozilla/5.0 (iPhone; CPU iPhone OS 13_1_3 like Mac OS X) AppleWebKit/605.1.15 (KHTML, like Gecko) Version/13.0.1 Mobile/15E148 Safari/604.1",,,,"3451d23d-d5ff-49b2-886e-10100cbcba4a","1571356800000","iPhone","192.168.247.92",,,"0","4176",,,"Festival of Lights - Demo","1571418000000","3d438f3e-16f3-4181-b5f4-e1d96a966f9a","193.175.2.0","false","true","true","Verein zur Foerderung eines Deutschen Forschungsne","en-GB","./livestream/master.m3u8","1571420640000","1569888000000",,"iOS","13","1","0","1",,"0","4176","videojs",,"0","html5","videojs-7.6.0",,"BE","568","320","0","WINDOW","0","playing","hls","1571420691000","1a3dbbc4-6e6d-4cb3-8a3e-6c9e962e9350","0",,"Horus Live","2816","2816","0","Horus Live","0","0","58128","53951",,,,,"web"
"v2.5.4","680","0",,"Mobile Safari","13","0","0",,"berlin","1571420703000","DE","3041044e-fd68-471a-87f9-948f56eccd85","Mozilla/5.0 (iPhone; CPU iPhone OS 13_1_3 like Mac OS X) AppleWebKit/605.1.15 (KHTML, like Gecko) Version/13.0.1 Mobile/15E148 Safari/604.1",,,,"3451d23d-d5ff-49b2-886e-10100cbcba4a","1571356800000","iPhone","192.168.247.92",,,"0","12014",,,"Festival of Lights - Demo","1571418000000","3d438f3e-16f3-4181-b5f4-e1d96a966f9a","193.175.2.0","false","true","true","Verein zur Foerderung eines Deutschen Forschungsne","en-GB","./livestream/master.m3u8","1571420700000","1569888000000",,"iOS","13","1","0","1",,"0","12014","videojs",,"0","html5","videojs-7.6.0",,"BE","568","320","0","WINDOW","0","playing","hls","1571420703000","1a3dbbc4-6e6d-4cb3-8a3e-6c9e962e9350","0",,"Horus Live","2816","2816","0","Horus Live","0","0","70327","58312",,,,,"web"
"v2.5.4","680","0",,"Mobile Safari","13","0","334",,"berlin","1571420703000","DE","3041044e-fd68-471a-87f9-948f56eccd85","Mozilla/5.0 (iPhone; CPU iPhone OS 13_1_3 like Mac OS X) AppleWebKit/605.1.15 (KHTML, like Gecko) Version/13.0.1 Mobile/15E148 Safari/604.1",,,,"3451d23d-d5ff-49b2-886e-10100cbcba4a","1571356800000","iPhone","192.168.247.92",,,"0","334",,,"Festival of Lights - Demo","1571418000000","3d438f3e-16f3-4181-b5f4-e1d96a966f9a","193.175.2.0","false","true","true","Verein zur Foerderung eines Deutschen Forschungsne","en-GB","./livestream/master.m3u8","1571420700000","1569888000000",,"iOS","13","1","0","1",,"0","0","videojs",,"0","html5","videojs-7.6.0",,"BE","568","320","0","WINDOW","0","rebuffering","hls","1571420703000","1a3dbbc4-6e6d-4cb3-8a3e-6c9e962e9350","0",,"Horus Live","2816","2816","0","Horus Live","0","0","70661","70327",,,,,"web"
"v2.5.4","680","0",,"Mobile Safari","13","0","99",,"berlin","1571420707000","DE","3041044e-fd68-471a-87f9-948f56eccd85","Mozilla/5.0 (iPhone; CPU iPhone OS 13_1_3 like Mac OS X) AppleWebKit/605.1.15 (KHTML, like Gecko) Version/13.0.1 Mobile/15E148 Safari/604.1",,,,"3451d23d-d5ff-49b2-886e-10100cbcba4a","1571356800000","iPhone","192.168.247.92",,,"0","99",,,"Festival of Lights - Demo","1571418000000","3d438f3e-16f3-4181-b5f4-e1d96a966f9a","193.175.2.0","false","true","true","Verein zur Foerderung eines Deutschen Forschungsne","en-GB","./livestream/master.m3u8","1571420700000","1569888000000",,"iOS","13","1","0","1",,"0","0","videojs",,"0","html5","videojs-7.6.0",,"BE","568","320","0","WINDOW","0","rebuffering","hls","1571420707000","1a3dbbc4-6e6d-4cb3-8a3e-6c9e962e9350","0",,"Horus Live","2816","2816","0","Horus Live","0","0","73998","73899",,,,,"web"
"v2.5.4","680","0",,"Mobile Safari","13","0","0",,"berlin","1571420707000","DE","3041044e-fd68-471a-87f9-948f56eccd85","Mozilla/5.0 (iPhone; CPU iPhone OS 13_1_3 like Mac OS X) AppleWebKit/605.1.15 (KHTML, like Gecko) Version/13.0.1 Mobile/15E148 Safari/604.1",,,,"3451d23d-d5ff-49b2-886e-10100cbcba4a","1571356800000","iPhone","192.168.247.92",,,"0","3238",,,"Festival of Lights - Demo","1571418000000","3d438f3e-16f3-4181-b5f4-e1d96a966f9a","193.175.2.0","false","true","true","Verein zur Foerderung eines Deutschen Forschungsne","en-GB","./livestream/master.m3u8","1571420700000","1569888000000",,"iOS","13","1","0","1",,"0","3238","videojs",,"0","html5","videojs-7.6.0",,"BE","568","320","0","WINDOW","0","playing","hls","1571420707000","1a3dbbc4-6e6d-4cb3-8a3e-6c9e962e9350","0",,"Horus Live","2816","2816","0","Horus Live","0","0","73899","70661",,,,,"web"
"v2.5.4","680","0",,"Mobile Safari","13","0","4",,"berlin","1571420715000","DE","3041044e-fd68-471a-87f9-948f56eccd85","Mozilla/5.0 (iPhone; CPU iPhone OS 13_1_3 like Mac OS X) AppleWebKit/605.1.15 (KHTML, like Gecko) Version/13.0.1 Mobile/15E148 Safari/604.1",,,,"3451d23d-d5ff-49b2-886e-10100cbcba4a","1571356800000","iPhone","192.168.247.92",,,"0","4",,,"Festival of Lights - Demo","1571418000000","3d438f3e-16f3-4181-b5f4-e1d96a966f9a","193.175.2.0","false","true","true","Verein zur Foerderung eines Deutschen Forschungsne","en-GB","./livestream/master.m3u8","1571420700000","1569888000000",,"iOS","13","1","0","1",,"0","0","videojs",,"0","html5","videojs-7.6.0",,"BE","568","320","0","WINDOW","0","rebuffering","hls","1571420715000","1a3dbbc4-6e6d-4cb3-8a3e-6c9e962e9350","0",,"Horus Live","2816","2816","0","Horus Live","0","0","82501","82497",,,,,"web"
"v2.5.4","680","0",,"Mobile Safari","13","0","0",,"berlin","1571420715000","DE","3041044e-fd68-471a-87f9-948f56eccd85","Mozilla/5.0 (iPhone; CPU iPhone OS 13_1_3 like Mac OS X) AppleWebKit/605.1.15 (KHTML, like Gecko) Version/13.0.1 Mobile/15E148 Safari/604.1",,,,"3451d23d-d5ff-49b2-886e-10100cbcba4a","1571356800000","iPhone","192.168.247.92",,,"0","8499",,,"Festival of Lights - Demo","1571418000000","3d438f3e-16f3-4181-b5f4-e1d96a966f9a","193.175.2.0","false","true","true","Verein zur Foerderung eines Deutschen Forschungsne","en-GB","./livestream/master.m3u8","1571420700000","1569888000000",,"iOS","13","1","0","1",,"0","8499","videojs",,"0","html5","videojs-7.6.0",,"BE","568","320","0","WINDOW","0","playing","hls","1571420715000","1a3dbbc4-6e6d-4cb3-8a3e-6c9e962e9350","0",,"Horus Live","2816","2816","0","Horus Live","0","0","82497","73998",,,,,"web"
"v2.5.4","680","0",,"Mobile Safari","13","0","51",,"berlin","1571420719000","DE","3041044e-fd68-471a-87f9-948f56eccd85","Mozilla/5.0 (iPhone; CPU iPhone OS 13_1_3 like Mac OS X) AppleWebKit/605.1.15 (KHTML, like Gecko) Version/13.0.1 Mobile/15E148 Safari/604.1",,,,"3451d23d-d5ff-49b2-886e-10100cbcba4a","1571356800000","iPhone","192.168.247.92",,,"0","51",,,"Festival of Lights - Demo","1571418000000","3d438f3e-16f3-4181-b5f4-e1d96a966f9a","193.175.2.0","false","true","true","Verein zur Foerderung eines Deutschen Forschungsne","en-GB","./livestream/master.m3u8","1571420700000","1569888000000",,"iOS","13","1","0","1",,"0","0","videojs",,"0","html5","videojs-7.6.0",,"BE","568","320","0","WINDOW","0","rebuffering","hls","1571420719000","1a3dbbc4-6e6d-4cb3-8a3e-6c9e962e9350","0",,"Horus Live","2816","2816","0","Horus Live","0","0","86090","86039",,,,,"web"
"v2.5.4","680","0",,"Mobile Safari","13","0","0",,"berlin","1571420719000","DE","3041044e-fd68-471a-87f9-948f56eccd85","Mozilla/5.0 (iPhone; CPU iPhone OS 13_1_3 like Mac OS X) AppleWebKit/605.1.15 (KHTML, like Gecko) Version/13.0.1 Mobile/15E148 Safari/604.1",,,,"3451d23d-d5ff-49b2-886e-10100cbcba4a","1571356800000","iPhone","192.168.247.92",,,"0","3538",,,"Festival of Lights - Demo","1571418000000","3d438f3e-16f3-4181-b5f4-e1d96a966f9a","193.175.2.0","false","true","true","Verein zur Foerderung eines Deutschen Forschungsne","en-GB","./livestream/master.m3u8","1571420700000","1569888000000",,"iOS","13","1","0","1",,"0","3538","videojs",,"0","html5","videojs-7.6.0",,"BE","568","320","0","WINDOW","0","playing","hls","1571420719000","1a3dbbc4-6e6d-4cb3-8a3e-6c9e962e9350","0",,"Horus Live","2816","2816","0","Horus Live","0","0","86039","82501",,,,,"web"
"v2.5.4","680","0",,"Mobile Safari","13","0","0",,"berlin","1571420724000","DE","3041044e-fd68-471a-87f9-948f56eccd85","Mozilla/5.0 (iPhone; CPU iPhone OS 13_1_3 like Mac OS X) AppleWebKit/605.1.15 (KHTML, like Gecko) Version/13.0.1 Mobile/15E148 Safari/604.1",,,,"3451d23d-d5ff-49b2-886e-10100cbcba4a","1571356800000","iPhone","192.168.247.92",,,"0","5548",,,"Festival of Lights - Demo","1571418000000","3d438f3e-16f3-4181-b5f4-e1d96a966f9a","193.175.2.0","false","true","true","Verein zur Foerderung eines Deutschen Forschungsne","en-GB","./livestream/master.m3u8","1571420700000","1569888000000",,"iOS","13","1","0","1",,"0","5548","videojs",,"0","html5","videojs-7.6.0",,"BE","568","320","0","WINDOW","0","playing","hls","1571420724000","1a3dbbc4-6e6d-4cb3-8a3e-6c9e962e9350","0",,"Horus Live","2816","2816","0","Horus Live","0","0","91618","86090",,,,,"web"
"v2.5.4","680","0",,"Firefox Mobile","68","0","0",,"berlin","1571420808000","DE","1e18d1f4-e55e-4df6-a158-12ced52de10f","Mozilla/5.0 (Android 6.0.1; Mobile; rv:68.0) Gecko/68.0 Firefox/68.0",,,,"2b6651da-3756-4126-ad82-f14dd760f472","1571356800000","rv:68.0","panoplay.duckdns.org",,,"0","520",,,"Festival of Lights - Demo","1571418000000","740055c8-600a-479c-94a7-70c1e2edf8eb","193.175.2.0","false","false","true","Verein zur Foerderung eines Deutschen Forschungsne","es-ES",,"1571420760000","1569888000000","./livestream/manifest.mpd","Android","6","0","3119","1",,"0","0","videojs",,"520","html5","videojs-7.6.0",,"BE","640","360","0","WINDOW","0","setup","dash","1571420808000","97d3f5f1-19e3-43cc-a479-50a7d1e208db","0","0","Horus Live","0","0","0","Horus Live","0","0","0","0",,,,,"web"
"v2.5.4","680","0",,"Firefox Mobile","68","0","0",,"berlin","1571420850000","DE","9a36130e-a5b0-44c6-9b99-3b1d23b3525c","Mozilla/5.0 (Android 6.0.1; Mobile; rv:68.0) Gecko/68.0 Firefox/68.0",,,,"2b6651da-3756-4126-ad82-f14dd760f472","1571356800000","rv:68.0","panoplay.duckdns.org",,,"0","971",,,"Festival of Lights - Demo","1571418000000","4a0b520a-7e24-498c-8c41-e7292c042a33","193.175.2.0","false","false","true","Verein zur Foerderung eines Deutschen Forschungsne","es-ES",,"1571420820000","1569888000000","./livestream/manifest.mpd","Android","6","0","3475","1",,"0","0","videojs",,"971","html5","videojs-7.6.0",,"BE","640","360","0","WINDOW","0","setup","dash","1571420850000","97d3f5f1-19e3-43cc-a479-50a7d1e208db","0","0","Horus Live","0","0","0","Horus Live","0","0","0","0",,,,,"web"
"v2.5.4","680","0",,"Firefox","69","0","0",,"berlin","1571420853000","DE","6ffbf1c1-ab12-4e24-8439-a7e240502ae6","Mozilla/5.0 (X11; Fedora; Linux x86_64; rv:69.0) Gecko/20100101 Firefox/69.0",,,,"61a7ece2-f35c-4bba-8691-a6e45d491609","1571356800000","Other","panoplay.duckdns.org",,,"0","58",,,"Festival of Lights - Demo","1571418000000","4a0a87a8-e2ae-4b7d-b67d-083d6891793a","193.175.2.0","false","false","true","Verein zur Foerderung eines Deutschen Forschungsne","en-US",,"1571420820000","1569888000000","./livestream/manifest.mpd","Fedora",,,"2341","1",,"0","0","videojs",,"58","html5","videojs-7.6.0",,"BE","900","1600","0","WINDOW","0","setup","dash","1571420853000","88337f65-5e01-4ca6-848e-da9508359b10","0","0","Horus Live","0","0","0","Horus Live","0","0","0","0",,,,,"web"
"v2.5.4","680","0",,"Firefox","69","0","0",,"berlin","1571420913000","DE","b96d0baf-bfc2-4d77-b458-e91c1ffc5e0a","Mozilla/5.0 (X11; Fedora; Linux x86_64; rv:69.0) Gecko/20100101 Firefox/69.0",,,,"61a7ece2-f35c-4bba-8691-a6e45d491609","1571356800000","Other","panoplay.duckdns.org",,,"0","77",,,"Festival of Lights - Demo","1571418000000","1667300a-c6ec-4c18-8ac4-0105f61d9d08","193.175.2.0","false","false","true","Verein zur Foerderung eines Deutschen Forschungsne","en-US",,"1571420880000","1569888000000","./livestream/manifest.mpd","Fedora",,,"1203","1",,"0","0","videojs",,"77","html5","videojs-7.6.0",,"BE","900","1600","0","WINDOW","0","setup","dash","1571420913000","88337f65-5e01-4ca6-848e-da9508359b10","0","0","Horus Live","0","0","0","Horus Live","0","0","0","0",,,,,"web"
"v2.5.4","680","0",,"Firefox","69","0","0",,"berlin","1571420918000","DE","0ab428ee-9cb7-437e-8d4c-55529078a4df","Mozilla/5.0 (X11; Fedora; Linux x86_64; rv:69.0) Gecko/20100101 Firefox/69.0",,,,"61a7ece2-f35c-4bba-8691-a6e45d491609","1571356800000","Other","panoplay.duckdns.org",,,"0","78",,,"Festival of Lights - Demo","1571418000000","5f361933-0b6e-4b98-98a5-ea2227204665","193.175.2.0","false","false","true","Verein zur Foerderung eines Deutschen Forschungsne","en-US",,"1571420880000","1569888000000","./livestream/manifest.mpd","Fedora",,,"640","1",,"0","0","videojs",,"78","html5","videojs-7.6.0",,"BE","900","1600","0","WINDOW","0","setup","dash","1571420918000","88337f65-5e01-4ca6-848e-da9508359b10","0","0","Horus Live","0","0","0","Horus Live","0","0","0","0",,,,,"web"
"v2.5.4","680","0",,"Firefox Mobile","68","0","0",,"berlin","1571420996000","DE","c1b018cc-91cd-469d-b735-f04f7794eba2","Mozilla/5.0 (Android 6.0.1; Mobile; rv:68.0) Gecko/68.0 Firefox/68.0",,,,"2b6651da-3756-4126-ad82-f14dd760f472","1571356800000","rv:68.0","panoplay.duckdns.org",,,"0","623",,,"Festival of Lights - Demo","1571418000000","5769ca76-9fc6-44ea-9452-ddbe899ffcbc","193.175.2.0","false","false","true","Verein zur Foerderung eines Deutschen Forschungsne","es-ES",,"1571420940000","1569888000000","./livestream/manifest.mpd","Android","6","0","9819","1",,"0","0","videojs",,"623","html5","videojs-7.6.0",,"BE","640","360","0","WINDOW","0","setup","dash","1571420996000","97d3f5f1-19e3-43cc-a479-50a7d1e208db","0","0","Horus Live","0","0","0","Horus Live","0","0","0","0",,,,,"web"
"v2.5.4","680","0",,"Firefox Mobile","68","0","0",,"berlin","1571421019000","DE","f1c8ebfa-05ce-4ba9-8458-e7338c65d748","Mozilla/5.0 (Android 6.0.1; Mobile; rv:68.0) Gecko/68.0 Firefox/68.0",,,,"2b6651da-3756-4126-ad82-f14dd760f472","1571356800000","rv:68.0","panoplay.duckdns.org",,,"0","558",,,"Festival of Lights - Demo","1571418000000","f8cf81b5-90d1-4657-983e-ed29968b4074","193.175.2.0","false","false","true","Verein zur Foerderung eines Deutschen Forschungsne","es-ES",,"1571421000000","1569888000000","./livestream/manifest.mpd","Android","6","0","2857","1",,"0","0","videojs",,"558","html5","videojs-7.6.0",,"BE","640","360","0","WINDOW","0","setup","dash","1571421019000","97d3f5f1-19e3-43cc-a479-50a7d1e208db","0","0","Horus Live","0","0","0","Horus Live","0","0","0","0",,,,,"web"
"v2.5.4","680","0",,"Firefox Mobile","68","0","0",,"berlin","1571421145000","DE","a1012202-3e9d-42c8-8d0a-fba3305ad999","Mozilla/5.0 (Android 6.0.1; Mobile; rv:68.0) Gecko/68.0 Firefox/68.0",,,,"2b6651da-3756-4126-ad82-f14dd760f472","1571356800000","rv:68.0","panoplay.duckdns.org",,,"0","538",,,"Festival of Lights - Demo","1571418000000","26f67872-fa26-4761-aa72-a10f5af0110d","193.175.2.0","false","false","true","Verein zur Foerderung eines Deutschen Forschungsne","es-ES",,"1571421120000","1569888000000","./livestream/manifest.mpd","Android","6","0","2689","1",,"0","0","videojs",,"538","html5","videojs-7.6.0",,"BE","640","360","0","WINDOW","0","setup","dash","1571421145000","97d3f5f1-19e3-43cc-a479-50a7d1e208db","0","0","Horus Live","0","0","0","Horus Live","0","0","0","0",,,,,"web"
"v2.5.4","680","0","true","Firefox Mobile","68","0","0",,"berlin","1571421147000","DE","a1012202-3e9d-42c8-8d0a-fba3305ad999","Mozilla/5.0 (Android 6.0.1; Mobile; rv:68.0) Gecko/68.0 Firefox/68.0",,,,"2b6651da-3756-4126-ad82-f14dd760f472","1571356800000","rv:68.0","panoplay.duckdns.org",,,"0","2913",,,"Festival of Lights - Demo","1571418000000","26f67872-fa26-4761-aa72-a10f5af0110d","193.175.2.0","false","true","true","Verein zur Foerderung eines Deutschen Forschungsne","es-ES",,"1571421120000","1569888000000","./livestream/manifest.mpd","Android","6","0","0","1",,"0","0","videojs",,"0","html5","videojs-7.6.0",,"BE","640","360","0","WINDOW","3451","startup","dash","1571421147000","97d3f5f1-19e3-43cc-a479-50a7d1e208db","0",,"Horus Live","0","0","2913","Horus Live","0","0","572264","0",,,,,"web"
"v2.5.4","680","0",,"Firefox Mobile","68","0","0",,"berlin","1571421147000","DE","a1012202-3e9d-42c8-8d0a-fba3305ad999","Mozilla/5.0 (Android 6.0.1; Mobile; rv:68.0) Gecko/68.0 Firefox/68.0",,,,"2b6651da-3756-4126-ad82-f14dd760f472","1571356800000","rv:68.0","panoplay.duckdns.org",,,"0","0",,,"Festival of Lights - Demo","1571418000000","26f67872-fa26-4761-aa72-a10f5af0110d","193.175.2.0","false","true","true","Verein zur Foerderung eines Deutschen Forschungsne","es-ES",,"1571421120000","1569888000000","./livestream/manifest.mpd","Android","6","0","0","1",,"0","0","videojs",,"0","html5","videojs-7.6.0",,"BE","640","360","0","WINDOW","0","qualitychange","dash","1571421147000","97d3f5f1-19e3-43cc-a479-50a7d1e208db","1038489",,"Horus Live","0","0","0","Horus Live","0","0","572264","572264",,,,,"web"
"v2.5.4","680","0",,"Firefox Mobile","68","0","0",,"berlin","1571421147000","DE","a1012202-3e9d-42c8-8d0a-fba3305ad999","Mozilla/5.0 (Android 6.0.1; Mobile; rv:68.0) Gecko/68.0 Firefox/68.0",,,,"2b6651da-3756-4126-ad82-f14dd760f472","1571356800000","rv:68.0","panoplay.duckdns.org",,,"0","16",,,"Festival of Lights - Demo","1571418000000","26f67872-fa26-4761-aa72-a10f5af0110d","193.175.2.0","false","true","true","Verein zur Foerderung eines Deutschen Forschungsne","es-ES",,"1571421120000","1569888000000","./livestream/manifest.mpd","Android","6","0","0","1",,"0","16","videojs",,"0","html5","videojs-7.6.0",,"BE","640","360","0","WINDOW","0","playing","dash","1571421147000","97d3f5f1-19e3-43cc-a479-50a7d1e208db","0",,"Horus Live","0","0","0","Horus Live","0","0","572264","572264",,,,,"web"
"v2.5.4","680","0",,"Firefox Mobile","68","0","0",,"berlin","1571421147000","DE","a1012202-3e9d-42c8-8d0a-fba3305ad999","Mozilla/5.0 (Android 6.0.1; Mobile; rv:68.0) Gecko/68.0 Firefox/68.0",,,,"2b6651da-3756-4126-ad82-f14dd760f472","1571356800000","rv:68.0","panoplay.duckdns.org",,,"0","32",,,"Festival of Lights - Demo","1571418000000","26f67872-fa26-4761-aa72-a10f5af0110d","193.175.2.0","false","true","true","Verein zur Foerderung eines Deutschen Forschungsne","es-ES",,"1571421120000","1569888000000","./livestream/manifest.mpd","Android","6","0","0","1",,"0","32","videojs",,"0","html5","videojs-7.6.0",,"BE","640","360","0","WINDOW","0","playing","dash","1571421147000","97d3f5f1-19e3-43cc-a479-50a7d1e208db","1038489",,"Horus Live","0","0","0","Horus Live","0","0","499068","572264",,,,,"web"
"v2.5.4","680","0",,"Firefox Mobile","68","0","0",,"berlin","1571421148000","DE","a1012202-3e9d-42c8-8d0a-fba3305ad999","Mozilla/5.0 (Android 6.0.1; Mobile; rv:68.0) Gecko/68.0 Firefox/68.0",,,,"2b6651da-3756-4126-ad82-f14dd760f472","1571356800000","rv:68.0","panoplay.duckdns.org",,,"0","431",,,"Festival of Lights - Demo","1571418000000","26f67872-fa26-4761-aa72-a10f5af0110d","193.175.2.0","false","true","true","Verein zur Foerderung eines Deutschen Forschungsne","es-ES",,"1571421120000","1569888000000","./livestream/manifest.mpd","Android","6","0","0","1",,"431","0","videojs",,"0","html5","videojs-7.6.0",,"BE","640","360","0","WINDOW","0","pause","dash","1571421148000","97d3f5f1-19e3-43cc-a479-50a7d1e208db","1038489",,"Horus Live","0","0","0","Horus Live","0","0","100","499068",,,,,"web"
"v2.5.4","680","0",,"Firefox Mobile","68","0","0",,"berlin","1571421148000","DE","a1012202-3e9d-42c8-8d0a-fba3305ad999","Mozilla/5.0 (Android 6.0.1; Mobile; rv:68.0) Gecko/68.0 Firefox/68.0",,,,"2b6651da-3756-4126-ad82-f14dd760f472","1571356800000","rv:68.0","panoplay.duckdns.org",,,"0","12",,,"Festival of Lights - Demo","1571418000000","26f67872-fa26-4761-aa72-a10f5af0110d","193.175.2.0","false","true","true","Verein zur Foerderung eines Deutschen Forschungsne","es-ES",,"1571421120000","1569888000000","./livestream/manifest.mpd","Android","6","0","0","1",,"0","12","videojs",,"0","html5","videojs-7.6.0",,"BE","640","360","0","WINDOW","0","playing","dash","1571421148000","97d3f5f1-19e3-43cc-a479-50a7d1e208db","1038489",,"Horus Live","0","0","0","Horus Live","0","0","100","100",,,,,"web"
"v2.5.4","680","0",,"Firefox Mobile","68","0","0",,"berlin","1571421225000","DE","0ccbec9e-edcf-4e47-acd6-b5ce19fd6126","Mozilla/5.0 (Android 6.0.1; Mobile; rv:68.0) Gecko/68.0 Firefox/68.0",,,,"2b6651da-3756-4126-ad82-f14dd760f472","1571356800000","rv:68.0","panoplay.duckdns.org",,,"0","318",,,"Festival of Lights - Demo","1571418000000","49766088-3e0b-431f-8041-ce7fde02616d","193.175.2.0","false","false","true","Verein zur Foerderung eines Deutschen Forschungsne","es-ES","./livestream/master.m3u8","1571421180000","1569888000000",,"Android","6","0","2629","1",,"0","0","videojs",,"318","html5","videojs-7.6.0",,"BE","640","360","0","WINDOW","0","setup","hls","1571421225000","97d3f5f1-19e3-43cc-a479-50a7d1e208db","0","0","Horus Live","0","0","0","Horus Live","0","0","0","0",,,,,"web"
"v2.5.4","680","0","true","Firefox Mobile","68","0","0",,"berlin","1571421226000","DE","0ccbec9e-edcf-4e47-acd6-b5ce19fd6126","Mozilla/5.0 (Android 6.0.1; Mobile; rv:68.0) Gecko/68.0 Firefox/68.0",,,,"2b6651da-3756-4126-ad82-f14dd760f472","1571356800000","rv:68.0","panoplay.duckdns.org",,,"0","82",,,"Festival of Lights - Demo","1571418000000","49766088-3e0b-431f-8041-ce7fde02616d","193.175.2.0","false","false","true","Verein zur Foerderung eines Deutschen Forschungsne","es-ES","./livestream/master.m3u8","1571421180000","1569888000000",,"Android","6","0","0","1",,"0","0","videojs",,"0","html5","videojs-7.6.0",,"BE","640","360","0","WINDOW","400","startup","hls","1571421226000","97d3f5f1-19e3-43cc-a479-50a7d1e208db","0","5537","Horus Live","2816","2816","82","Horus Live","0","0","81","0",,,,,"web"
"v2.5.4","680","0",,"Firefox Mobile","68","0","0",,"berlin","1571421228000","DE","0ccbec9e-edcf-4e47-acd6-b5ce19fd6126","Mozilla/5.0 (Android 6.0.1; Mobile; rv:68.0) Gecko/68.0 Firefox/68.0",,,,"2b6651da-3756-4126-ad82-f14dd760f472","1571356800000","rv:68.0","panoplay.duckdns.org",,,"0","2060",,,"Festival of Lights - Demo","1571418000000","49766088-3e0b-431f-8041-ce7fde02616d","193.175.2.0","false","false","true","Verein zur Foerderung eines Deutschen Forschungsne","es-ES","./livestream/master.m3u8","1571421180000","1569888000000",,"Android","6","0","0","1",,"0","2060","videojs",,"0","html5","videojs-7.6.0",,"BE","640","360","0","WINDOW","0","playing","hls","1571421228000","97d3f5f1-19e3-43cc-a479-50a7d1e208db","0","5537","Horus Live","2816","2816","0","Horus Live","0","0","2195","81",,,,,"web"
"v2.5.4","680","0",,"Firefox Mobile","68","0","66",,"berlin","1571421228000","DE","0ccbec9e-edcf-4e47-acd6-b5ce19fd6126","Mozilla/5.0 (Android 6.0.1; Mobile; rv:68.0) Gecko/68.0 Firefox/68.0",,,,"2b6651da-3756-4126-ad82-f14dd760f472","1571356800000","rv:68.0","panoplay.duckdns.org",,,"0","66",,,"Festival of Lights - Demo","1571418000000","49766088-3e0b-431f-8041-ce7fde02616d","193.175.2.0","false","false","true","Verein zur Foerderung eines Deutschen Forschungsne","es-ES","./livestream/master.m3u8","1571421180000","1569888000000",,"Android","6","0","0","1",,"0","0","videojs",,"0","html5","videojs-7.6.0",,"BE","640","360","0","WINDOW","0","rebuffering","hls","1571421228000","97d3f5f1-19e3-43cc-a479-50a7d1e208db","0","5537","Horus Live","2816","2816","0","Horus Live","0","0","2235","2195",,,,,"web"
"v2.5.4","680","0",,"Firefox Mobile","68","0","0",,"berlin","1571421230000","DE","0ccbec9e-edcf-4e47-acd6-b5ce19fd6126","Mozilla/5.0 (Android 6.0.1; Mobile; rv:68.0) Gecko/68.0 Firefox/68.0",,,,"2b6651da-3756-4126-ad82-f14dd760f472","1571356800000","rv:68.0","panoplay.duckdns.org",,,"0","1394",,,"Festival of Lights - Demo","1571418000000","49766088-3e0b-431f-8041-ce7fde02616d","193.175.2.0","false","false","true","Verein zur Foerderung eines Deutschen Forschungsne","es-ES","./livestream/master.m3u8","1571421180000","1569888000000",,"Android","6","0","0","1",,"0","1394","videojs",,"0","html5","videojs-7.6.0",,"BE","640","360","0","WINDOW","0","playing","hls","1571421230000","97d3f5f1-19e3-43cc-a479-50a7d1e208db","0","5537","Horus Live","2816","2816","0","Horus Live","0","0","3616","2235",,,,,"web"
"v2.5.4","680","0",,"Firefox Mobile","68","0","0",,"berlin","1571421231000","DE","0ccbec9e-edcf-4e47-acd6-b5ce19fd6126","Mozilla/5.0 (Android 6.0.1; Mobile; rv:68.0) Gecko/68.0 Firefox/68.0",,,,"2b6651da-3756-4126-ad82-f14dd760f472","1571356800000","rv:68.0","panoplay.duckdns.org",,,"0","1578",,,"Festival of Lights - Demo","1571418000000","49766088-3e0b-431f-8041-ce7fde02616d","193.175.2.0","false","false","true","Verein zur Foerderung eines Deutschen Forschungsne","es-ES","./livestream/master.m3u8","1571421180000","1569888000000",,"Android","6","0","0","1",,"1578","0","videojs",,"0","html5","videojs-7.6.0",,"BE","640","360","0","WINDOW","0","pause","hls","1571421231000","97d3f5f1-19e3-43cc-a479-50a7d1e208db","0","10010","Horus Live","2816","2816","0","Horus Live","0","0","3656","3616",,,,,"web"
"v2.5.4","680","0",,"Firefox Mobile","68","0","85",,"berlin","1571421234000","DE","0ccbec9e-edcf-4e47-acd6-b5ce19fd6126","Mozilla/5.0 (Android 6.0.1; Mobile; rv:68.0) Gecko/68.0 Firefox/68.0",,,,"2b6651da-3756-4126-ad82-f14dd760f472","1571356800000","rv:68.0","panoplay.duckdns.org",,,"0","85",,,"Festival of Lights - Demo","1571418000000","49766088-3e0b-431f-8041-ce7fde02616d","193.175.2.0","false","false","true","Verein zur Foerderung eines Deutschen Forschungsne","es-ES","./livestream/master.m3u8","1571421180000","1569888000000",,"Android","6","0","0","1",,"0","0","videojs",,"0","html5","videojs-7.6.0",,"BE","640","360","0","WINDOW","0","rebuffering","hls","1571421234000","97d3f5f1-19e3-43cc-a479-50a7d1e208db","0","10010","Horus Live","2816","2816","0","Horus Live","0","0","6434","6393",,,,,"web"
"v2.5.4","680","0",,"Firefox Mobile","68","0","0",,"berlin","1571421234000","DE","0ccbec9e-edcf-4e47-acd6-b5ce19fd6126","Mozilla/5.0 (Android 6.0.1; Mobile; rv:68.0) Gecko/68.0 Firefox/68.0",,,,"2b6651da-3756-4126-ad82-f14dd760f472","1571356800000","rv:68.0","panoplay.duckdns.org",,,"0","2671",,,"Festival of Lights - Demo","1571418000000","49766088-3e0b-431f-8041-ce7fde02616d","193.175.2.0","false","false","true","Verein zur Foerderung eines Deutschen Forschungsne","es-ES","./livestream/master.m3u8","1571421180000","1569888000000",,"Android","6","0","0","1",,"0","2671","videojs",,"0","html5","videojs-7.6.0",,"BE","640","360","0","WINDOW","0","playing","hls","1571421234000","97d3f5f1-19e3-43cc-a479-50a7d1e208db","0","10010","Horus Live","2816","2816","0","Horus Live","0","0","6393","3656",,,,,"web"
"v2.5.4","680","0",,"Firefox Mobile","68","0","0",,"berlin","1571421242000","DE","0ccbec9e-edcf-4e47-acd6-b5ce19fd6126","Mozilla/5.0 (Android 6.0.1; Mobile; rv:68.0) Gecko/68.0 Firefox/68.0",,,,"2b6651da-3756-4126-ad82-f14dd760f472","1571356800000","rv:68.0","panoplay.duckdns.org",,,"0","7570",,,"Festival of Lights - Demo","1571418000000","49766088-3e0b-431f-8041-ce7fde02616d","193.175.2.0","false","false","true","Verein zur Foerderung eines Deutschen Forschungsne","es-ES","./livestream/master.m3u8","1571421240000","1569888000000",,"Android","6","0","0","1",,"0","7570","videojs",,"0","html5","videojs-7.6.0",,"BE","640","360","0","WINDOW","0","playing","hls","1571421242000","97d3f5f1-19e3-43cc-a479-50a7d1e208db","0","14049","Horus Live","2816","2816","0","Horus Live","0","0","14049","6434",,,,,"web"
"v2.5.4","680","0",,"Firefox Mobile","68","0","201",,"berlin","1571421242000","DE","0ccbec9e-edcf-4e47-acd6-b5ce19fd6126","Mozilla/5.0 (Android 6.0.1; Mobile; rv:68.0) Gecko/68.0 Firefox/68.0",,,,"2b6651da-3756-4126-ad82-f14dd760f472","1571356800000","rv:68.0","panoplay.duckdns.org",,,"0","201",,,"Festival of Lights - Demo","1571418000000","49766088-3e0b-431f-8041-ce7fde02616d","193.175.2.0","false","false","true","Verein zur Foerderung eines Deutschen Forschungsne","es-ES","./livestream/master.m3u8","1571421240000","1569888000000",,"Android","6","0","0","1",,"0","0","videojs",,"0","html5","videojs-7.6.0",,"BE","640","360","0","WINDOW","0","rebuffering","hls","1571421242000","97d3f5f1-19e3-43cc-a479-50a7d1e208db","0","14213","Horus Live","2816","2816","0","Horus Live","0","0","14254","14049",,,,,"web"
"v2.5.4","680","0",,"Firefox Mobile","68","0","200",,"berlin","1571421249000","DE","0ccbec9e-edcf-4e47-acd6-b5ce19fd6126","Mozilla/5.0 (Android 6.0.1; Mobile; rv:68.0) Gecko/68.0 Firefox/68.0",,,,"2b6651da-3756-4126-ad82-f14dd760f472","1571356800000","rv:68.0","panoplay.duckdns.org",,,"0","200",,,"Festival of Lights - Demo","1571418000000","49766088-3e0b-431f-8041-ce7fde02616d","193.175.2.0","false","false","true","Verein zur Foerderung eines Deutschen Forschungsne","es-ES","./livestream/master.m3u8","1571421240000","1569888000000",,"Android","6","0","0","1",,"0","0","videojs",,"0","html5","videojs-7.6.0",,"BE","640","360","0","WINDOW","0","rebuffering","hls","1571421249000","97d3f5f1-19e3-43cc-a479-50a7d1e208db","0","21219","Horus Live","2816","2816","0","Horus Live","0","0","21259","21097",,,,,"web"
"v2.5.4","680","0",,"Firefox Mobile","68","0","0",,"berlin","1571421249000","DE","0ccbec9e-edcf-4e47-acd6-b5ce19fd6126","Mozilla/5.0 (Android 6.0.1; Mobile; rv:68.0) Gecko/68.0 Firefox/68.0",,,,"2b6651da-3756-4126-ad82-f14dd760f472","1571356800000","rv:68.0","panoplay.duckdns.org",,,"0","6854",,,"Festival of Lights - Demo","1571418000000","49766088-3e0b-431f-8041-ce7fde02616d","193.175.2.0","false","false","true","Verein zur Foerderung eines Deutschen Forschungsne","es-ES","./livestream/master.m3u8","1571421240000","1569888000000",,"Android","6","0","0","1",,"0","6854","videojs",,"0","html5","videojs-7.6.0",,"BE","640","360","0","WINDOW","0","playing","hls","1571421249000","97d3f5f1-19e3-43cc-a479-50a7d1e208db","0","21097","Horus Live","2816","2816","0","Horus Live","0","0","21097","14254",,,,,"web"
"v2.5.4","680","0",,"Firefox Mobile","68","0","0",,"berlin","1571421250000","DE","0ccbec9e-edcf-4e47-acd6-b5ce19fd6126","Mozilla/5.0 (Android 6.0.1; Mobile; rv:68.0) Gecko/68.0 Firefox/68.0",,,,"2b6651da-3756-4126-ad82-f14dd760f472","1571356800000","rv:68.0","panoplay.duckdns.org",,,"0","1255",,,"Festival of Lights - Demo","1571418000000","49766088-3e0b-431f-8041-ce7fde02616d","193.175.2.0","false","false","true","Verein zur Foerderung eines Deutschen Forschungsne","es-ES","./livestream/master.m3u8","1571421240000","1569888000000",,"Android","6","0","0","1",,"0","1255","videojs",,"0","html5","videojs-7.6.0",,"BE","640","360","0","WINDOW","0","playing","hls","1571421250000","97d3f5f1-19e3-43cc-a479-50a7d1e208db","0","22521","Horus Live","2816","2816","0","Horus Live","0","0","22521","21259",,,,,"web"
"v2.5.4","680","0",,"Firefox Mobile","68","0","0",,"berlin","1571421252000","DE","0ccbec9e-edcf-4e47-acd6-b5ce19fd6126","Mozilla/5.0 (Android 6.0.1; Mobile; rv:68.0) Gecko/68.0 Firefox/68.0",,,,"2b6651da-3756-4126-ad82-f14dd760f472","1571356800000","rv:68.0","panoplay.duckdns.org",,,"0","1392",,,"Festival of Lights - Demo","1571418000000","49766088-3e0b-431f-8041-ce7fde02616d","193.175.2.0","false","false","true","Verein zur Foerderung eines Deutschen Forschungsne","es-ES","./livestream/master.m3u8","1571421240000","1569888000000",,"Android","6","0","0","1",,"1392","0","videojs",,"0","html5","videojs-7.6.0",,"BE","640","360","0","WINDOW","0","pause","hls","1571421252000","97d3f5f1-19e3-43cc-a479-50a7d1e208db","0","22521","Horus Live","2816","2816","0","Horus Live","0","0","22521","22521",,,,,"web"
"v2.5.4","680","0",,"Firefox Mobile","68","0","270",,"berlin","1571421262000","DE","0ccbec9e-edcf-4e47-acd6-b5ce19fd6126","Mozilla/5.0 (Android 6.0.1; Mobile; rv:68.0) Gecko/68.0 Firefox/68.0",,,,"2b6651da-3756-4126-ad82-f14dd760f472","1571356800000","rv:68.0","panoplay.duckdns.org",,,"0","270",,,"Festival of Lights - Demo","1571418000000","49766088-3e0b-431f-8041-ce7fde02616d","193.175.2.0","false","false","true","Verein zur Foerderung eines Deutschen Forschungsne","es-ES","./livestream/master.m3u8","1571421240000","1569888000000",,"Android","6","0","0","1",,"0","0","videojs",,"0","html5","videojs-7.6.0",,"BE","640","360","0","WINDOW","0","rebuffering","hls","1571421262000","97d3f5f1-19e3-43cc-a479-50a7d1e208db","0","33201","Horus Live","2816","2816","0","Horus Live","0","0","33242","32957",,,,,"web"
"v2.5.4","680","0",,"Firefox Mobile","68","0","0",,"berlin","1571421262000","DE","0ccbec9e-edcf-4e47-acd6-b5ce19fd6126","Mozilla/5.0 (Android 6.0.1; Mobile; rv:68.0) Gecko/68.0 Firefox/68.0",,,,"2b6651da-3756-4126-ad82-f14dd760f472","1571356800000","rv:68.0","panoplay.duckdns.org",,,"0","10419",,,"Festival of Lights - Demo","1571418000000","49766088-3e0b-431f-8041-ce7fde02616d","193.175.2.0","false","false","true","Verein zur Foerderung eines Deutschen Forschungsne","es-ES","./livestream/master.m3u8","1571421240000","1569888000000",,"Android","6","0","0","1",,"0","10419","videojs",,"0","html5","videojs-7.6.0",,"BE","640","360","0","WINDOW","0","playing","hls","1571421262000","97d3f5f1-19e3-43cc-a479-50a7d1e208db","0","32957","Horus Live","2816","2816","0","Horus Live","0","0","32957","22521",,,,,"web"
"v2.5.4","680","0",,"Firefox Mobile","68","0","108",,"berlin","1571421268000","DE","0ccbec9e-edcf-4e47-acd6-b5ce19fd6126","Mozilla/5.0 (Android 6.0.1; Mobile; rv:68.0) Gecko/68.0 Firefox/68.0",,,,"2b6651da-3756-4126-ad82-f14dd760f472","1571356800000","rv:68.0","panoplay.duckdns.org",,,"0","108",,,"Festival of Lights - Demo","1571418000000","49766088-3e0b-431f-8041-ce7fde02616d","193.175.2.0","false","false","true","Verein zur Foerderung eines Deutschen Forschungsne","es-ES","./livestream/master.m3u8","1571421240000","1569888000000",,"Android","6","0","0","1",,"0","0","videojs",,"0","html5","videojs-7.6.0",,"BE","640","360","0","WINDOW","0","rebuffering","hls","1571421268000","97d3f5f1-19e3-43cc-a479-50a7d1e208db","0","38741","Horus Live","2816","2816","0","Horus Live","0","0","38781","38659",,,,,"web"
"v2.5.4","680","0",,"Firefox Mobile","68","0","0",,"berlin","1571421268000","DE","0ccbec9e-edcf-4e47-acd6-b5ce19fd6126","Mozilla/5.0 (Android 6.0.1; Mobile; rv:68.0) Gecko/68.0 Firefox/68.0",,,,"2b6651da-3756-4126-ad82-f14dd760f472","1571356800000","rv:68.0","panoplay.duckdns.org",,,"0","5422",,,"Festival of Lights - Demo","1571418000000","49766088-3e0b-431f-8041-ce7fde02616d","193.175.2.0","false","false","true","Verein zur Foerderung eines Deutschen Forschungsne","es-ES","./livestream/master.m3u8","1571421240000","1569888000000",,"Android","6","0","0","1",,"0","5422","videojs",,"0","html5","videojs-7.6.0",,"BE","640","360","0","WINDOW","0","playing","hls","1571421268000","97d3f5f1-19e3-43cc-a479-50a7d1e208db","0","38659","Horus Live","2816","2816","0","Horus Live","0","0","38659","33242",,,,,"web"
"v2.5.4","680","0",,"Firefox Mobile","68","0","132",,"berlin","1571421275000","DE","0ccbec9e-edcf-4e47-acd6-b5ce19fd6126","Mozilla/5.0 (Android 6.0.1; Mobile; rv:68.0) Gecko/68.0 Firefox/68.0",,,,"2b6651da-3756-4126-ad82-f14dd760f472","1571356800000","rv:68.0","panoplay.duckdns.org",,,"0","132",,,"Festival of Lights - Demo","1571418000000","49766088-3e0b-431f-8041-ce7fde02616d","193.175.2.0","false","false","true","Verein zur Foerderung eines Deutschen Forschungsne","es-ES","./livestream/master.m3u8","1571421240000","1569888000000",,"Android","6","0","0","1",,"0","0","videojs",,"0","html5","videojs-7.6.0",,"BE","640","360","0","WINDOW","0","rebuffering","hls","1571421275000","97d3f5f1-19e3-43cc-a479-50a7d1e208db","0","45186","Horus Live","2816","2816","0","Horus Live","0","0","45227","45064",,,,,"web"
"v2.5.4","680","0",,"Firefox Mobile","68","0","0",,"berlin","1571421275000","DE","0ccbec9e-edcf-4e47-acd6-b5ce19fd6126","Mozilla/5.0 (Android 6.0.1; Mobile; rv:68.0) Gecko/68.0 Firefox/68.0",,,,"2b6651da-3756-4126-ad82-f14dd760f472","1571356800000","rv:68.0","panoplay.duckdns.org",,,"0","6312",,,"Festival of Lights - Demo","1571418000000","49766088-3e0b-431f-8041-ce7fde02616d","193.175.2.0","false","false","true","Verein zur Foerderung eines Deutschen Forschungsne","es-ES","./livestream/master.m3u8","1571421240000","1569888000000",,"Android","6","0","0","1",,"0","6312","videojs",,"0","html5","videojs-7.6.0",,"BE","640","360","0","WINDOW","0","playing","hls","1571421275000","97d3f5f1-19e3-43cc-a479-50a7d1e208db","0","45064","Horus Live","2816","2816","0","Horus Live","0","0","45064","38781",,,,,"web"
"v2.5.4","680","0",,"Firefox Mobile","68","0","48",,"berlin","1571421280000","DE","0ccbec9e-edcf-4e47-acd6-b5ce19fd6126","Mozilla/5.0 (Android 6.0.1; Mobile; rv:68.0) Gecko/68.0 Firefox/68.0",,,,"2b6651da-3756-4126-ad82-f14dd760f472","1571356800000","rv:68.0","panoplay.duckdns.org",,,"0","48",,,"Festival of Lights - Demo","1571418000000","49766088-3e0b-431f-8041-ce7fde02616d","193.175.2.0","false","false","true","Verein zur Foerderung eines Deutschen Forschungsne","es-ES","./livestream/master.m3u8","1571421240000","1569888000000",,"Android","6","0","0","1",,"0","0","videojs",,"0","html5","videojs-7.6.0",,"BE","640","360","0","WINDOW","0","rebuffering","hls","1571421280000","97d3f5f1-19e3-43cc-a479-50a7d1e208db","0","51187","Horus Live","2816","2816","0","Horus Live","0","0","51228","51146",,,,,"web"
"v2.5.4","680","0",,"Firefox Mobile","68","0","0",,"berlin","1571421280000","DE","0ccbec9e-edcf-4e47-acd6-b5ce19fd6126","Mozilla/5.0 (Android 6.0.1; Mobile; rv:68.0) Gecko/68.0 Firefox/68.0",,,,"2b6651da-3756-4126-ad82-f14dd760f472","1571356800000","rv:68.0","panoplay.duckdns.org",,,"0","5954",,,"Festival of Lights - Demo","1571418000000","49766088-3e0b-431f-8041-ce7fde02616d","193.175.2.0","false","false","true","Verein zur Foerderung eines Deutschen Forschungsne","es-ES","./livestream/master.m3u8","1571421240000","1569888000000",,"Android","6","0","0","1",,"0","5954","videojs",,"0","html5","videojs-7.6.0",,"BE","640","360","0","WINDOW","0","playing","hls","1571421280000","97d3f5f1-19e3-43cc-a479-50a7d1e208db","0","51146","Horus Live","2816","2816","0","Horus Live","0","0","51146","45227",,,,,"web"
"v2.5.4","680","0",,"Firefox Mobile","68","0","0",,"berlin","1571421287000","DE","0ccbec9e-edcf-4e47-acd6-b5ce19fd6126","Mozilla/5.0 (Android 6.0.1; Mobile; rv:68.0) Gecko/68.0 Firefox/68.0",,,,"2b6651da-3756-4126-ad82-f14dd760f472","1571356800000","rv:68.0","panoplay.duckdns.org",,,"0","6647",,,"Festival of Lights - Demo","1571418000000","49766088-3e0b-431f-8041-ce7fde02616d","193.175.2.0","false","false","true","Verein zur Foerderung eines Deutschen Forschungsne","es-ES","./livestream/master.m3u8","1571421240000","1569888000000",,"Android","6","0","0","1",,"0","6647","videojs",,"0","html5","videojs-7.6.0",,"BE","640","360","0","WINDOW","0","playing","hls","1571421287000","97d3f5f1-19e3-43cc-a479-50a7d1e208db","0","56568","Horus Live","2816","2816","0","Horus Live","0","0","56568","51228",,,,,"web"
"v2.5.4","680","0",,"Firefox Mobile","68","0","39",,"berlin","1571421287000","DE","0ccbec9e-edcf-4e47-acd6-b5ce19fd6126","Mozilla/5.0 (Android 6.0.1; Mobile; rv:68.0) Gecko/68.0 Firefox/68.0",,,,"2b6651da-3756-4126-ad82-f14dd760f472","1571356800000","rv:68.0","panoplay.duckdns.org",,,"0","39",,,"Festival of Lights - Demo","1571418000000","49766088-3e0b-431f-8041-ce7fde02616d","193.175.2.0","false","false","true","Verein zur Foerderung eines Deutschen Forschungsne","es-ES","./livestream/master.m3u8","1571421240000","1569888000000",,"Android","6","0","0","1",,"0","0","videojs",,"0","html5","videojs-7.6.0",,"BE","640","360","0","WINDOW","0","rebuffering","hls","1571421287000","97d3f5f1-19e3-43cc-a479-50a7d1e208db","0","56568","Horus Live","2816","2816","0","Horus Live","0","0","56623","56568",,,,,"web"
"v2.5.4","3209","0","true","Firefox","69","0","0",,"dortmund","1571426495000","DE","0ab428ee-9cb7-437e-8d4c-55529078a4df","Mozilla/5.0 (X11; Fedora; Linux x86_64; rv:69.0) Gecko/20100101 Firefox/69.0",,,,"61a7ece2-f35c-4bba-8691-a6e45d491609","1571356800000","Other","panoplay.duckdns.org",,,"0","5577156",,,"Festival of Lights - Demo","1571425200000","5f361933-0b6e-4b98-98a5-ea2227204665","213.23.104.0","false","true","true","Vodafone DSL","en-US",,"1571426460000","1569888000000","./livestream/manifest.mpd","Fedora",,,"0","1",,"0","0","videojs",,"0","html5","videojs-7.6.0",,"NW","900","1600","0","WINDOW","5577234","startup","dash","1571426495000","88337f65-5e01-4ca6-848e-da9508359b10","0",,"Horus Live","0","0","5577156","Horus Live","0","0","754000","0",,,,,"web"
"v2.5.4","3209","0",,"Mobile Safari","13","0","0",,"berlin","1571427745000","DE","e8e0048e-aea9-43d7-b516-35efcbcdb99a","Mozilla/5.0 (iPhone; CPU iPhone OS 13_1_3 like Mac OS X) AppleWebKit/605.1.15 (KHTML, like Gecko) Version/13.0.1 Mobile/15E148 Safari/604.1",,,,"3451d23d-d5ff-49b2-886e-10100cbcba4a","1571356800000","iPhone","192.168.247.92",,,"0","99",,,"Festival of Lights - Demo","1571425200000","ec620617-bc4c-42e2-af09-9160180a15d6","109.41.0.0","false","false","true","Vodafone GmbH","en-GB","./livestream/master.m3u8","1571427720000","1569888000000",,"iOS","13","1","450","1",,"0","0","videojs",,"99","html5","videojs-7.6.0",,"BE","568","320","0","WINDOW","0","setup","hls","1571427745000","487002b9-03c3-4ae8-adf1-a37a555ca9b7","0","0","Horus Live","0","0","0","Horus Live","0","0","0","0",,,,,"web"
"v2.5.4","3209","0",,"Mobile Safari","12","1","0",,"berlin","1571428211000","DE","3532da5e-b2de-4bb1-a2bb-d9387c3cf784","Mozilla/5.0 (iPhone; CPU iPhone OS 12_4_1 like Mac OS X) AppleWebKit/605.1.15 (KHTML, like Gecko) Version/12.1.2 Mobile/15E148 Safari/604.1",,,,"1ef1b7d8-2dfa-47d2-a5ee-48109b3298f9","1571356800000","iPhone","panoplay.duckdns.org",,,"0","155",,,"Festival of Lights - Demo","1571425200000","a49d971f-ade7-4a76-a8ee-6617cd8bb56a","109.41.0.0","false","false","true","Vodafone GmbH","de-DE","./livestream/master.m3u8","1571428200000","1569888000000",,"iOS","12","4","1191","1",,"0","0","videojs",,"155","html5","videojs-7.6.0",,"BE","568","320","0","WINDOW","0","setup","hls","1571428211000","75ebc319-296e-4dc2-8337-928612f99cca","0","0","Horus Live","0","0","0","Horus Live","0","0","0","0",,,,,"web"
"v2.5.4","3209","0",,"Mobile Safari","12","1","0",,"berlin","1571428228000","DE","3532da5e-b2de-4bb1-a2bb-d9387c3cf784","Mozilla/5.0 (iPhone; CPU iPhone OS 12_4_1 like Mac OS X) AppleWebKit/605.1.15 (KHTML, like Gecko) Version/12.1.2 Mobile/15E148 Safari/604.1",,,,"1ef1b7d8-2dfa-47d2-a5ee-48109b3298f9","1571356800000","iPhone","panoplay.duckdns.org",,,"0","0","4","The media could not be loaded, either because the server or network failed or because the format is not supported.","Festival of Lights - Demo","1571425200000","a49d971f-ade7-4a76-a8ee-6617cd8bb56a","109.41.0.0","false","false","true","Vodafone GmbH","de-DE","./livestream/master.m3u8","1571428200000","1569888000000",,"iOS","12","4","0","1",,"0","0","videojs",,"0","html5","videojs-7.6.0",,"BE","568","320","0","WINDOW","0","error","hls","1571428228000","75ebc319-296e-4dc2-8337-928612f99cca","0","0","Horus Live","0","0","0","Horus Live","0","0","0","0",,,,,"web"
"v2.5.4","3209","0",,"Mobile Safari","12","1","0",,"berlin","1571428698000","DE","a1ed6972-b719-4b33-9560-bd493075bf92","Mozilla/5.0 (iPhone; CPU iPhone OS 12_4_1 like Mac OS X) AppleWebKit/605.1.15 (KHTML, like Gecko) Version/12.1.2 Mobile/15E148 Safari/604.1",,,,"1ef1b7d8-2dfa-47d2-a5ee-48109b3298f9","1571356800000","iPhone","panoplay.duckdns.org",,,"0","129",,,"Festival of Lights - Demo","1571425200000","48efb3bc-a687-4e34-be67-f36e63a63b1c","109.41.0.0","false","false","true","Vodafone GmbH","de-DE","./livestream/master.m3u8","1571428680000","1569888000000",,"iOS","12","4","819","1",,"0","0","videojs",,"129","html5","videojs-7.6.0",,"BE","568","320","0","WINDOW","0","setup","hls","1571428698000","75ebc319-296e-4dc2-8337-928612f99cca","0","0","Horus Live","0","0","0","Horus Live","0","0","0","0",,,,,"web"
"v2.5.4","3209","0",,"Mobile Safari","12","1","0",,"berlin","1571428699000","DE","a1ed6972-b719-4b33-9560-bd493075bf92","Mozilla/5.0 (iPhone; CPU iPhone OS 12_4_1 like Mac OS X) AppleWebKit/605.1.15 (KHTML, like Gecko) Version/12.1.2 Mobile/15E148 Safari/604.1",,,,"1ef1b7d8-2dfa-47d2-a5ee-48109b3298f9","1571356800000","iPhone","panoplay.duckdns.org",,,"0","0","4","The media could not be loaded, either because the server or network failed or because the format is not supported.","Festival of Lights - Demo","1571425200000","48efb3bc-a687-4e34-be67-f36e63a63b1c","109.41.0.0","false","false","true","Vodafone GmbH","de-DE","./livestream/master.m3u8","1571428680000","1569888000000",,"iOS","12","4","0","1",,"0","0","videojs",,"0","html5","videojs-7.6.0",,"BE","568","320","0","WINDOW","0","error","hls","1571428699000","75ebc319-296e-4dc2-8337-928612f99cca","0","0","Horus Live","0","0","0","Horus Live","0","0","0","0",,,,,"web"
"v2.5.4","680","0",,"Chrome Mobile","69","0","0",,"berlin","1571474183000","DE","2c850548-a0a5-4715-be09-08b2b4d9776c","Mozilla/5.0 (Linux; Android 10; Pixel Build/QP1A.191005.007.A1) AppleWebKit/537.36 (KHTML, like Gecko) Chrome/69.0.3497.128 Mobile Safari/537.36 (Ecosia android@69.0.3497.128)",,,,"e264d529-a104-4766-bf59-e81d81342cd0","1571443200000","Pixel","192.168.247.92",,,"0","199",,,"Festival of Lights - Demo","1571472000000","174a2ec8-5fcf-460a-95d5-cc15445b9742","193.175.2.0","false","false","true","Verein zur Foerderung eines Deutschen Forschungsne","en-GB","./livestream/master.m3u8","1571474160000","1569888000000",,"Android","10",,"1597","1",,"0","0","videojs",,"199","html5","videojs-7.6.0",,"BE","732","412","0","WINDOW","0","setup","hls","1571474183000","decac1df-2a19-4a6f-92d8-d2af299946ec","0","0","Horus Live","0","0","0","Horus Live","0","0","0","0",,,,,"web"
"v2.5.4","680","0",,"Chrome Mobile","69","0","0",,"berlin","1571474184000","DE","2c850548-a0a5-4715-be09-08b2b4d9776c","Mozilla/5.0 (Linux; Android 10; Pixel Build/QP1A.191005.007.A1) AppleWebKit/537.36 (KHTML, like Gecko) Chrome/69.0.3497.128 Mobile Safari/537.36 (Ecosia android@69.0.3497.128)",,,,"e264d529-a104-4766-bf59-e81d81342cd0","1571443200000","Pixel","192.168.247.92",,,"0","0","3","The media playback was aborted due to a corruption problem or because the media used features your browser did not support.","Festival of Lights - Demo","1571472000000","174a2ec8-5fcf-460a-95d5-cc15445b9742","193.175.2.0","false","false","true","Verein zur Foerderung eines Deutschen Forschungsne","en-GB","./livestream/master.m3u8","1571474160000","1569888000000",,"Android","10",,"0","1",,"0","0","videojs",,"0","html5","videojs-7.6.0",,"BE","732","412","0","WINDOW","0","error","hls","1571474184000","decac1df-2a19-4a6f-92d8-d2af299946ec","0","0","Horus Live","0","0","0","Horus Live","0","0","0","0",,,,,"web"
"v2.5.4","680","0",,"Chrome Mobile","69","0","0",,"berlin","1571474187000","DE","2c850548-a0a5-4715-be09-08b2b4d9776c","Mozilla/5.0 (Linux; Android 10; Pixel Build/QP1A.191005.007.A1) AppleWebKit/537.36 (KHTML, like Gecko) Chrome/69.0.3497.128 Mobile Safari/537.36 (Ecosia android@69.0.3497.128)",,,,"e264d529-a104-4766-bf59-e81d81342cd0","1571443200000","Pixel","192.168.247.92",,,"0","0",,,"Festival of Lights - Demo","1571472000000","174a2ec8-5fcf-460a-95d5-cc15445b9742","193.175.2.0","false","false","true","Verein zur Foerderung eines Deutschen Forschungsne","en-GB","./livestream/master.m3u8","1571474160000","1569888000000",,"Android","10",,"0","1",,"0","0","videojs",,"0","html5","videojs-7.6.0",,"BE","732","412","0","WINDOW","0","error","hls","1571474187000","decac1df-2a19-4a6f-92d8-d2af299946ec","0","0","Horus Live","0","0","0","Horus Live","0","0","0","0",,,,,"web"
"v2.5.4","680","0",,"Chrome Mobile","69","0","0",,"berlin","1571474188000","DE","c2700b38-919f-476c-b98f-74841790e841","Mozilla/5.0 (Linux; Android 10; Pixel Build/QP1A.191005.007.A1) AppleWebKit/537.36 (KHTML, like Gecko) Chrome/69.0.3497.128 Mobile Safari/537.36 (Ecosia android@69.0.3497.128)",,,,"e264d529-a104-4766-bf59-e81d81342cd0","1571443200000","Pixel","192.168.247.92",,,"0","0","3","The media playback was aborted due to a corruption problem or because the media used features your browser did not support.","Festival of Lights - Demo","1571472000000","bc1084a6-2451-455f-b969-aca70c4c8d76","193.175.2.0","false","false","true","Verein zur Foerderung eines Deutschen Forschungsne","en-GB","./livestream/master.m3u8","1571474160000","1569888000000",,"Android","10",,"0","1",,"0","0","videojs",,"0","html5","videojs-7.6.0",,"BE","732","412","0","WINDOW","0","error","hls","1571474188000","decac1df-2a19-4a6f-92d8-d2af299946ec","0","0","Horus Live","0","0","0","Horus Live","0","0","0","0",,,,,"web"
"v2.5.4","680","0",,"Chrome Mobile","69","0","0",,"berlin","1571474188000","DE","c2700b38-919f-476c-b98f-74841790e841","Mozilla/5.0 (Linux; Android 10; Pixel Build/QP1A.191005.007.A1) AppleWebKit/537.36 (KHTML, like Gecko) Chrome/69.0.3497.128 Mobile Safari/537.36 (Ecosia android@69.0.3497.128)",,,,"e264d529-a104-4766-bf59-e81d81342cd0","1571443200000","Pixel","192.168.247.92",,,"0","108",,,"Festival of Lights - Demo","1571472000000","bc1084a6-2451-455f-b969-aca70c4c8d76","193.175.2.0","false","false","true","Verein zur Foerderung eines Deutschen Forschungsne","en-GB","./livestream/master.m3u8","1571474160000","1569888000000",,"Android","10",,"566","1",,"0","0","videojs",,"108","html5","videojs-7.6.0",,"BE","732","412","0","WINDOW","0","setup","hls","1571474188000","decac1df-2a19-4a6f-92d8-d2af299946ec","0","0","Horus Live","0","0","0","Horus Live","0","0","0","0",,,,,"web"
"v2.5.4","680","0",,"Firefox Mobile","68","0","55729565",,"berlin","1571477039000","DE","0ccbec9e-edcf-4e47-acd6-b5ce19fd6126","Mozilla/5.0 (Android 6.0.1; Mobile; rv:68.0) Gecko/68.0 Firefox/68.0",,,,"2b6651da-3756-4126-ad82-f14dd760f472","1571443200000","rv:68.0","panoplay.duckdns.org",,,"0","55729565",,,"Festival of Lights - Demo","1571475600000","49766088-3e0b-431f-8041-ce7fde02616d","193.175.2.0","false","false","true","Verein zur Foerderung eines Deutschen Forschungsne","es-ES","./livestream/master.m3u8","1571476980000","1569888000000",,"Android","6","0","0","1",,"0","0","videojs",,"0","html5","videojs-7.6.0",,"BE","640","360","0","WINDOW","0","rebuffering","hls","1571477039000","97d3f5f1-19e3-43cc-a479-50a7d1e208db","0","63530","Horus Live","2816","2816","0","Horus Live","0","0","68101","63530",,,,,"web"
"v2.5.4","680","0",,"Firefox Mobile","68","0","91",,"berlin","1571477040000","DE","0ccbec9e-edcf-4e47-acd6-b5ce19fd6126","Mozilla/5.0 (Android 6.0.1; Mobile; rv:68.0) Gecko/68.0 Firefox/68.0",,,,"2b6651da-3756-4126-ad82-f14dd760f472","1571443200000","rv:68.0","panoplay.duckdns.org",,,"0","91",,,"Festival of Lights - Demo","1571475600000","49766088-3e0b-431f-8041-ce7fde02616d","193.175.2.0","false","false","true","Verein zur Foerderung eines Deutschen Forschungsne","es-ES","./livestream/master.m3u8","1571477040000","1569888000000",,"Android","6","0","0","1",,"0","0","videojs",,"0","html5","videojs-7.6.0",,"BE","640","360","0","WINDOW","0","rebuffering","hls","1571477040000","97d3f5f1-19e3-43cc-a479-50a7d1e208db","0","69391","Horus Live","2816","2816","0","Horus Live","0","0","69433","69308",,,,,"web"
"v2.5.4","680","0",,"Firefox Mobile","68","0","0",,"berlin","1571477040000","DE","0ccbec9e-edcf-4e47-acd6-b5ce19fd6126","Mozilla/5.0 (Android 6.0.1; Mobile; rv:68.0) Gecko/68.0 Firefox/68.0",,,,"2b6651da-3756-4126-ad82-f14dd760f472","1571443200000","rv:68.0","panoplay.duckdns.org",,,"0","1205",,,"Festival of Lights - Demo","1571475600000","49766088-3e0b-431f-8041-ce7fde02616d","193.175.2.0","false","false","true","Verein zur Foerderung eines Deutschen Forschungsne","es-ES","./livestream/master.m3u8","1571477040000","1569888000000",,"Android","6","0","0","1",,"0","1205","videojs",,"0","html5","videojs-7.6.0",,"BE","640","360","0","WINDOW","0","playing","hls","1571477040000","97d3f5f1-19e3-43cc-a479-50a7d1e208db","0","69308","Horus Live","2816","2816","0","Horus Live","0","0","69308","68101",,,,,"web"
"v2.5.4","680","0",,"Firefox Mobile","68","0","39",,"berlin","1571477041000","DE","0ccbec9e-edcf-4e47-acd6-b5ce19fd6126","Mozilla/5.0 (Android 6.0.1; Mobile; rv:68.0) Gecko/68.0 Firefox/68.0",,,,"2b6651da-3756-4126-ad82-f14dd760f472","1571443200000","rv:68.0","panoplay.duckdns.org",,,"0","39",,,"Festival of Lights - Demo","1571475600000","49766088-3e0b-431f-8041-ce7fde02616d","193.175.2.0","false","false","true","Verein zur Foerderung eines Deutschen Forschungsne","es-ES","./livestream/master.m3u8","1571477040000","1569888000000",,"Android","6","0","0","1",,"0","0","videojs",,"0","html5","videojs-7.6.0",,"BE","640","360","0","WINDOW","0","rebuffering","hls","1571477041000","97d3f5f1-19e3-43cc-a479-50a7d1e208db","0","70069","Horus Live","2816","2816","0","Horus Live","0","0","70069","70069",,,,,"web"
"v2.5.4","680","0",,"Firefox Mobile","68","0","0",,"berlin","1571477041000","DE","0ccbec9e-edcf-4e47-acd6-b5ce19fd6126","Mozilla/5.0 (Android 6.0.1; Mobile; rv:68.0) Gecko/68.0 Firefox/68.0",,,,"2b6651da-3756-4126-ad82-f14dd760f472","1571443200000","rv:68.0","panoplay.duckdns.org",,,"0","23",,,"Festival of Lights - Demo","1571475600000","49766088-3e0b-431f-8041-ce7fde02616d","193.175.2.0","false","false","true","Verein zur Foerderung eines Deutschen Forschungsne","es-ES","./livestream/master.m3u8","1571477040000","1569888000000",,"Android","6","0","0","1",,"0","23","videojs",,"0","html5","videojs-7.6.0",,"BE","640","360","0","WINDOW","0","playing","hls","1571477041000","97d3f5f1-19e3-43cc-a479-50a7d1e208db","0","70069","Horus Live","2816","2816","0","Horus Live","0","0","70069","70069",,,,,"web"
"v2.5.4","680","0",,"Firefox Mobile","68","0","0",,"berlin","1571477041000","DE","0ccbec9e-edcf-4e47-acd6-b5ce19fd6126","Mozilla/5.0 (Android 6.0.1; Mobile; rv:68.0) Gecko/68.0 Firefox/68.0",,,,"2b6651da-3756-4126-ad82-f14dd760f472","1571443200000","rv:68.0","panoplay.duckdns.org",,,"0","662",,,"Festival of Lights - Demo","1571475600000","49766088-3e0b-431f-8041-ce7fde02616d","193.175.2.0","false","false","true","Verein zur Foerderung eines Deutschen Forschungsne","es-ES","./livestream/master.m3u8","1571477040000","1569888000000",,"Android","6","0","0","1",,"0","662","videojs",,"0","html5","videojs-7.6.0",,"BE","640","360","0","WINDOW","0","playing","hls","1571477041000","97d3f5f1-19e3-43cc-a479-50a7d1e208db","0","70069","Horus Live","2816","2816","0","Horus Live","0","0","70069","69433",,,,,"web"
"v2.5.4","680","0",,"Safari","13","0","0",,"berlin","1571478948000","DE","765a60eb-862a-4910-85f9-37bf952dd763","Mozilla/5.0 (Macintosh; Intel Mac OS X 10_14_6) AppleWebKit/605.1.15 (KHTML, like Gecko) Version/13.0.1 Safari/605.1.15",,,,"002505dc-1a54-4fd1-83af-5ceee036005e","1571443200000","Other","panoplay.duckdns.org",,,"0","158",,,"Festival of Lights - Demo","1571475600000","10c8e78b-cfb5-4c1d-a0ed-9843ce72ce2b","193.175.2.0","false","false","true","Verein zur Foerderung eines Deutschen Forschungsne","en-US","./livestream/master.m3u8","1571478900000","1569888000000",,"Mac OS X","10","14","781","2",,"0","0","videojs",,"158","html5","videojs-7.6.0",,"BE","1050","1680","0","WINDOW","0","setup","hls","1571478948000","3afdafdb-6026-40c4-b52a-23422333b249","0","0","Horus Live","0","0","0","Horus Live","0","0","0","0",,,,,"web"
"v2.5.4","680","0","true","Safari","13","0","0",,"berlin","1571478949000","DE","765a60eb-862a-4910-85f9-37bf952dd763","Mozilla/5.0 (Macintosh; Intel Mac OS X 10_14_6) AppleWebKit/605.1.15 (KHTML, like Gecko) Version/13.0.1 Safari/605.1.15",,,,"002505dc-1a54-4fd1-83af-5ceee036005e","1571443200000","Other","panoplay.duckdns.org",,,"0","250",,,"Festival of Lights - Demo","1571475600000","10c8e78b-cfb5-4c1d-a0ed-9843ce72ce2b","193.175.2.0","false","false","true","Verein zur Foerderung eines Deutschen Forschungsne","en-US","./livestream/master.m3u8","1571478900000","1569888000000",,"Mac OS X","10","14","0","2",,"0","0","videojs",,"0","html5","videojs-7.6.0",,"BE","1050","1680","0","WINDOW","408","startup","hls","1571478949000","3afdafdb-6026-40c4-b52a-23422333b249","0","43679302","Horus Live","2816","2816","250","Horus Live","0","0","255","5",,,,,"web"
"v2.5.4","680","0",,"Safari","13","0","0",,"berlin","1571478956000","DE","765a60eb-862a-4910-85f9-37bf952dd763","Mozilla/5.0 (Macintosh; Intel Mac OS X 10_14_6) AppleWebKit/605.1.15 (KHTML, like Gecko) Version/13.0.1 Safari/605.1.15",,,,"002505dc-1a54-4fd1-83af-5ceee036005e","1571443200000","Other","panoplay.duckdns.org",,,"0","7245",,,"Festival of Lights - Demo","1571475600000","10c8e78b-cfb5-4c1d-a0ed-9843ce72ce2b","193.175.2.0","false","false","true","Verein zur Foerderung eines Deutschen Forschungsne","en-US","./livestream/master.m3u8","1571478900000","1569888000000",,"Mac OS X","10","14","0","2",,"0","7245","videojs",,"0","html5","videojs-7.6.0",,"BE","1050","1680","0","WINDOW","0","playing","hls","1571478956000","3afdafdb-6026-40c4-b52a-23422333b249","0","43679302","Horus Live","2816","2816","0","Horus Live","0","0","7500","255",,,,,"web"
"v2.5.4","680","0",,"Safari","13","0","15",,"berlin","1571478956000","DE","765a60eb-862a-4910-85f9-37bf952dd763","Mozilla/5.0 (Macintosh; Intel Mac OS X 10_14_6) AppleWebKit/605.1.15 (KHTML, like Gecko) Version/13.0.1 Safari/605.1.15",,,,"002505dc-1a54-4fd1-83af-5ceee036005e","1571443200000","Other","panoplay.duckdns.org",,,"0","15",,,"Festival of Lights - Demo","1571475600000","10c8e78b-cfb5-4c1d-a0ed-9843ce72ce2b","193.175.2.0","false","false","true","Verein zur Foerderung eines Deutschen Forschungsne","en-US","./livestream/master.m3u8","1571478900000","1569888000000",,"Mac OS X","10","14","0","2",,"0","0","videojs",,"0","html5","videojs-7.6.0",,"BE","1050","1680","0","WINDOW","0","rebuffering","hls","1571478956000","3afdafdb-6026-40c4-b52a-23422333b249","0","43679302","Horus Live","2816","2816","0","Horus Live","0","0","7515","7500",,,,,"web"
"v2.5.4","680","0",,"Safari","13","0","0",,"berlin","1571478957000","DE","765a60eb-862a-4910-85f9-37bf952dd763","Mozilla/5.0 (Macintosh; Intel Mac OS X 10_14_6) AppleWebKit/605.1.15 (KHTML, like Gecko) Version/13.0.1 Safari/605.1.15",,,,"002505dc-1a54-4fd1-83af-5ceee036005e","1571443200000","Other","panoplay.duckdns.org",,,"0","533",,,"Festival of Lights - Demo","1571475600000","10c8e78b-cfb5-4c1d-a0ed-9843ce72ce2b","193.175.2.0","false","false","true","Verein zur Foerderung eines Deutschen Forschungsne","en-US","./livestream/master.m3u8","1571478900000","1569888000000",,"Mac OS X","10","14","0","2",,"0","533","videojs",,"0","html5","videojs-7.6.0",,"BE","1050","1680","0","WINDOW","0","playing","hls","1571478957000","3afdafdb-6026-40c4-b52a-23422333b249","0","43679302","Horus Live","2816","2816","0","Horus Live","0","0","8046","7515",,,,,"web"
"v2.5.4","680","0",,"Safari","13","0","0",,"berlin","1571478961000","DE","765a60eb-862a-4910-85f9-37bf952dd763","Mozilla/5.0 (Macintosh; Intel Mac OS X 10_14_6) AppleWebKit/605.1.15 (KHTML, like Gecko) Version/13.0.1 Safari/605.1.15",,,,"002505dc-1a54-4fd1-83af-5ceee036005e","1571443200000","Other","panoplay.duckdns.org",,,"0","4696",,,"Festival of Lights - Demo","1571475600000","10c8e78b-cfb5-4c1d-a0ed-9843ce72ce2b","193.175.2.0","false","false","true","Verein zur Foerderung eines Deutschen Forschungsne","en-US","./livestream/master.m3u8","1571478960000","1569888000000",,"Mac OS X","10","14","0","2",,"4696","0","videojs",,"0","html5","videojs-7.6.0",,"BE","1050","1680","0","WINDOW","0","pause","hls","1571478961000","3afdafdb-6026-40c4-b52a-23422333b249","0","43679302","Horus Live","2816","2816","0","Horus Live","0","0","8079","8046",,,,,"web"
"v2.5.4","680","0",,"Safari","13","0","0",,"berlin","1571478965000","DE","765a60eb-862a-4910-85f9-37bf952dd763","Mozilla/5.0 (Macintosh; Intel Mac OS X 10_14_6) AppleWebKit/605.1.15 (KHTML, like Gecko) Version/13.0.1 Safari/605.1.15",,,,"002505dc-1a54-4fd1-83af-5ceee036005e","1571443200000","Other","panoplay.duckdns.org",,,"0","4099",,,"Festival of Lights - Demo","1571475600000","10c8e78b-cfb5-4c1d-a0ed-9843ce72ce2b","193.175.2.0","false","false","true","Verein zur Foerderung eines Deutschen Forschungsne","en-US","./livestream/master.m3u8","1571478960000","1569888000000",,"Mac OS X","10","14","0","2",,"0","4099","videojs",,"0","html5","videojs-7.6.0",,"BE","1050","1680","0","WINDOW","0","playing","hls","1571478965000","3afdafdb-6026-40c4-b52a-23422333b249","0","43679302","Horus Live","2816","2816","0","Horus Live","0","0","0","8079",,,,,"web"
"v2.5.4","680","0",,"Safari","13","0","0",,"berlin","1571478967000","DE","765a60eb-862a-4910-85f9-37bf952dd763","Mozilla/5.0 (Macintosh; Intel Mac OS X 10_14_6) AppleWebKit/605.1.15 (KHTML, like Gecko) Version/13.0.1 Safari/605.1.15",,,,"002505dc-1a54-4fd1-83af-5ceee036005e","1571443200000","Other","panoplay.duckdns.org",,,"0","1199",,,"Festival of Lights - Demo","1571475600000","10c8e78b-cfb5-4c1d-a0ed-9843ce72ce2b","193.175.2.0","false","false","true","Verein zur Foerderung eines Deutschen Forschungsne","en-US","./livestream/master.m3u8","1571478960000","1569888000000",,"Mac OS X","10","14","0","2",,"1199","0","videojs",,"0","html5","videojs-7.6.0",,"BE","1050","1680","0","WINDOW","0","pause","hls","1571478967000","3afdafdb-6026-40c4-b52a-23422333b249","0","43679302","Horus Live","2816","2816","0","Horus Live","0","0","11452052","0",,,,,"web"
"v2.5.4","680","0",,"Safari","13","0","0",,"berlin","1571478968000","DE","765a60eb-862a-4910-85f9-37bf952dd763","Mozilla/5.0 (Macintosh; Intel Mac OS X 10_14_6) AppleWebKit/605.1.15 (KHTML, like Gecko) Version/13.0.1 Safari/605.1.15",,,,"002505dc-1a54-4fd1-83af-5ceee036005e","1571443200000","Other","panoplay.duckdns.org",,,"0","1967",,,"Festival of Lights - Demo","1571475600000","10c8e78b-cfb5-4c1d-a0ed-9843ce72ce2b","193.175.2.0","false","false","true","Verein zur Foerderung eines Deutschen Forschungsne","en-US","./livestream/master.m3u8","1571478960000","1569888000000",,"Mac OS X","10","14","0","2",,"0","1967","videojs",,"0","html5","videojs-7.6.0",,"BE","1050","1680","0","WINDOW","0","playing","hls","1571478968000","3afdafdb-6026-40c4-b52a-23422333b249","0","43679302","Horus Live","2816","2816","0","Horus Live","0","0","11356619","11452052",,,,,"web"
"v2.5.4","680","0",,"Safari","13","0","0",,"berlin","1571478969000","DE","765a60eb-862a-4910-85f9-37bf952dd763","Mozilla/5.0 (Macintosh; Intel Mac OS X 10_14_6) AppleWebKit/605.1.15 (KHTML, like Gecko) Version/13.0.1 Safari/605.1.15",,,,"002505dc-1a54-4fd1-83af-5ceee036005e","1571443200000","Other","panoplay.duckdns.org",,,"0","567",,,"Festival of Lights - Demo","1571475600000","10c8e78b-cfb5-4c1d-a0ed-9843ce72ce2b","193.175.2.0","false","false","true","Verein zur Foerderung eines Deutschen Forschungsne","en-US","./livestream/master.m3u8","1571478960000","1569888000000",,"Mac OS X","10","14","0","2",,"567","0","videojs",,"0","html5","videojs-7.6.0",,"BE","1050","1680","0","WINDOW","0","pause","hls","1571478969000","3afdafdb-6026-40c4-b52a-23422333b249","0","43679302","Horus Live","2816","2816","0","Horus Live","0","0","25333998","11356619",,,,,"web"
"v2.5.4","680","0",,"Safari","13","0","0",,"berlin","1571478974000","DE","765a60eb-862a-4910-85f9-37bf952dd763","Mozilla/5.0 (Macintosh; Intel Mac OS X 10_14_6) AppleWebKit/605.1.15 (KHTML, like Gecko) Version/13.0.1 Safari/605.1.15",,,,"002505dc-1a54-4fd1-83af-5ceee036005e","1571443200000","Other","panoplay.duckdns.org",,,"0","5383",,,"Festival of Lights - Demo","1571475600000","10c8e78b-cfb5-4c1d-a0ed-9843ce72ce2b","193.175.2.0","false","false","true","Verein zur Foerderung eines Deutschen Forschungsne","en-US","./livestream/master.m3u8","1571478960000","1569888000000",,"Mac OS X","10","14","0","2",,"0","5383","videojs",,"0","html5","videojs-7.6.0",,"BE","1050","1680","0","WINDOW","0","playing","hls","1571478974000","3afdafdb-6026-40c4-b52a-23422333b249","0","43679302","Horus Live","2816","2816","0","Horus Live","0","0","25339381","25333998",,,,,"web"
"v2.5.4","680","0",,"Safari","13","0","127",,"berlin","1571478975000","DE","765a60eb-862a-4910-85f9-37bf952dd763","Mozilla/5.0 (Macintosh; Intel Mac OS X 10_14_6) AppleWebKit/605.1.15 (KHTML, like Gecko) Version/13.0.1 Safari/605.1.15",,,,"002505dc-1a54-4fd1-83af-5ceee036005e","1571443200000","Other","panoplay.duckdns.org",,,"0","127",,,"Festival of Lights - Demo","1571475600000","10c8e78b-cfb5-4c1d-a0ed-9843ce72ce2b","193.175.2.0","false","false","true","Verein zur Foerderung eines Deutschen Forschungsne","en-US","./livestream/master.m3u8","1571478960000","1569888000000",,"Mac OS X","10","14","0","2",,"0","0","videojs",,"0","html5","videojs-7.6.0",,"BE","1050","1680","0","WINDOW","0","rebuffering","hls","1571478975000","3afdafdb-6026-40c4-b52a-23422333b249","0","43679302","Horus Live","2816","2816","0","Horus Live","0","0","25339508","25339381",,,,,"web"
"v2.5.4","680","0",,"Safari","13","0","0",,"berlin","1571478977000","DE","765a60eb-862a-4910-85f9-37bf952dd763","Mozilla/5.0 (Macintosh; Intel Mac OS X 10_14_6) AppleWebKit/605.1.15 (KHTML, like Gecko) Version/13.0.1 Safari/605.1.15",,,,"002505dc-1a54-4fd1-83af-5ceee036005e","1571443200000","Other","panoplay.duckdns.org",,,"0","2247",,,"Festival of Lights - Demo","1571475600000","10c8e78b-cfb5-4c1d-a0ed-9843ce72ce2b","193.175.2.0","false","false","true","Verein zur Foerderung eines Deutschen Forschungsne","en-US","./livestream/master.m3u8","1571478960000","1569888000000",,"Mac OS X","10","14","0","2",,"0","2247","videojs",,"0","html5","videojs-7.6.0",,"BE","1050","1680","0","WINDOW","0","playing","hls","1571478977000","3afdafdb-6026-40c4-b52a-23422333b249","0","43679302","Horus Live","2816","2816","0","Horus Live","0","0","25333995","25339508",,,,,"web"
"v2.5.4","680","0",,"Safari","13","0","0",,"berlin","1571478978000","DE","765a60eb-862a-4910-85f9-37bf952dd763","Mozilla/5.0 (Macintosh; Intel Mac OS X 10_14_6) AppleWebKit/605.1.15 (KHTML, like Gecko) Version/13.0.1 Safari/605.1.15",,,,"002505dc-1a54-4fd1-83af-5ceee036005e","1571443200000","Other","panoplay.duckdns.org",,,"0","1457",,,"Festival of Lights - Demo","1571475600000","10c8e78b-cfb5-4c1d-a0ed-9843ce72ce2b","193.175.2.0","false","false","true","Verein zur Foerderung eines Deutschen Forschungsne","en-US","./livestream/master.m3u8","1571478960000","1569888000000",,"Mac OS X","10","14","0","2",,"1457","0","videojs",,"0","html5","videojs-7.6.0",,"BE","1050","1680","0","WINDOW","0","pause","hls","1571478978000","3afdafdb-6026-40c4-b52a-23422333b249","0","43679302","Horus Live","2816","2816","0","Horus Live","0","0","31813092","25333995",,,,,"web"
"v2.5.4","680","0",,"Safari","13","0","0",,"berlin","1571478981000","DE","765a60eb-862a-4910-85f9-37bf952dd763","Mozilla/5.0 (Macintosh; Intel Mac OS X 10_14_6) AppleWebKit/605.1.15 (KHTML, like Gecko) Version/13.0.1 Safari/605.1.15",,,,"002505dc-1a54-4fd1-83af-5ceee036005e","1571443200000","Other","panoplay.duckdns.org",,,"0","3200",,,"Festival of Lights - Demo","1571475600000","10c8e78b-cfb5-4c1d-a0ed-9843ce72ce2b","193.175.2.0","false","false","true","Verein zur Foerderung eines Deutschen Forschungsne","en-US","./livestream/master.m3u8","1571478960000","1569888000000",,"Mac OS X","10","14","0","2",,"0","3200","videojs",,"0","html5","videojs-7.6.0",,"BE","1050","1680","0","WINDOW","0","playing","hls","1571478981000","3afdafdb-6026-40c4-b52a-23422333b249","0","43679302","Horus Live","2816","2816","0","Horus Live","0","0","37127407","31813092",,,,,"web"
"v2.5.4","680","0",,"Safari","13","0","0",,"berlin","1571478982000","DE","765a60eb-862a-4910-85f9-37bf952dd763","Mozilla/5.0 (Macintosh; Intel Mac OS X 10_14_6) AppleWebKit/605.1.15 (KHTML, like Gecko) Version/13.0.1 Safari/605.1.15",,,,"002505dc-1a54-4fd1-83af-5ceee036005e","1571443200000","Other","panoplay.duckdns.org",,,"0","119",,,"Festival of Lights - Demo","1571475600000","10c8e78b-cfb5-4c1d-a0ed-9843ce72ce2b","193.175.2.0","false","false","true","Verein zur Foerderung eines Deutschen Forschungsne","en-US","./livestream/master.m3u8","1571478960000","1569888000000",,"Mac OS X","10","14","0","2",,"119","0","videojs",,"0","html5","videojs-7.6.0",,"BE","1050","1680","0","WINDOW","0","pause","hls","1571478982000","3afdafdb-6026-40c4-b52a-23422333b249","0","43679302","Horus Live","2816","2816","0","Horus Live","0","0","37127407","37127407",,,,,"web"
"v2.5.4","680","0",,"Safari","13","0","0",,"berlin","1571478984000","DE","765a60eb-862a-4910-85f9-37bf952dd763","Mozilla/5.0 (Macintosh; Intel Mac OS X 10_14_6) AppleWebKit/605.1.15 (KHTML, like Gecko) Version/13.0.1 Safari/605.1.15",,,,"002505dc-1a54-4fd1-83af-5ceee036005e","1571443200000","Other","panoplay.duckdns.org",,,"0","95",,,"Festival of Lights - Demo","1571475600000","10c8e78b-cfb5-4c1d-a0ed-9843ce72ce2b","193.175.2.0","false","false","true","Verein zur Foerderung eines Deutschen Forschungsne","en-US","./livestream/master.m3u8","1571478960000","1569888000000",,"Mac OS X","10","14","0","2",,"95","0","videojs",,"0","html5","videojs-7.6.0",,"BE","1050","1680","0","WINDOW","0","pause","hls","1571478984000","3afdafdb-6026-40c4-b52a-23422333b249","0","43679302","Horus Live","2816","2816","0","Horus Live","0","0","40912946","40912946",,,,,"web"
"v2.5.4","680","0",,"Safari","13","0","0",,"berlin","1571478984000","DE","765a60eb-862a-4910-85f9-37bf952dd763","Mozilla/5.0 (Macintosh; Intel Mac OS X 10_14_6) AppleWebKit/605.1.15 (KHTML, like Gecko) Version/13.0.1 Safari/605.1.15",,,,"002505dc-1a54-4fd1-83af-5ceee036005e","1571443200000","Other","panoplay.duckdns.org",,,"0","2025",,,"Festival of Lights - Demo","1571475600000","10c8e78b-cfb5-4c1d-a0ed-9843ce72ce2b","193.175.2.0","false","false","true","Verein zur Foerderung eines Deutschen Forschungsne","en-US","./livestream/master.m3u8","1571478960000","1569888000000",,"Mac OS X","10","14","0","2",,"0","2025","videojs",,"0","html5","videojs-7.6.0",,"BE","1050","1680","0","WINDOW","0","playing","hls","1571478984000","3afdafdb-6026-40c4-b52a-23422333b249","0","43679302","Horus Live","2816","2816","0","Horus Live","0","0","40912946","37127407",,,,,"web"
"v2.5.4","680","0",,"Safari","13","0","0",,"berlin","1571478986000","DE","765a60eb-862a-4910-85f9-37bf952dd763","Mozilla/5.0 (Macintosh; Intel Mac OS X 10_14_6) AppleWebKit/605.1.15 (KHTML, like Gecko) Version/13.0.1 Safari/605.1.15",,,,"002505dc-1a54-4fd1-83af-5ceee036005e","1571443200000","Other","panoplay.duckdns.org",,,"0","1965",,,"Festival of Lights - Demo","1571475600000","10c8e78b-cfb5-4c1d-a0ed-9843ce72ce2b","193.175.2.0","false","false","true","Verein zur Foerderung eines Deutschen Forschungsne","en-US","./livestream/master.m3u8","1571478960000","1569888000000",,"Mac OS X","10","14","0","2",,"0","1965","videojs",,"0","html5","videojs-7.6.0",,"BE","1050","1680","0","WINDOW","0","playing","hls","1571478986000","3afdafdb-6026-40c4-b52a-23422333b249","0","43679302","Horus Live","2816","2816","0","Horus Live","0","0","40308321","40912946",,,,,"web"
"v2.5.4","680","0",,"Safari","13","0","0",,"berlin","1571478990000","DE","765a60eb-862a-4910-85f9-37bf952dd763","Mozilla/5.0 (Macintosh; Intel Mac OS X 10_14_6) AppleWebKit/605.1.15 (KHTML, like Gecko) Version/13.0.1 Safari/605.1.15",,,,"002505dc-1a54-4fd1-83af-5ceee036005e","1571443200000","Other","panoplay.duckdns.org",,,"0","4558",,,"Festival of Lights - Demo","1571475600000","10c8e78b-cfb5-4c1d-a0ed-9843ce72ce2b","193.175.2.0","false","false","true","Verein zur Foerderung eines Deutschen Forschungsne","en-US","./livestream/master.m3u8","1571478960000","1569888000000",,"Mac OS X","10","14","0","2",,"4558","0","videojs",,"0","html5","videojs-7.6.0",,"BE","1050","1680","0","WINDOW","0","pause","hls","1571478990000","3afdafdb-6026-40c4-b52a-23422333b249","0","43679302","Horus Live","2816","2816","0","Horus Live","0","0","39311373","40308321",,,,,"web"
"v2.5.4","680","0",,"Safari","13","0","0",,"berlin","1571478995000","DE","765a60eb-862a-4910-85f9-37bf952dd763","Mozilla/5.0 (Macintosh; Intel Mac OS X 10_14_6) AppleWebKit/605.1.15 (KHTML, like Gecko) Version/13.0.1 Safari/605.1.15",,,,"002505dc-1a54-4fd1-83af-5ceee036005e","1571443200000","Other","panoplay.duckdns.org",,,"0","4507",,,"Festival of Lights - Demo","1571475600000","10c8e78b-cfb5-4c1d-a0ed-9843ce72ce2b","193.175.2.0","false","false","true","Verein zur Foerderung eines Deutschen Forschungsne","en-US","./livestream/master.m3u8","1571478960000","1569888000000",,"Mac OS X","10","14","0","2",,"0","4507","videojs",,"0","html5","videojs-7.6.0",,"BE","1050","1680","0","WINDOW","0","playing","hls","1571478995000","3afdafdb-6026-40c4-b52a-23422333b249","0","43679302","Horus Live","2816","2816","0","Horus Live","0","0","39315880","39311373",,,,,"web"
"v2.5.4","680","0",,"Safari","13","0","251",,"berlin","1571478995000","DE","765a60eb-862a-4910-85f9-37bf952dd763","Mozilla/5.0 (Macintosh; Intel Mac OS X 10_14_6) AppleWebKit/605.1.15 (KHTML, like Gecko) Version/13.0.1 Safari/605.1.15",,,,"002505dc-1a54-4fd1-83af-5ceee036005e","1571443200000","Other","panoplay.duckdns.org",,,"0","251",,,"Festival of Lights - Demo","1571475600000","10c8e78b-cfb5-4c1d-a0ed-9843ce72ce2b","193.175.2.0","false","false","true","Verein zur Foerderung eines Deutschen Forschungsne","en-US","./livestream/master.m3u8","1571478960000","1569888000000",,"Mac OS X","10","14","0","2",,"0","0","videojs",,"0","html5","videojs-7.6.0",,"BE","1050","1680","0","WINDOW","0","rebuffering","hls","1571478995000","3afdafdb-6026-40c4-b52a-23422333b249","0","43679302","Horus Live","2816","2816","0","Horus Live","0","0","39316131","39315880",,,,,"web"
"v2.5.4","680","0",,"Safari","13","0","0",,"berlin","1571478999000","DE","765a60eb-862a-4910-85f9-37bf952dd763","Mozilla/5.0 (Macintosh; Intel Mac OS X 10_14_6) AppleWebKit/605.1.15 (KHTML, like Gecko) Version/13.0.1 Safari/605.1.15",,,,"002505dc-1a54-4fd1-83af-5ceee036005e","1571443200000","Other","panoplay.duckdns.org",,,"0","4234",,,"Festival of Lights - Demo","1571475600000","10c8e78b-cfb5-4c1d-a0ed-9843ce72ce2b","193.175.2.0","false","false","true","Verein zur Foerderung eines Deutschen Forschungsne","en-US","./livestream/master.m3u8","1571478960000","1569888000000",,"Mac OS X","10","14","0","2",,"0","4234","videojs",,"0","html5","videojs-7.6.0",,"BE","1050","1680","0","WINDOW","0","playing","hls","1571478999000","3afdafdb-6026-40c4-b52a-23422333b249","0","43679302","Horus Live","2816","2816","0","Horus Live","0","0","40403354","39316131",,,,,"web"
"v2.5.4","680","0",,"Safari","13","0","0",,"berlin","1571478999000","DE","765a60eb-862a-4910-85f9-37bf952dd763","Mozilla/5.0 (Macintosh; Intel Mac OS X 10_14_6) AppleWebKit/605.1.15 (KHTML, like Gecko) Version/13.0.1 Safari/605.1.15",,,,"002505dc-1a54-4fd1-83af-5ceee036005e","1571443200000","Other","panoplay.duckdns.org",,,"0","96",,,"Festival of Lights - Demo","1571475600000","10c8e78b-cfb5-4c1d-a0ed-9843ce72ce2b","193.175.2.0","false","false","true","Verein zur Foerderung eines Deutschen Forschungsne","en-US","./livestream/master.m3u8","1571478960000","1569888000000",,"Mac OS X","10","14","0","2",,"96","0","videojs",,"0","html5","videojs-7.6.0",,"BE","1050","1680","0","WINDOW","0","pause","hls","1571478999000","3afdafdb-6026-40c4-b52a-23422333b249","0","43679302","Horus Live","2816","2816","0","Horus Live","0","0","40403354","40403354",,,,,"web"
"v2.5.4","680","0",,"Safari","13","0","0",,"berlin","1571479004000","DE","765a60eb-862a-4910-85f9-37bf952dd763","Mozilla/5.0 (Macintosh; Intel Mac OS X 10_14_6) AppleWebKit/605.1.15 (KHTML, like Gecko) Version/13.0.1 Safari/605.1.15",,,,"002505dc-1a54-4fd1-83af-5ceee036005e","1571443200000","Other","panoplay.duckdns.org",,,"0","4884",,,"Festival of Lights - Demo","1571475600000","10c8e78b-cfb5-4c1d-a0ed-9843ce72ce2b","193.175.2.0","false","false","true","Verein zur Foerderung eines Deutschen Forschungsne","en-US","./livestream/master.m3u8","1571478960000","1569888000000",,"Mac OS X","10","14","0","2",,"0","4884","videojs",,"0","html5","videojs-7.6.0",,"BE","1050","1680","0","WINDOW","0","playing","hls","1571479004000","3afdafdb-6026-40c4-b52a-23422333b249","0","43679302","Horus Live","2816","2816","0","Horus Live","0","0","40408107","40403354",,,,,"web"
"v2.5.4","680","0",,"Safari","13","0","134",,"berlin","1571479004000","DE","765a60eb-862a-4910-85f9-37bf952dd763","Mozilla/5.0 (Macintosh; Intel Mac OS X 10_14_6) AppleWebKit/605.1.15 (KHTML, like Gecko) Version/13.0.1 Safari/605.1.15",,,,"002505dc-1a54-4fd1-83af-5ceee036005e","1571443200000","Other","panoplay.duckdns.org",,,"0","134",,,"Festival of Lights - Demo","1571475600000","10c8e78b-cfb5-4c1d-a0ed-9843ce72ce2b","193.175.2.0","false","false","true","Verein zur Foerderung eines Deutschen Forschungsne","en-US","./livestream/master.m3u8","1571478960000","1569888000000",,"Mac OS X","10","14","0","2",,"0","0","videojs",,"0","html5","videojs-7.6.0",,"BE","1050","1680","0","WINDOW","0","rebuffering","hls","1571479004000","3afdafdb-6026-40c4-b52a-23422333b249","0","43679302","Horus Live","2816","2816","0","Horus Live","0","0","40408241","40408107",,,,,"web"
"v2.5.4","680","0",,"Safari","13","0","0",,"berlin","1571479014000","DE","765a60eb-862a-4910-85f9-37bf952dd763","Mozilla/5.0 (Macintosh; Intel Mac OS X 10_14_6) AppleWebKit/605.1.15 (KHTML, like Gecko) Version/13.0.1 Safari/605.1.15",,,,"002505dc-1a54-4fd1-83af-5ceee036005e","1571443200000","Other","panoplay.duckdns.org",,,"0","9695",,,"Festival of Lights - Demo","1571475600000","10c8e78b-cfb5-4c1d-a0ed-9843ce72ce2b","193.175.2.0","false","false","true","Verein zur Foerderung eines Deutschen Forschungsne","en-US","./livestream/master.m3u8","1571478960000","1569888000000",,"Mac OS X","10","14","0","2",,"0","9695","videojs",,"0","html5","videojs-7.6.0",,"BE","1050","1680","0","WINDOW","0","playing","hls","1571479014000","3afdafdb-6026-40c4-b52a-23422333b249","0","43679302","Horus Live","2816","2816","0","Horus Live","0","0","40417936","40408241",,,,,"web"
"v2.5.4","680","0",,"Safari","13","0","126",,"berlin","1571479014000","DE","765a60eb-862a-4910-85f9-37bf952dd763","Mozilla/5.0 (Macintosh; Intel Mac OS X 10_14_6) AppleWebKit/605.1.15 (KHTML, like Gecko) Version/13.0.1 Safari/605.1.15",,,,"002505dc-1a54-4fd1-83af-5ceee036005e","1571443200000","Other","panoplay.duckdns.org",,,"0","126",,,"Festival of Lights - Demo","1571475600000","10c8e78b-cfb5-4c1d-a0ed-9843ce72ce2b","193.175.2.0","false","false","true","Verein zur Foerderung eines Deutschen Forschungsne","en-US","./livestream/master.m3u8","1571478960000","1569888000000",,"Mac OS X","10","14","0","2",,"0","0","videojs",,"0","html5","videojs-7.6.0",,"BE","1050","1680","0","WINDOW","0","rebuffering","hls","1571479014000","3afdafdb-6026-40c4-b52a-23422333b249","0","43679302","Horus Live","2816","2816","0","Horus Live","0","0","40418062","40417936",,,,,"web"
"v2.5.4","680","0",,"Safari","13","0","0",,"berlin","1571479018000","DE","765a60eb-862a-4910-85f9-37bf952dd763","Mozilla/5.0 (Macintosh; Intel Mac OS X 10_14_6) AppleWebKit/605.1.15 (KHTML, like Gecko) Version/13.0.1 Safari/605.1.15",,,,"002505dc-1a54-4fd1-83af-5ceee036005e","1571443200000","Other","panoplay.duckdns.org",,,"0","3531",,,"Festival of Lights - Demo","1571475600000","10c8e78b-cfb5-4c1d-a0ed-9843ce72ce2b","193.175.2.0","false","false","true","Verein zur Foerderung eines Deutschen Forschungsne","en-US","./livestream/master.m3u8","1571478960000","1569888000000",,"Mac OS X","10","14","0","2",,"0","3531","videojs",,"0","html5","videojs-7.6.0",,"BE","1050","1680","0","WINDOW","0","playing","hls","1571479018000","3afdafdb-6026-40c4-b52a-23422333b249","0","43679302","Horus Live","2816","2816","0","Horus Live","0","0","40810382","40418062",,,,,"web"
"v2.5.4","680","0",,"Safari","13","0","0",,"berlin","1571479018000","DE","765a60eb-862a-4910-85f9-37bf952dd763","Mozilla/5.0 (Macintosh; Intel Mac OS X 10_14_6) AppleWebKit/605.1.15 (KHTML, like Gecko) Version/13.0.1 Safari/605.1.15",,,,"002505dc-1a54-4fd1-83af-5ceee036005e","1571443200000","Other","panoplay.duckdns.org",,,"0","97",,,"Festival of Lights - Demo","1571475600000","10c8e78b-cfb5-4c1d-a0ed-9843ce72ce2b","193.175.2.0","false","false","true","Verein zur Foerderung eines Deutschen Forschungsne","en-US","./livestream/master.m3u8","1571478960000","1569888000000",,"Mac OS X","10","14","0","2",,"97","0","videojs",,"0","html5","videojs-7.6.0",,"BE","1050","1680","0","WINDOW","0","pause","hls","1571479018000","3afdafdb-6026-40c4-b52a-23422333b249","0","43679302","Horus Live","2816","2816","0","Horus Live","0","0","40810382","40810382",,,,,"web"
"v2.5.4","680","0",,"Safari","13","0","0",,"berlin","1571479020000","DE","765a60eb-862a-4910-85f9-37bf952dd763","Mozilla/5.0 (Macintosh; Intel Mac OS X 10_14_6) AppleWebKit/605.1.15 (KHTML, like Gecko) Version/13.0.1 Safari/605.1.15",,,,"002505dc-1a54-4fd1-83af-5ceee036005e","1571443200000","Other","panoplay.duckdns.org",,,"0","105",,,"Festival of Lights - Demo","1571475600000","10c8e78b-cfb5-4c1d-a0ed-9843ce72ce2b","193.175.2.0","false","false","true","Verein zur Foerderung eines Deutschen Forschungsne","en-US","./livestream/master.m3u8","1571479020000","1569888000000",,"Mac OS X","10","14","0","2",,"105","0","videojs",,"0","html5","videojs-7.6.0",,"BE","1050","1680","0","WINDOW","0","pause","hls","1571479020000","3afdafdb-6026-40c4-b52a-23422333b249","0","43679302","Horus Live","2816","2816","0","Horus Live","0","0","41312443","41312443",,,,,"web"
"v2.5.4","680","0",,"Safari","13","0","0",,"berlin","1571479020000","DE","765a60eb-862a-4910-85f9-37bf952dd763","Mozilla/5.0 (Macintosh; Intel Mac OS X 10_14_6) AppleWebKit/605.1.15 (KHTML, like Gecko) Version/13.0.1 Safari/605.1.15",,,,"002505dc-1a54-4fd1-83af-5ceee036005e","1571443200000","Other","panoplay.duckdns.org",,,"0","1987",,,"Festival of Lights - Demo","1571475600000","10c8e78b-cfb5-4c1d-a0ed-9843ce72ce2b","193.175.2.0","false","false","true","Verein zur Foerderung eines Deutschen Forschungsne","en-US","./livestream/master.m3u8","1571479020000","1569888000000",,"Mac OS X","10","14","0","2",,"0","1987","videojs",,"0","html5","videojs-7.6.0",,"BE","1050","1680","0","WINDOW","0","playing","hls","1571479020000","3afdafdb-6026-40c4-b52a-23422333b249","0","43679302","Horus Live","2816","2816","0","Horus Live","0","0","41312443","40810382",,,,,"web"
"v2.5.4","680","0",,"Safari","13","0","0",,"berlin","1571479024000","DE","765a60eb-862a-4910-85f9-37bf952dd763","Mozilla/5.0 (Macintosh; Intel Mac OS X 10_14_6) AppleWebKit/605.1.15 (KHTML, like Gecko) Version/13.0.1 Safari/605.1.15",,,,"002505dc-1a54-4fd1-83af-5ceee036005e","1571443200000","Other","panoplay.duckdns.org",,,"0","4134",,,"Festival of Lights - Demo","1571475600000","10c8e78b-cfb5-4c1d-a0ed-9843ce72ce2b","193.175.2.0","false","false","true","Verein zur Foerderung eines Deutschen Forschungsne","en-US","./livestream/master.m3u8","1571479020000","1569888000000",,"Mac OS X","10","14","0","2",,"0","4134","videojs",,"0","html5","videojs-7.6.0",,"BE","1050","1680","0","WINDOW","0","playing","hls","1571479024000","3afdafdb-6026-40c4-b52a-23422333b249","0","43679302","Horus Live","2816","2816","0","Horus Live","0","0","41671058","41312443",,,,,"web"
"v2.5.4","680","0",,"Safari","13","0","0",,"berlin","1571479024000","DE","765a60eb-862a-4910-85f9-37bf952dd763","Mozilla/5.0 (Macintosh; Intel Mac OS X 10_14_6) AppleWebKit/605.1.15 (KHTML, like Gecko) Version/13.0.1 Safari/605.1.15",,,,"002505dc-1a54-4fd1-83af-5ceee036005e","1571443200000","Other","panoplay.duckdns.org",,,"0","94",,,"Festival of Lights - Demo","1571475600000","10c8e78b-cfb5-4c1d-a0ed-9843ce72ce2b","193.175.2.0","false","false","true","Verein zur Foerderung eines Deutschen Forschungsne","en-US","./livestream/master.m3u8","1571479020000","1569888000000",,"Mac OS X","10","14","0","2",,"94","0","videojs",,"0","html5","videojs-7.6.0",,"BE","1050","1680","0","WINDOW","0","pause","hls","1571479024000","3afdafdb-6026-40c4-b52a-23422333b249","0","43679302","Horus Live","2816","2816","0","Horus Live","0","0","41671058","41671058",,,,,"web"
"v2.5.4","680","0",,"Safari","13","0","0",,"berlin","1571479026000","DE","765a60eb-862a-4910-85f9-37bf952dd763","Mozilla/5.0 (Macintosh; Intel Mac OS X 10_14_6) AppleWebKit/605.1.15 (KHTML, like Gecko) Version/13.0.1 Safari/605.1.15",,,,"002505dc-1a54-4fd1-83af-5ceee036005e","1571443200000","Other","panoplay.duckdns.org",,,"0","99",,,"Festival of Lights - Demo","1571475600000","10c8e78b-cfb5-4c1d-a0ed-9843ce72ce2b","193.175.2.0","false","false","true","Verein zur Foerderung eines Deutschen Forschungsne","en-US","./livestream/master.m3u8","1571479020000","1569888000000",,"Mac OS X","10","14","0","2",,"99","0","videojs",,"0","html5","videojs-7.6.0",,"BE","1050","1680","0","WINDOW","0","pause","hls","1571479026000","3afdafdb-6026-40c4-b52a-23422333b249","0","43679302","Horus Live","2816","2816","0","Horus Live","0","0","42460011","42460011",,,,,"web"
"v2.5.4","680","0",,"Safari","13","0","0",,"berlin","1571479026000","DE","765a60eb-862a-4910-85f9-37bf952dd763","Mozilla/5.0 (Macintosh; Intel Mac OS X 10_14_6) AppleWebKit/605.1.15 (KHTML, like Gecko) Version/13.0.1 Safari/605.1.15",,,,"002505dc-1a54-4fd1-83af-5ceee036005e","1571443200000","Other","panoplay.duckdns.org",,,"0","1493",,,"Festival of Lights - Demo","1571475600000","10c8e78b-cfb5-4c1d-a0ed-9843ce72ce2b","193.175.2.0","false","false","true","Verein zur Foerderung eines Deutschen Forschungsne","en-US","./livestream/master.m3u8","1571479020000","1569888000000",,"Mac OS X","10","14","0","2",,"0","1493","videojs",,"0","html5","videojs-7.6.0",,"BE","1050","1680","0","WINDOW","0","playing","hls","1571479026000","3afdafdb-6026-40c4-b52a-23422333b249","0","43679302","Horus Live","2816","2816","0","Horus Live","0","0","42460011","41671058",,,,,"web"
"v2.5.4","680","0",,"Safari","13","0","0",,"berlin","1571479027000","DE","765a60eb-862a-4910-85f9-37bf952dd763","Mozilla/5.0 (Macintosh; Intel Mac OS X 10_14_6) AppleWebKit/605.1.15 (KHTML, like Gecko) Version/13.0.1 Safari/605.1.15",,,,"002505dc-1a54-4fd1-83af-5ceee036005e","1571443200000","Other","panoplay.duckdns.org",,,"0","115",,,"Festival of Lights - Demo","1571475600000","10c8e78b-cfb5-4c1d-a0ed-9843ce72ce2b","193.175.2.0","false","false","true","Verein zur Foerderung eines Deutschen Forschungsne","en-US","./livestream/master.m3u8","1571479020000","1569888000000",,"Mac OS X","10","14","0","2",,"115","0","videojs",,"0","html5","videojs-7.6.0",,"BE","1050","1680","0","WINDOW","0","pause","hls","1571479027000","3afdafdb-6026-40c4-b52a-23422333b249","0","43679302","Horus Live","2816","2816","0","Horus Live","0","0","40810382","40810382",,,,,"web"
"v2.5.4","680","0",,"Safari","13","0","0",,"berlin","1571479027000","DE","765a60eb-862a-4910-85f9-37bf952dd763","Mozilla/5.0 (Macintosh; Intel Mac OS X 10_14_6) AppleWebKit/605.1.15 (KHTML, like Gecko) Version/13.0.1 Safari/605.1.15",,,,"002505dc-1a54-4fd1-83af-5ceee036005e","1571443200000","Other","panoplay.duckdns.org",,,"0","131",,,"Festival of Lights - Demo","1571475600000","10c8e78b-cfb5-4c1d-a0ed-9843ce72ce2b","193.175.2.0","false","false","true","Verein zur Foerderung eines Deutschen Forschungsne","en-US","./livestream/master.m3u8","1571479020000","1569888000000",,"Mac OS X","10","14","0","2",,"131","0","videojs",,"0","html5","videojs-7.6.0",,"BE","1050","1680","0","WINDOW","0","pause","hls","1571479027000","3afdafdb-6026-40c4-b52a-23422333b249","0","43679302","Horus Live","2816","2816","0","Horus Live","0","0","41671058","41671058",,,,,"web"
"v2.5.4","680","0",,"Safari","13","0","0",,"berlin","1571479027000","DE","765a60eb-862a-4910-85f9-37bf952dd763","Mozilla/5.0 (Macintosh; Intel Mac OS X 10_14_6) AppleWebKit/605.1.15 (KHTML, like Gecko) Version/13.0.1 Safari/605.1.15",,,,"002505dc-1a54-4fd1-83af-5ceee036005e","1571443200000","Other","panoplay.duckdns.org",,,"0","469",,,"Festival of Lights - Demo","1571475600000","10c8e78b-cfb5-4c1d-a0ed-9843ce72ce2b","193.175.2.0","false","false","true","Verein zur Foerderung eines Deutschen Forschungsne","en-US","./livestream/master.m3u8","1571479020000","1569888000000",,"Mac OS X","10","14","0","2",,"0","469","videojs",,"0","html5","videojs-7.6.0",,"BE","1050","1680","0","WINDOW","0","playing","hls","1571479027000","3afdafdb-6026-40c4-b52a-23422333b249","0","43679302","Horus Live","2816","2816","0","Horus Live","0","0","40810382","41671058",,,,,"web"
"v2.5.4","680","0",,"Safari","13","0","0",,"berlin","1571479027000","DE","765a60eb-862a-4910-85f9-37bf952dd763","Mozilla/5.0 (Macintosh; Intel Mac OS X 10_14_6) AppleWebKit/605.1.15 (KHTML, like Gecko) Version/13.0.1 Safari/605.1.15",,,,"002505dc-1a54-4fd1-83af-5ceee036005e","1571443200000","Other","panoplay.duckdns.org",,,"0","816",,,"Festival of Lights - Demo","1571475600000","10c8e78b-cfb5-4c1d-a0ed-9843ce72ce2b","193.175.2.0","false","false","true","Verein zur Foerderung eines Deutschen Forschungsne","en-US","./livestream/master.m3u8","1571479020000","1569888000000",,"Mac OS X","10","14","0","2",,"0","816","videojs",,"0","html5","videojs-7.6.0",,"BE","1050","1680","0","WINDOW","0","playing","hls","1571479027000","3afdafdb-6026-40c4-b52a-23422333b249","0","43679302","Horus Live","2816","2816","0","Horus Live","0","0","41671058","42460011",,,,,"web"
"v2.5.4","680","0",,"Safari","13","0","0",,"berlin","1571479028000","DE","765a60eb-862a-4910-85f9-37bf952dd763","Mozilla/5.0 (Macintosh; Intel Mac OS X 10_14_6) AppleWebKit/605.1.15 (KHTML, like Gecko) Version/13.0.1 Safari/605.1.15",,,,"002505dc-1a54-4fd1-83af-5ceee036005e","1571443200000","Other","panoplay.duckdns.org",,,"0","1173",,,"Festival of Lights - Demo","1571475600000","10c8e78b-cfb5-4c1d-a0ed-9843ce72ce2b","193.175.2.0","false","false","true","Verein zur Foerderung eines Deutschen Forschungsne","en-US","./livestream/master.m3u8","1571479020000","1569888000000",,"Mac OS X","10","14","0","2",,"0","1173","videojs",,"0","html5","videojs-7.6.0",,"BE","1050","1680","0","WINDOW","0","playing","hls","1571479028000","3afdafdb-6026-40c4-b52a-23422333b249","0","43679302","Horus Live","2816","2816","0","Horus Live","0","0","40021429","40810382",,,,,"web"
"v2.5.4","680","0",,"Safari","13","0","0",,"berlin","1571479028000","DE","765a60eb-862a-4910-85f9-37bf952dd763","Mozilla/5.0 (Macintosh; Intel Mac OS X 10_14_6) AppleWebKit/605.1.15 (KHTML, like Gecko) Version/13.0.1 Safari/605.1.15",,,,"002505dc-1a54-4fd1-83af-5ceee036005e","1571443200000","Other","panoplay.duckdns.org",,,"0","95",,,"Festival of Lights - Demo","1571475600000","10c8e78b-cfb5-4c1d-a0ed-9843ce72ce2b","193.175.2.0","false","false","true","Verein zur Foerderung eines Deutschen Forschungsne","en-US","./livestream/master.m3u8","1571479020000","1569888000000",,"Mac OS X","10","14","0","2",,"95","0","videojs",,"0","html5","videojs-7.6.0",,"BE","1050","1680","0","WINDOW","0","pause","hls","1571479028000","3afdafdb-6026-40c4-b52a-23422333b249","0","43679302","Horus Live","2816","2816","0","Horus Live","0","0","40021429","40021429",,,,,"web"
"v2.5.4","680","0",,"Safari","13","0","0",,"berlin","1571479030000","DE","765a60eb-862a-4910-85f9-37bf952dd763","Mozilla/5.0 (Macintosh; Intel Mac OS X 10_14_6) AppleWebKit/605.1.15 (KHTML, like Gecko) Version/13.0.1 Safari/605.1.15",,,,"002505dc-1a54-4fd1-83af-5ceee036005e","1571443200000","Other","panoplay.duckdns.org",,,"0","1273",,,"Festival of Lights - Demo","1571475600000","10c8e78b-cfb5-4c1d-a0ed-9843ce72ce2b","193.175.2.0","false","false","true","Verein zur Foerderung eines Deutschen Forschungsne","en-US","./livestream/master.m3u8","1571479020000","1569888000000",,"Mac OS X","10","14","0","2",,"0","1273","videojs",,"0","html5","videojs-7.6.0",,"BE","1050","1680","0","WINDOW","0","playing","hls","1571479030000","3afdafdb-6026-40c4-b52a-23422333b249","0","43679302","Horus Live","2816","2816","0","Horus Live","0","0","40257757","40021429",,,,,"web"
"v2.5.4","680","0",,"Safari","13","0","0",,"berlin","1571479048000","DE","765a60eb-862a-4910-85f9-37bf952dd763","Mozilla/5.0 (Macintosh; Intel Mac OS X 10_14_6) AppleWebKit/605.1.15 (KHTML, like Gecko) Version/13.0.1 Safari/605.1.15",,,,"002505dc-1a54-4fd1-83af-5ceee036005e","1571443200000","Other","panoplay.duckdns.org",,,"0","18572",,,"Festival of Lights - Demo","1571475600000","10c8e78b-cfb5-4c1d-a0ed-9843ce72ce2b","193.175.2.0","false","false","true","Verein zur Foerderung eines Deutschen Forschungsne","en-US","./livestream/master.m3u8","1571479020000","1569888000000",,"Mac OS X","10","14","0","2",,"18572","0","videojs",,"0","html5","videojs-7.6.0",,"BE","1050","1680","0","WINDOW","0","pause","hls","1571479048000","3afdafdb-6026-40c4-b52a-23422333b249","0","43679302","Horus Live","2816","2816","0","Horus Live","0","0","43465887","40257757",,,,,"web"
"v2.5.4","680","0",,"Safari","13","0","0",,"berlin","1571479086000","DE","765a60eb-862a-4910-85f9-37bf952dd763","Mozilla/5.0 (Macintosh; Intel Mac OS X 10_14_6) AppleWebKit/605.1.15 (KHTML, like Gecko) Version/13.0.1 Safari/605.1.15",,,,"002505dc-1a54-4fd1-83af-5ceee036005e","1571443200000","Other","panoplay.duckdns.org",,,"0","37718",,,"Festival of Lights - Demo","1571475600000","10c8e78b-cfb5-4c1d-a0ed-9843ce72ce2b","193.175.2.0","false","false","true","Verein zur Foerderung eines Deutschen Forschungsne","en-US","./livestream/master.m3u8","1571479080000","1569888000000",,"Mac OS X","10","14","0","2",,"0","37718","videojs",,"0","html5","videojs-7.6.0",,"BE","1050","1680","0","FULLSCREEN","0","playing","hls","1571479086000","3afdafdb-6026-40c4-b52a-23422333b249","0","43679302","Horus Live","2816","2816","0","Horus Live","0","0","43503604","43465887",,,,,"web"
"v2.5.4","680","0",,"Safari","13","0","0",,"berlin","1571479087000","DE","765a60eb-862a-4910-85f9-37bf952dd763","Mozilla/5.0 (Macintosh; Intel Mac OS X 10_14_6) AppleWebKit/605.1.15 (KHTML, like Gecko) Version/13.0.1 Safari/605.1.15",,,,"002505dc-1a54-4fd1-83af-5ceee036005e","1571443200000","Other","panoplay.duckdns.org",,,"0","1105",,,"Festival of Lights - Demo","1571475600000","10c8e78b-cfb5-4c1d-a0ed-9843ce72ce2b","193.175.2.0","false","false","true","Verein zur Foerderung eines Deutschen Forschungsne","en-US","./livestream/master.m3u8","1571479080000","1569888000000",,"Mac OS X","10","14","0","2",,"1105","0","videojs",,"0","html5","videojs-7.6.0",,"BE","1050","1680","0","FULLSCREEN","0","pause","hls","1571479087000","3afdafdb-6026-40c4-b52a-23422333b249","0","43679302","Horus Live","2816","2816","0","Horus Live","0","0","43503636","43503604",,,,,"web"
"v2.5.4","680","0",,"Safari","13","0","0",,"berlin","1571479099000","DE","765a60eb-862a-4910-85f9-37bf952dd763","Mozilla/5.0 (Macintosh; Intel Mac OS X 10_14_6) AppleWebKit/605.1.15 (KHTML, like Gecko) Version/13.0.1 Safari/605.1.15",,,,"002505dc-1a54-4fd1-83af-5ceee036005e","1571443200000","Other","panoplay.duckdns.org",,,"0","12100",,,"Festival of Lights - Demo","1571475600000","10c8e78b-cfb5-4c1d-a0ed-9843ce72ce2b","193.175.2.0","false","false","true","Verein zur Foerderung eines Deutschen Forschungsne","en-US","./livestream/master.m3u8","1571479080000","1569888000000",,"Mac OS X","10","14","0","2",,"0","12100","videojs",,"0","html5","videojs-7.6.0",,"BE","1050","1680","0","WINDOW","0","playing","hls","1571479099000","3afdafdb-6026-40c4-b52a-23422333b249","0","43679302","Horus Live","2816","2816","0","Horus Live","0","0","43554860","43503636",,,,,"web"
"v2.5.4","680","0",,"Safari","13","0","0",,"berlin","1571479105000","DE","765a60eb-862a-4910-85f9-37bf952dd763","Mozilla/5.0 (Macintosh; Intel Mac OS X 10_14_6) AppleWebKit/605.1.15 (KHTML, like Gecko) Version/13.0.1 Safari/605.1.15",,,,"002505dc-1a54-4fd1-83af-5ceee036005e","1571443200000","Other","panoplay.duckdns.org",,,"0","5669",,,"Festival of Lights - Demo","1571475600000","10c8e78b-cfb5-4c1d-a0ed-9843ce72ce2b","193.175.2.0","false","false","true","Verein zur Foerderung eines Deutschen Forschungsne","en-US","./livestream/master.m3u8","1571479080000","1569888000000",,"Mac OS X","10","14","0","2",,"5669","0","videojs",,"0","html5","videojs-7.6.0",,"BE","1050","1680","0","WINDOW","0","pause","hls","1571479105000","3afdafdb-6026-40c4-b52a-23422333b249","0","43679302","Horus Live","2816","2816","0","Horus Live","0","0","43492640","43554860",,,,,"web"
"v2.5.4","680","0",,"Safari","13","0","0",,"berlin","1571479113000","DE","765a60eb-862a-4910-85f9-37bf952dd763","Mozilla/5.0 (Macintosh; Intel Mac OS X 10_14_6) AppleWebKit/605.1.15 (KHTML, like Gecko) Version/13.0.1 Safari/605.1.15",,,,"002505dc-1a54-4fd1-83af-5ceee036005e","1571443200000","Other","panoplay.duckdns.org",,,"0","7587",,,"Festival of Lights - Demo","1571475600000","10c8e78b-cfb5-4c1d-a0ed-9843ce72ce2b","193.175.2.0","false","false","true","Verein zur Foerderung eines Deutschen Forschungsne","en-US","./livestream/master.m3u8","1571479080000","1569888000000",,"Mac OS X","10","14","0","2",,"0","7587","videojs",,"0","html5","videojs-7.6.0",,"BE","1050","1680","0","WINDOW","0","playing","hls","1571479113000","3afdafdb-6026-40c4-b52a-23422333b249","0","43679302","Horus Live","2816","2816","0","Horus Live","0","0","42808205","43492640",,,,,"web"
"v2.5.4","680","0",,"Safari","13","0","0",,"berlin","1571479113000","DE","765a60eb-862a-4910-85f9-37bf952dd763","Mozilla/5.0 (Macintosh; Intel Mac OS X 10_14_6) AppleWebKit/605.1.15 (KHTML, like Gecko) Version/13.0.1 Safari/605.1.15",,,,"002505dc-1a54-4fd1-83af-5ceee036005e","1571443200000","Other","panoplay.duckdns.org",,,"0","129",,,"Festival of Lights - Demo","1571475600000","10c8e78b-cfb5-4c1d-a0ed-9843ce72ce2b","193.175.2.0","false","false","true","Verein zur Foerderung eines Deutschen Forschungsne","en-US","./livestream/master.m3u8","1571479080000","1569888000000",,"Mac OS X","10","14","0","2",,"129","0","videojs",,"0","html5","videojs-7.6.0",,"BE","1050","1680","0","WINDOW","0","pause","hls","1571479113000","3afdafdb-6026-40c4-b52a-23422333b249","0","43679302","Horus Live","2816","2816","0","Horus Live","0","0","42808205","42808205",,,,,"web"
"v2.5.4","680","0",,"Safari","13","0","0",,"berlin","1571479116000","DE","765a60eb-862a-4910-85f9-37bf952dd763","Mozilla/5.0 (Macintosh; Intel Mac OS X 10_14_6) AppleWebKit/605.1.15 (KHTML, like Gecko) Version/13.0.1 Safari/605.1.15",,,,"002505dc-1a54-4fd1-83af-5ceee036005e","1571443200000","Other","panoplay.duckdns.org",,,"0","3473",,,"Festival of Lights - Demo","1571475600000","10c8e78b-cfb5-4c1d-a0ed-9843ce72ce2b","193.175.2.0","false","false","true","Verein zur Foerderung eines Deutschen Forschungsne","en-US","./livestream/master.m3u8","1571479080000","1569888000000",,"Mac OS X","10","14","0","2",,"0","3473","videojs",,"0","html5","videojs-7.6.0",,"BE","1050","1680","0","WINDOW","0","playing","hls","1571479116000","3afdafdb-6026-40c4-b52a-23422333b249","0","43679302","Horus Live","2816","2816","0","Horus Live","0","0","42811622","42808205",,,,,"web"
"v2.5.4","680","0",,"Safari","13","0","0",,"berlin","1571479118000","DE","99ed5f13-f822-485f-a025-1cdb3072b65f","Mozilla/5.0 (Macintosh; Intel Mac OS X 10_14_6) AppleWebKit/605.1.15 (KHTML, like Gecko) Version/13.0.1 Safari/605.1.15",,,,"002505dc-1a54-4fd1-83af-5ceee036005e","1571443200000","Other","panoplay.duckdns.org",,,"0","28",,,"Festival of Lights - Demo","1571475600000","236bd439-5dba-4c12-98fe-81ff94b55b64","193.175.2.0","false","false","true","Verein zur Foerderung eines Deutschen Forschungsne","en-US","./livestream/master.m3u8","1571479080000","1569888000000",,"Mac OS X","10","14","1296","1",,"0","0","videojs",,"28","html5","videojs-7.6.0",,"BE","1050","1680","0","WINDOW","0","setup","hls","1571479118000","3afdafdb-6026-40c4-b52a-23422333b249","0","0","Horus Live","0","0","0","Horus Live","0","0","0","0",,,,,"web"
"v2.5.4","680","0","true","Safari","13","0","0",,"berlin","1571479118000","DE","99ed5f13-f822-485f-a025-1cdb3072b65f","Mozilla/5.0 (Macintosh; Intel Mac OS X 10_14_6) AppleWebKit/605.1.15 (KHTML, like Gecko) Version/13.0.1 Safari/605.1.15",,,,"002505dc-1a54-4fd1-83af-5ceee036005e","1571443200000","Other","panoplay.duckdns.org",,,"0","250",,,"Festival of Lights - Demo","1571475600000","236bd439-5dba-4c12-98fe-81ff94b55b64","193.175.2.0","false","false","true","Verein zur Foerderung eines Deutschen Forschungsne","en-US","./livestream/master.m3u8","1571479080000","1569888000000",,"Mac OS X","10","14","0","1",,"0","0","videojs",,"0","html5","videojs-7.6.0",,"BE","1050","1680","0","WINDOW","278","startup","hls","1571479118000","3afdafdb-6026-40c4-b52a-23422333b249","0","43679302","Horus Live","2816","2816","250","Horus Live","0","0","251","1",,,,,"web"
"v2.5.4","680","0",,"Safari","13","0","0",,"berlin","1571479125000","DE","99ed5f13-f822-485f-a025-1cdb3072b65f","Mozilla/5.0 (Macintosh; Intel Mac OS X 10_14_6) AppleWebKit/605.1.15 (KHTML, like Gecko) Version/13.0.1 Safari/605.1.15",,,,"002505dc-1a54-4fd1-83af-5ceee036005e","1571443200000","Other","panoplay.duckdns.org",,,"0","7248",,,"Festival of Lights - Demo","1571475600000","236bd439-5dba-4c12-98fe-81ff94b55b64","193.175.2.0","false","false","true","Verein zur Foerderung eines Deutschen Forschungsne","en-US","./livestream/master.m3u8","1571479080000","1569888000000",,"Mac OS X","10","14","0","1",,"0","7248","videojs",,"0","html5","videojs-7.6.0",,"BE","1050","1680","0","WINDOW","0","playing","hls","1571479125000","3afdafdb-6026-40c4-b52a-23422333b249","0","43679302","Horus Live","2816","2816","0","Horus Live","0","0","7499","251",,,,,"web"
"v2.5.4","680","0",,"Safari","13","0","16",,"berlin","1571479125000","DE","99ed5f13-f822-485f-a025-1cdb3072b65f","Mozilla/5.0 (Macintosh; Intel Mac OS X 10_14_6) AppleWebKit/605.1.15 (KHTML, like Gecko) Version/13.0.1 Safari/605.1.15",,,,"002505dc-1a54-4fd1-83af-5ceee036005e","1571443200000","Other","panoplay.duckdns.org",,,"0","16",,,"Festival of Lights - Demo","1571475600000","236bd439-5dba-4c12-98fe-81ff94b55b64","193.175.2.0","false","false","true","Verein zur Foerderung eines Deutschen Forschungsne","en-US","./livestream/master.m3u8","1571479080000","1569888000000",,"Mac OS X","10","14","0","1",,"0","0","videojs",,"0","html5","videojs-7.6.0",,"BE","1050","1680","0","WINDOW","0","rebuffering","hls","1571479125000","3afdafdb-6026-40c4-b52a-23422333b249","0","43679302","Horus Live","2816","2816","0","Horus Live","0","0","7515","7499",,,,,"web"
"v2.5.4","680","0",,"Safari","13","0","0",,"berlin","1571479135000","DE","99ed5f13-f822-485f-a025-1cdb3072b65f","Mozilla/5.0 (Macintosh; Intel Mac OS X 10_14_6) AppleWebKit/605.1.15 (KHTML, like Gecko) Version/13.0.1 Safari/605.1.15",,,,"002505dc-1a54-4fd1-83af-5ceee036005e","1571443200000","Other","panoplay.duckdns.org",,,"0","10151",,,"Festival of Lights - Demo","1571475600000","236bd439-5dba-4c12-98fe-81ff94b55b64","193.175.2.0","false","false","true","Verein zur Foerderung eines Deutschen Forschungsne","en-US","./livestream/master.m3u8","1571479080000","1569888000000",,"Mac OS X","10","14","0","1",,"0","10151","videojs",,"0","html5","videojs-7.6.0",,"BE","1050","1680","0","WINDOW","0","playing","hls","1571479135000","3afdafdb-6026-40c4-b52a-23422333b249","0","43679302","Horus Live","2816","2816","0","Horus Live","0","0","17666","7515",,,,,"web"
"v2.5.4","680","0",,"Safari","13","0","123",,"berlin","1571479135000","DE","99ed5f13-f822-485f-a025-1cdb3072b65f","Mozilla/5.0 (Macintosh; Intel Mac OS X 10_14_6) AppleWebKit/605.1.15 (KHTML, like Gecko) Version/13.0.1 Safari/605.1.15",,,,"002505dc-1a54-4fd1-83af-5ceee036005e","1571443200000","Other","panoplay.duckdns.org",,,"0","123",,,"Festival of Lights - Demo","1571475600000","236bd439-5dba-4c12-98fe-81ff94b55b64","193.175.2.0","false","false","true","Verein zur Foerderung eines Deutschen Forschungsne","en-US","./livestream/master.m3u8","1571479080000","1569888000000",,"Mac OS X","10","14","0","1",,"0","0","videojs",,"0","html5","videojs-7.6.0",,"BE","1050","1680","0","WINDOW","0","rebuffering","hls","1571479135000","3afdafdb-6026-40c4-b52a-23422333b249","0","43679302","Horus Live","2816","2816","0","Horus Live","0","0","17789","17666",,,,,"web"
"v2.5.4","680","0",,"Safari","13","0","0",,"berlin","1571479145000","DE","99ed5f13-f822-485f-a025-1cdb3072b65f","Mozilla/5.0 (Macintosh; Intel Mac OS X 10_14_6) AppleWebKit/605.1.15 (KHTML, like Gecko) Version/13.0.1 Safari/605.1.15",,,,"002505dc-1a54-4fd1-83af-5ceee036005e","1571443200000","Other","panoplay.duckdns.org",,,"0","9698",,,"Festival of Lights - Demo","1571475600000","236bd439-5dba-4c12-98fe-81ff94b55b64","193.175.2.0","false","false","true","Verein zur Foerderung eines Deutschen Forschungsne","en-US","./livestream/master.m3u8","1571479140000","1569888000000",,"Mac OS X","10","14","0","1",,"0","9698","videojs",,"0","html5","videojs-7.6.0",,"BE","1050","1680","0","WINDOW","0","playing","hls","1571479145000","3afdafdb-6026-40c4-b52a-23422333b249","0","43679302","Horus Live","2816","2816","0","Horus Live","0","0","27487","17789",,,,,"web"
"v2.5.4","680","0",,"Safari","13","0","76",,"berlin","1571479145000","DE","99ed5f13-f822-485f-a025-1cdb3072b65f","Mozilla/5.0 (Macintosh; Intel Mac OS X 10_14_6) AppleWebKit/605.1.15 (KHTML, like Gecko) Version/13.0.1 Safari/605.1.15",,,,"002505dc-1a54-4fd1-83af-5ceee036005e","1571443200000","Other","panoplay.duckdns.org",,,"0","76",,,"Festival of Lights - Demo","1571475600000","236bd439-5dba-4c12-98fe-81ff94b55b64","193.175.2.0","false","false","true","Verein zur Foerderung eines Deutschen Forschungsne","en-US","./livestream/master.m3u8","1571479140000","1569888000000",,"Mac OS X","10","14","0","1",,"0","0","videojs",,"0","html5","videojs-7.6.0",,"BE","1050","1680","0","WINDOW","0","rebuffering","hls","1571479145000","3afdafdb-6026-40c4-b52a-23422333b249","0","43679302","Horus Live","2816","2816","0","Horus Live","0","0","27563","27487",,,,,"web"
"v2.5.4","680","0",,"Safari","13","0","0",,"berlin","1571479148000","DE","938e6ddf-189e-49da-b657-e1b4f79a44f9","Mozilla/5.0 (Macintosh; Intel Mac OS X 10_14_6) AppleWebKit/605.1.15 (KHTML, like Gecko) Version/13.0.1 Safari/605.1.15",,,,"002505dc-1a54-4fd1-83af-5ceee036005e","1571443200000","Other","panoplay.duckdns.org",,,"0","87",,,"Festival of Lights - Demo","1571475600000","c605d9a7-e2cb-4ad7-b230-62be6f84b6e4","193.175.2.0","false","false","true","Verein zur Foerderung eines Deutschen Forschungsne","en-US","./livestream/master.m3u8","1571479140000","1569888000000",,"Mac OS X","10","14","323","2",,"0","0","videojs",,"87","html5","videojs-7.6.0",,"BE","1050","1680","0","WINDOW","0","setup","hls","1571479148000","3afdafdb-6026-40c4-b52a-23422333b249","0","0","Horus Live","0","0","0","Horus Live","0","0","0","0",,,,,"web"
"v2.5.4","680","0",,"Safari","13","0","186",,"berlin","1571479155000","DE","99ed5f13-f822-485f-a025-1cdb3072b65f","Mozilla/5.0 (Macintosh; Intel Mac OS X 10_14_6) AppleWebKit/605.1.15 (KHTML, like Gecko) Version/13.0.1 Safari/605.1.15",,,,"002505dc-1a54-4fd1-83af-5ceee036005e","1571443200000","Other","panoplay.duckdns.org",,,"0","186",,,"Festival of Lights - Demo","1571475600000","236bd439-5dba-4c12-98fe-81ff94b55b64","193.175.2.0","false","false","true","Verein zur Foerderung eines Deutschen Forschungsne","en-US","./livestream/master.m3u8","1571479140000","1569888000000",,"Mac OS X","10","14","0","1",,"0","0","videojs",,"0","html5","videojs-7.6.0",,"BE","1050","1680","0","WINDOW","0","rebuffering","hls","1571479155000","3afdafdb-6026-40c4-b52a-23422333b249","0","43679302","Horus Live","2816","2816","0","Horus Live","0","0","37839","37653",,,,,"web"
"v2.5.4","680","0",,"Safari","13","0","0",,"berlin","1571479155000","DE","99ed5f13-f822-485f-a025-1cdb3072b65f","Mozilla/5.0 (Macintosh; Intel Mac OS X 10_14_6) AppleWebKit/605.1.15 (KHTML, like Gecko) Version/13.0.1 Safari/605.1.15",,,,"002505dc-1a54-4fd1-83af-5ceee036005e","1571443200000","Other","panoplay.duckdns.org",,,"0","10090",,,"Festival of Lights - Demo","1571475600000","236bd439-5dba-4c12-98fe-81ff94b55b64","193.175.2.0","false","false","true","Verein zur Foerderung eines Deutschen Forschungsne","en-US","./livestream/master.m3u8","1571479140000","1569888000000",,"Mac OS X","10","14","0","1",,"0","10090","videojs",,"0","html5","videojs-7.6.0",,"BE","1050","1680","0","WINDOW","0","playing","hls","1571479155000","3afdafdb-6026-40c4-b52a-23422333b249","0","43679302","Horus Live","2816","2816","0","Horus Live","0","0","37653","27563",,,,,"web"
"v2.5.4","680","0",,"Safari","13","0","0",,"berlin","1571479157000","DE","99ed5f13-f822-485f-a025-1cdb3072b65f","Mozilla/5.0 (Macintosh; Intel Mac OS X 10_14_6) AppleWebKit/605.1.15 (KHTML, like Gecko) Version/13.0.1 Safari/605.1.15",,,,"002505dc-1a54-4fd1-83af-5ceee036005e","1571443200000","Other","panoplay.duckdns.org",,,"0","1713",,,"Festival of Lights - Demo","1571475600000","236bd439-5dba-4c12-98fe-81ff94b55b64","193.175.2.0","false","false","true","Verein zur Foerderung eines Deutschen Forschungsne","en-US","./livestream/master.m3u8","1571479140000","1569888000000",,"Mac OS X","10","14","0","1",,"0","1713","videojs",,"0","html5","videojs-7.6.0",,"BE","1050","1680","0","WINDOW","0","playing","hls","1571479157000","3afdafdb-6026-40c4-b52a-23422333b249","0","43679302","Horus Live","2816","2816","0","Horus Live","0","0","39552","37839",,,,,"web"
"v2.5.4","680","0",,"Safari","13","0","0",,"berlin","1571479162000","DE","dfc794e3-4822-4edc-9e05-9b974726e9f3","Mozilla/5.0 (Macintosh; Intel Mac OS X 10_14_6) AppleWebKit/605.1.15 (KHTML, like Gecko) Version/13.0.1 Safari/605.1.15",,,,"002505dc-1a54-4fd1-83af-5ceee036005e","1571443200000","Other","panoplay.duckdns.org",,,"0","56",,,"Festival of Lights - Demo","1571475600000","bcf64f84-704a-46bc-a11c-bb177f46dd07","193.175.2.0","false","false","true","Verein zur Foerderung eines Deutschen Forschungsne","en-US","./livestream/master.m3u8","1571479140000","1569888000000",,"Mac OS X","10","14","229","2",,"0","0","videojs",,"56","html5","videojs-7.6.0",,"BE","1050","1680","0","WINDOW","0","setup","hls","1571479162000","3afdafdb-6026-40c4-b52a-23422333b249","0","0","Horus Live","0","0","0","Horus Live","0","0","0","0",,,,,"web"
"v2.5.4","680","0","true","Safari","13","0","0",,"berlin","1571479163000","DE","dfc794e3-4822-4edc-9e05-9b974726e9f3","Mozilla/5.0 (Macintosh; Intel Mac OS X 10_14_6) AppleWebKit/605.1.15 (KHTML, like Gecko) Version/13.0.1 Safari/605.1.15",,,,"002505dc-1a54-4fd1-83af-5ceee036005e","1571443200000","Other","panoplay.duckdns.org",,,"0","253",,,"Festival of Lights - Demo","1571475600000","bcf64f84-704a-46bc-a11c-bb177f46dd07","193.175.2.0","false","false","true","Verein zur Foerderung eines Deutschen Forschungsne","en-US","./livestream/master.m3u8","1571479140000","1569888000000",,"Mac OS X","10","14","0","2",,"0","0","videojs",,"0","html5","videojs-7.6.0",,"BE","1050","1680","0","WINDOW","309","startup","hls","1571479163000","3afdafdb-6026-40c4-b52a-23422333b249","0","43679302","Horus Live","2816","2816","253","Horus Live","0","0","254","1",,,,,"web"
"v2.5.4","680","0",,"Safari","13","0","0",,"berlin","1571479170000","DE","dfc794e3-4822-4edc-9e05-9b974726e9f3","Mozilla/5.0 (Macintosh; Intel Mac OS X 10_14_6) AppleWebKit/605.1.15 (KHTML, like Gecko) Version/13.0.1 Safari/605.1.15",,,,"002505dc-1a54-4fd1-83af-5ceee036005e","1571443200000","Other","panoplay.duckdns.org",,,"0","7300",,,"Festival of Lights - Demo","1571475600000","bcf64f84-704a-46bc-a11c-bb177f46dd07","193.175.2.0","false","false","true","Verein zur Foerderung eines Deutschen Forschungsne","en-US","./livestream/master.m3u8","1571479140000","1569888000000",,"Mac OS X","10","14","0","2",,"0","7300","videojs",,"0","html5","videojs-7.6.0",,"BE","1050","1680","0","WINDOW","0","playing","hls","1571479170000","3afdafdb-6026-40c4-b52a-23422333b249","0","43679302","Horus Live","2816","2816","0","Horus Live","0","0","7554","254",,,,,"web"
"v2.5.4","680","0",,"Safari","13","0","210",,"berlin","1571479170000","DE","dfc794e3-4822-4edc-9e05-9b974726e9f3","Mozilla/5.0 (Macintosh; Intel Mac OS X 10_14_6) AppleWebKit/605.1.15 (KHTML, like Gecko) Version/13.0.1 Safari/605.1.15",,,,"002505dc-1a54-4fd1-83af-5ceee036005e","1571443200000","Other","panoplay.duckdns.org",,,"0","210",,,"Festival of Lights - Demo","1571475600000","bcf64f84-704a-46bc-a11c-bb177f46dd07","193.175.2.0","false","false","true","Verein zur Foerderung eines Deutschen Forschungsne","en-US","./livestream/master.m3u8","1571479140000","1569888000000",,"Mac OS X","10","14","0","2",,"0","0","videojs",,"0","html5","videojs-7.6.0",,"BE","1050","1680","0","WINDOW","0","rebuffering","hls","1571479170000","3afdafdb-6026-40c4-b52a-23422333b249","0","43679302","Horus Live","2816","2816","0","Horus Live","0","0","7764","7554",,,,,"web"
"v2.5.4","680","0",,"Safari","13","0","0",,"berlin","1571479173000","DE","1f5342ee-36d7-4ec1-9ee3-56f83878cfe9","Mozilla/5.0 (Macintosh; Intel Mac OS X 10_14_6) AppleWebKit/605.1.15 (KHTML, like Gecko) Version/13.0.1 Safari/605.1.15",,,,"002505dc-1a54-4fd1-83af-5ceee036005e","1571443200000","Other","panoplay.duckdns.org",,,"0","86",,,"Festival of Lights - Demo","1571475600000","062e2c8d-9545-4120-b9ab-e0ed13deac44","193.175.2.0","false","false","true","Verein zur Foerderung eines Deutschen Forschungsne","en-US","./livestream/master.m3u8","1571479140000","1569888000000",,"Mac OS X","10","14","304","2",,"0","0","videojs",,"86","html5","videojs-7.6.0",,"BE","1050","1680","0","WINDOW","0","setup","hls","1571479173000","3afdafdb-6026-40c4-b52a-23422333b249","0","0","Horus Live","0","0","0","Horus Live","0","0","0","0",,,,,"web"
"v2.5.4","680","0",,"Safari","13","0","0",,"berlin","1571479173000","DE","dfc794e3-4822-4edc-9e05-9b974726e9f3","Mozilla/5.0 (Macintosh; Intel Mac OS X 10_14_6) AppleWebKit/605.1.15 (KHTML, like Gecko) Version/13.0.1 Safari/605.1.15",,,,"002505dc-1a54-4fd1-83af-5ceee036005e","1571443200000","Other","panoplay.duckdns.org",,,"0","2452",,,"Festival of Lights - Demo","1571475600000","bcf64f84-704a-46bc-a11c-bb177f46dd07","193.175.2.0","false","false","true","Verein zur Foerderung eines Deutschen Forschungsne","en-US","./livestream/master.m3u8","1571479140000","1569888000000",,"Mac OS X","10","14","0","2",,"0","2452","videojs",,"0","html5","videojs-7.6.0",,"BE","1050","1680","0","WINDOW","0","playing","hls","1571479173000","3afdafdb-6026-40c4-b52a-23422333b249","0","43679302","Horus Live","2816","2816","0","Horus Live","0","0","10216","7764",,,,,"web"
"v2.5.4","680","0","true","Safari","13","0","0",,"berlin","1571479174000","DE","1f5342ee-36d7-4ec1-9ee3-56f83878cfe9","Mozilla/5.0 (Macintosh; Intel Mac OS X 10_14_6) AppleWebKit/605.1.15 (KHTML, like Gecko) Version/13.0.1 Safari/605.1.15",,,,"002505dc-1a54-4fd1-83af-5ceee036005e","1571443200000","Other","panoplay.duckdns.org",,,"0","252",,,"Festival of Lights - Demo","1571475600000","062e2c8d-9545-4120-b9ab-e0ed13deac44","193.175.2.0","false","false","true","Verein zur Foerderung eines Deutschen Forschungsne","en-US","./livestream/master.m3u8","1571479140000","1569888000000",,"Mac OS X","10","14","0","2",,"0","0","videojs",,"0","html5","videojs-7.6.0",,"BE","1050","1680","0","WINDOW","338","startup","hls","1571479174000","3afdafdb-6026-40c4-b52a-23422333b249","0","43679302","Horus Live","2816","2816","252","Horus Live","0","0","254","2",,,,,"web"
"v2.5.4","680","0",,"Safari","13","0","0",,"berlin","1571479181000","DE","1f5342ee-36d7-4ec1-9ee3-56f83878cfe9","Mozilla/5.0 (Macintosh; Intel Mac OS X 10_14_6) AppleWebKit/605.1.15 (KHTML, like Gecko) Version/13.0.1 Safari/605.1.15",,,,"002505dc-1a54-4fd1-83af-5ceee036005e","1571443200000","Other","panoplay.duckdns.org",,,"0","7005",,,"Festival of Lights - Demo","1571475600000","062e2c8d-9545-4120-b9ab-e0ed13deac44","193.175.2.0","false","false","true","Verein zur Foerderung eines Deutschen Forschungsne","en-US","./livestream/master.m3u8","1571479140000","1569888000000",,"Mac OS X","10","14","0","2",,"0","7005","videojs",,"0","html5","videojs-7.6.0",,"BE","1050","1680","0","WINDOW","0","playing","hls","1571479181000","3afdafdb-6026-40c4-b52a-23422333b249","0","43679302","Horus Live","2816","2816","0","Horus Live","0","0","7259","254",,,,,"web"
"v2.5.4","680","0",,"Safari","13","0","4",,"berlin","1571479181000","DE","1f5342ee-36d7-4ec1-9ee3-56f83878cfe9","Mozilla/5.0 (Macintosh; Intel Mac OS X 10_14_6) AppleWebKit/605.1.15 (KHTML, like Gecko) Version/13.0.1 Safari/605.1.15",,,,"002505dc-1a54-4fd1-83af-5ceee036005e","1571443200000","Other","panoplay.duckdns.org",,,"0","4",,,"Festival of Lights - Demo","1571475600000","062e2c8d-9545-4120-b9ab-e0ed13deac44","193.175.2.0","false","false","true","Verein zur Foerderung eines Deutschen Forschungsne","en-US","./livestream/master.m3u8","1571479140000","1569888000000",,"Mac OS X","10","14","0","2",,"0","0","videojs",,"0","html5","videojs-7.6.0",,"BE","1050","1680","0","WINDOW","0","rebuffering","hls","1571479181000","3afdafdb-6026-40c4-b52a-23422333b249","0","43679302","Horus Live","2816","2816","0","Horus Live","0","0","7263","7259",,,,,"web"
"v2.5.4","680","0",,"Safari","13","0","0",,"berlin","1571479183000","DE","1f5342ee-36d7-4ec1-9ee3-56f83878cfe9","Mozilla/5.0 (Macintosh; Intel Mac OS X 10_14_6) AppleWebKit/605.1.15 (KHTML, like Gecko) Version/13.0.1 Safari/605.1.15",,,,"002505dc-1a54-4fd1-83af-5ceee036005e","1571443200000","Other","panoplay.duckdns.org",,,"0","2316",,,"Festival of Lights - Demo","1571475600000","062e2c8d-9545-4120-b9ab-e0ed13deac44","193.175.2.0","false","false","true","Verein zur Foerderung eines Deutschen Forschungsne","en-US","./livestream/master.m3u8","1571479140000","1569888000000",,"Mac OS X","10","14","0","2",,"0","2316","videojs",,"0","html5","videojs-7.6.0",,"BE","1050","1680","0","WINDOW","0","playing","hls","1571479183000","3afdafdb-6026-40c4-b52a-23422333b249","0","43679302","Horus Live","2816","2816","0","Horus Live","0","0","9579","7263",,,,,"web"
"v2.5.4","680","0",,"Safari","13","0","0",,"berlin","1571482633000","DE","8dbaef14-0fc4-41ac-ac46-5b26405942a0","Mozilla/5.0 (Macintosh; Intel Mac OS X 10_14_6) AppleWebKit/605.1.15 (KHTML, like Gecko) Version/13.0.1 Safari/605.1.15",,,,"002505dc-1a54-4fd1-83af-5ceee036005e","1571443200000","Other","panoplay.duckdns.org",,,"0","143",,,"Festival of Lights - Demo","1571479200000","c09421d8-cc9d-4684-b008-d0c0e57fd2c1","193.175.2.0","false","false","true","Verein zur Foerderung eines Deutschen Forschungsne","en-US","./livestream/master.m3u8","1571482620000","1569888000000",,"Mac OS X","10","14","635","1",,"0","0","videojs",,"143","html5","videojs-7.6.0",,"BE","1050","1680","0","WINDOW","0","setup","hls","1571482633000","eb280e1e-2671-4118-92ac-359f987affd6","0","0","Horus Live","0","0","0","Horus Live","0","0","0","0",,,,,"web"
"v2.5.4","680","0","true","Safari","13","0","0",,"berlin","1571482674000","DE","8dbaef14-0fc4-41ac-ac46-5b26405942a0","Mozilla/5.0 (Macintosh; Intel Mac OS X 10_14_6) AppleWebKit/605.1.15 (KHTML, like Gecko) Version/13.0.1 Safari/605.1.15",,,,"002505dc-1a54-4fd1-83af-5ceee036005e","1571443200000","Other","panoplay.duckdns.org",,,"0","28982",,,"Festival of Lights - Demo","1571479200000","c09421d8-cc9d-4684-b008-d0c0e57fd2c1","193.175.2.0","false","false","true","Verein zur Foerderung eines Deutschen Forschungsne","en-US","./livestream/master.m3u8","1571482620000","1569888000000",,"Mac OS X","10","14","0","1",,"0","0","videojs",,"0","html5","videojs-7.6.0",,"BE","1050","1680","0","WINDOW","29125","startup","hls","1571482674000","eb280e1e-2671-4118-92ac-359f987affd6","0","43679302","Horus Live","0","0","28982","Horus Live","0","0","0","0",,,,,"web"
"v2.5.4","680","0",,"Safari","13","0","0",,"berlin","1571482674000","DE","8dbaef14-0fc4-41ac-ac46-5b26405942a0","Mozilla/5.0 (Macintosh; Intel Mac OS X 10_14_6) AppleWebKit/605.1.15 (KHTML, like Gecko) Version/13.0.1 Safari/605.1.15",,,,"002505dc-1a54-4fd1-83af-5ceee036005e","1571443200000","Other","panoplay.duckdns.org",,,"0","0","3","The media playback was aborted due to a corruption problem or because the media used features your browser did not support.","Festival of Lights - Demo","1571479200000","c09421d8-cc9d-4684-b008-d0c0e57fd2c1","193.175.2.0","false","false","true","Verein zur Foerderung eines Deutschen Forschungsne","en-US","./livestream/master.m3u8","1571482620000","1569888000000",,"Mac OS X","10","14","0","1",,"0","0","videojs",,"0","html5","videojs-7.6.0",,"BE","1050","1680","0","WINDOW","0","error","hls","1571482674000","eb280e1e-2671-4118-92ac-359f987affd6","0","43679302","Horus Live","0","0","0","Horus Live","0","0","0","0",,,,,"web"
"v2.5.4","680","0",,"Safari","13","0","0",,"berlin","1571482688000","DE","8dbaef14-0fc4-41ac-ac46-5b26405942a0","Mozilla/5.0 (Macintosh; Intel Mac OS X 10_14_6) AppleWebKit/605.1.15 (KHTML, like Gecko) Version/13.0.1 Safari/605.1.15",,,,"002505dc-1a54-4fd1-83af-5ceee036005e","1571443200000","Other","panoplay.duckdns.org",,,"0","0",,,"Festival of Lights - Demo","1571479200000","c09421d8-cc9d-4684-b008-d0c0e57fd2c1","193.175.2.0","false","false","true","Verein zur Foerderung eines Deutschen Forschungsne","en-US","./livestream/master.m3u8","1571482680000","1569888000000",,"Mac OS X","10","14","0","1",,"0","0","videojs",,"0","html5","videojs-7.6.0",,"BE","1050","1680","0","WINDOW","0","error","hls","1571482688000","eb280e1e-2671-4118-92ac-359f987affd6","0","43679302","Horus Live","0","0","0","Horus Live","0","0","0","0",,,,,"web"
"v2.5.4","680","0",,"Safari","13","0","0",,"berlin","1571483212000","DE","7d506367-20cc-4ec7-a661-14add96532f9","Mozilla/5.0 (Macintosh; Intel Mac OS X 10_14_6) AppleWebKit/605.1.15 (KHTML, like Gecko) Version/13.0.1 Safari/605.1.15",,,,"b7820316-5414-40a9-b175-f9c69a705327","1571443200000","Other","panoplay.duckdns.org",,,"0","112",,,"Festival of Lights - Demo","1571482800000","2bdb451f-67ad-4dbd-8ee1-09f6e03ba00c","193.175.2.0","false","false","true","Verein zur Foerderung eines Deutschen Forschungsne","en-US","./livestream/master.m3u8","1571483160000","1569888000000",,"Mac OS X","10","14","2110","2",,"0","0","videojs",,"112","html5","videojs-7.6.0",,"BE","1050","1680","0","WINDOW","0","setup","hls","1571483212000","96ec2e48-d141-448e-8da3-b93e733b407a","0","0","Horus Live","0","0","0","Horus Live","0","0","0","0",,,,,"web"
"v2.5.4","680","0","true","Safari","13","0","0",,"berlin","1571483213000","DE","7d506367-20cc-4ec7-a661-14add96532f9","Mozilla/5.0 (Macintosh; Intel Mac OS X 10_14_6) AppleWebKit/605.1.15 (KHTML, like Gecko) Version/13.0.1 Safari/605.1.15",,,,"b7820316-5414-40a9-b175-f9c69a705327","1571443200000","Other","panoplay.duckdns.org",,,"0","252",,,"Festival of Lights - Demo","1571482800000","2bdb451f-67ad-4dbd-8ee1-09f6e03ba00c","193.175.2.0","false","false","true","Verein zur Foerderung eines Deutschen Forschungsne","en-US","./livestream/master.m3u8","1571483160000","1569888000000",,"Mac OS X","10","14","0","2",,"0","0","videojs",,"0","html5","videojs-7.6.0",,"BE","1050","1680","0","WINDOW","364","startup","hls","1571483213000","96ec2e48-d141-448e-8da3-b93e733b407a","0","43679302","Horus Live","2816","2816","252","Horus Live","0","0","255","2",,,,,"web"
"v2.5.4","680","0",,"Safari","13","0","0",,"berlin","1571483224000","DE","7d506367-20cc-4ec7-a661-14add96532f9","Mozilla/5.0 (Macintosh; Intel Mac OS X 10_14_6) AppleWebKit/605.1.15 (KHTML, like Gecko) Version/13.0.1 Safari/605.1.15",,,,"b7820316-5414-40a9-b175-f9c69a705327","1571443200000","Other","panoplay.duckdns.org",,,"0","11801",,,"Festival of Lights - Demo","1571482800000","2bdb451f-67ad-4dbd-8ee1-09f6e03ba00c","193.175.2.0","false","false","true","Verein zur Foerderung eines Deutschen Forschungsne","en-US","./livestream/master.m3u8","1571483220000","1569888000000",,"Mac OS X","10","14","0","2",,"0","11801","videojs",,"0","html5","videojs-7.6.0",,"BE","1050","1680","0","WINDOW","0","playing","hls","1571483224000","96ec2e48-d141-448e-8da3-b93e733b407a","0","43679302","Horus Live","2816","2816","0","Horus Live","0","0","12055","255",,,,,"web"
"v2.5.4","680","0",,"Mobile Safari","13","0","0",,"berlin","1571483342000","DE","a772c610-e8f3-4f9b-a8fe-0c9fa9e58c83","Mozilla/5.0 (iPhone; CPU iPhone OS 13_1_2 like Mac OS X) AppleWebKit/605.1.15 (KHTML, like Gecko) Version/13.0.1 Mobile/15E148 Safari/604.1",,,,"0509fbf9-8b7a-4388-87e5-ebac1beab9ce","1571443200000","iPhone","panoplay.duckdns.org",,,"0","389",,,"Festival of Lights - Demo","1571482800000","60384e4e-bd95-457e-8d47-00c794c28eb4","193.175.2.0","false","false","true","Verein zur Foerderung eines Deutschen Forschungsne","en-US","./livestream/master.m3u8","1571483340000","1569888000000",,"iOS","13","1","16604318","2",,"0","0","videojs",,"389","html5","videojs-7.6.0",,"BE","667","375","0","WINDOW","0","setup","hls","1571483342000","7ad8d1c7-a762-4190-a9de-52b66ccae6c2","0","0","Horus Live","0","0","0","Horus Live","0","0","0","0",,,,,"web"
"v2.5.4","680","0",,"Mobile Safari","13","0","0",,"berlin","1571483350000","DE","4c9f6ced-35a4-4ba2-bd7b-c2f34547104c","Mozilla/5.0 (iPhone; CPU iPhone OS 13_1_2 like Mac OS X) AppleWebKit/605.1.15 (KHTML, like Gecko) Version/13.0.1 Mobile/15E148 Safari/604.1",,,,"0509fbf9-8b7a-4388-87e5-ebac1beab9ce","1571443200000","iPhone","panoplay.duckdns.org",,,"0","72",,,"Festival of Lights - Demo","1571482800000","0c6e4b1d-e594-4ef0-9eca-c9b69a7e64f2","193.175.2.0","false","false","true","Verein zur Foerderung eines Deutschen Forschungsne","en-US","./livestream/master.m3u8","1571483340000","1569888000000",,"iOS","13","1","550","1",,"0","0","videojs",,"72","html5","videojs-7.6.0",,"BE","667","375","0","WINDOW","0","setup","hls","1571483350000","7ad8d1c7-a762-4190-a9de-52b66ccae6c2","0","0","Horus Live","0","0","0","Horus Live","0","0","0","0",,,,,"web"
"v2.5.4","680","0",,"Mobile Safari","13","0","0",,"berlin","1571483363000","DE","4c9f6ced-35a4-4ba2-bd7b-c2f34547104c","Mozilla/5.0 (iPhone; CPU iPhone OS 13_1_2 like Mac OS X) AppleWebKit/605.1.15 (KHTML, like Gecko) Version/13.0.1 Mobile/15E148 Safari/604.1",,,,"0509fbf9-8b7a-4388-87e5-ebac1beab9ce","1571443200000","iPhone","panoplay.duckdns.org",,,"0","11660",,,"Festival of Lights - Demo","1571482800000","0c6e4b1d-e594-4ef0-9eca-c9b69a7e64f2","193.175.2.0","false","false","true","Verein zur Foerderung eines Deutschen Forschungsne","en-US","./livestream/master.m3u8","1571483340000","1569888000000",,"iOS","13","1","0","1",,"0","11660","videojs",,"0","html5","videojs-7.6.0",,"BE","667","375","0","WINDOW","0","playing","hls","1571483363000","7ad8d1c7-a762-4190-a9de-52b66ccae6c2","0","0","Horus Live","0","0","237","Horus Live","0","0","11886","225",,,,,"web"
"v2.5.4","680","0",,"Mobile Safari","13","0","0",,"berlin","1571483364000","DE","ca3e64dd-4ee4-4e18-be30-b8037a3102c1","Mozilla/5.0 (iPhone; CPU iPhone OS 13_1_2 like Mac OS X) AppleWebKit/605.1.15 (KHTML, like Gecko) Version/13.0.1 Mobile/15E148 Safari/604.1",,,,"0509fbf9-8b7a-4388-87e5-ebac1beab9ce","1571443200000","iPhone","panoplay.duckdns.org",,,"0","41",,,"Festival of Lights - Demo","1571482800000","0d22f708-86da-4b3d-96b5-63d4fb9aba24","193.175.2.0","false","false","true","Verein zur Foerderung eines Deutschen Forschungsne","en-US","./livestream/master.m3u8","1571483340000","1569888000000",,"iOS","13","1","526","1",,"0","0","videojs",,"41","html5","videojs-7.6.0",,"BE","667","375","0","WINDOW","0","setup","hls","1571483364000","7ad8d1c7-a762-4190-a9de-52b66ccae6c2","0","0","Horus Live","0","0","0","Horus Live","0","0","0","0",,,,,"web"
"v2.5.4","680","0",,"Mobile Safari","13","0","0",,"berlin","1571483374000","DE","ca3e64dd-4ee4-4e18-be30-b8037a3102c1","Mozilla/5.0 (iPhone; CPU iPhone OS 13_1_2 like Mac OS X) AppleWebKit/605.1.15 (KHTML, like Gecko) Version/13.0.1 Mobile/15E148 Safari/604.1",,,,"0509fbf9-8b7a-4388-87e5-ebac1beab9ce","1571443200000","iPhone","panoplay.duckdns.org",,,"0","7076",,,"Festival of Lights - Demo","1571482800000","0d22f708-86da-4b3d-96b5-63d4fb9aba24","193.175.2.0","false","false","true","Verein zur Foerderung eines Deutschen Forschungsne","en-US","./livestream/master.m3u8","1571483340000","1569888000000",,"iOS","13","1","0","1",,"0","7076","videojs",,"0","html5","videojs-7.6.0",,"BE","667","375","0","WINDOW","0","playing","hls","1571483374000","7ad8d1c7-a762-4190-a9de-52b66ccae6c2","0","43679302","Horus Live","2816","2816","250","Horus Live","0","0","7319","249",,,,,"web"
"v2.5.4","680","0",,"Mobile Safari","13","0","0",,"berlin","1571483376000","DE","ca3e64dd-4ee4-4e18-be30-b8037a3102c1","Mozilla/5.0 (iPhone; CPU iPhone OS 13_1_2 like Mac OS X) AppleWebKit/605.1.15 (KHTML, like Gecko) Version/13.0.1 Mobile/15E148 Safari/604.1",,,,"0509fbf9-8b7a-4388-87e5-ebac1beab9ce","1571443200000","iPhone","panoplay.duckdns.org",,,"0","2182",,,"Festival of Lights - Demo","1571482800000","0d22f708-86da-4b3d-96b5-63d4fb9aba24","193.175.2.0","false","false","true","Verein zur Foerderung eines Deutschen Forschungsne","en-US","./livestream/master.m3u8","1571483340000","1569888000000",,"iOS","13","1","0","1",,"2182","0","videojs",,"0","html5","videojs-7.6.0",,"BE","667","375","0","WINDOW","0","pause","hls","1571483376000","7ad8d1c7-a762-4190-a9de-52b66ccae6c2","0","43679302","Horus Live","2816","2816","0","Horus Live","0","0","7355","7319",,,,,"web"
"v2.5.4","680","0",,"Mobile Safari","13","0","0",,"berlin","1571483387000","DE","ca3e64dd-4ee4-4e18-be30-b8037a3102c1","Mozilla/5.0 (iPhone; CPU iPhone OS 13_1_2 like Mac OS X) AppleWebKit/605.1.15 (KHTML, like Gecko) Version/13.0.1 Mobile/15E148 Safari/604.1",,,,"0509fbf9-8b7a-4388-87e5-ebac1beab9ce","1571443200000","iPhone","panoplay.duckdns.org",,,"0","11018",,,"Festival of Lights - Demo","1571482800000","0d22f708-86da-4b3d-96b5-63d4fb9aba24","193.175.2.0","false","false","true","Verein zur Foerderung eines Deutschen Forschungsne","en-US","./livestream/master.m3u8","1571483340000","1569888000000",,"iOS","13","1","0","1",,"0","11018","videojs",,"0","html5","videojs-7.6.0",,"BE","667","375","0","WINDOW","0","playing","hls","1571483387000","7ad8d1c7-a762-4190-a9de-52b66ccae6c2","0","43679302","Horus Live","2816","2816","0","Horus Live","0","0","18374","7355",,,,,"web"
"v2.5.4","680","0",,"Mobile Safari","13","0","234",,"berlin","1571483388000","DE","ca3e64dd-4ee4-4e18-be30-b8037a3102c1","Mozilla/5.0 (iPhone; CPU iPhone OS 13_1_2 like Mac OS X) AppleWebKit/605.1.15 (KHTML, like Gecko) Version/13.0.1 Mobile/15E148 Safari/604.1",,,,"0509fbf9-8b7a-4388-87e5-ebac1beab9ce","1571443200000","iPhone","panoplay.duckdns.org",,,"0","234",,,"Festival of Lights - Demo","1571482800000","0d22f708-86da-4b3d-96b5-63d4fb9aba24","193.175.2.0","false","false","true","Verein zur Foerderung eines Deutschen Forschungsne","en-US","./livestream/master.m3u8","1571483340000","1569888000000",,"iOS","13","1","0","1",,"0","0","videojs",,"0","html5","videojs-7.6.0",,"BE","667","375","0","WINDOW","0","rebuffering","hls","1571483388000","7ad8d1c7-a762-4190-a9de-52b66ccae6c2","0","43679302","Horus Live","2816","2816","0","Horus Live","0","0","18608","18374",,,,,"web"
"v2.5.4","680","0",,"Mobile Safari","13","0","0",,"berlin","1571483390000","DE","ca3e64dd-4ee4-4e18-be30-b8037a3102c1","Mozilla/5.0 (iPhone; CPU iPhone OS 13_1_2 like Mac OS X) AppleWebKit/605.1.15 (KHTML, like Gecko) Version/13.0.1 Mobile/15E148 Safari/604.1",,,,"0509fbf9-8b7a-4388-87e5-ebac1beab9ce","1571443200000","iPhone","panoplay.duckdns.org",,,"0","127",,,"Festival of Lights - Demo","1571482800000","0d22f708-86da-4b3d-96b5-63d4fb9aba24","193.175.2.0","false","false","true","Verein zur Foerderung eines Deutschen Forschungsne","en-US","./livestream/master.m3u8","1571483340000","1569888000000",,"iOS","13","1","0","1",,"127","0","videojs",,"0","html5","videojs-7.6.0",,"BE","667","375","0","WINDOW","0","pause","hls","1571483390000","7ad8d1c7-a762-4190-a9de-52b66ccae6c2","0","43679302","Horus Live","2816","2816","0","Horus Live","0","0","20886","20846",,,,,"web"
"v2.5.4","680","0",,"Mobile Safari","13","0","0",,"berlin","1571483390000","DE","ca3e64dd-4ee4-4e18-be30-b8037a3102c1","Mozilla/5.0 (iPhone; CPU iPhone OS 13_1_2 like Mac OS X) AppleWebKit/605.1.15 (KHTML, like Gecko) Version/13.0.1 Mobile/15E148 Safari/604.1",,,,"0509fbf9-8b7a-4388-87e5-ebac1beab9ce","1571443200000","iPhone","panoplay.duckdns.org",,,"0","2242",,,"Festival of Lights - Demo","1571482800000","0d22f708-86da-4b3d-96b5-63d4fb9aba24","193.175.2.0","false","false","true","Verein zur Foerderung eines Deutschen Forschungsne","en-US","./livestream/master.m3u8","1571483340000","1569888000000",,"iOS","13","1","0","1",,"0","2242","videojs",,"0","html5","videojs-7.6.0",,"BE","667","375","0","WINDOW","0","playing","hls","1571483390000","7ad8d1c7-a762-4190-a9de-52b66ccae6c2","0","43679302","Horus Live","2816","2816","0","Horus Live","0","0","20846","18608",,,,,"web"
"v2.5.4","680","0",,"Mobile Safari","13","0","0",,"berlin","1571483392000","DE","ca3e64dd-4ee4-4e18-be30-b8037a3102c1","Mozilla/5.0 (iPhone; CPU iPhone OS 13_1_2 like Mac OS X) AppleWebKit/605.1.15 (KHTML, like Gecko) Version/13.0.1 Mobile/15E148 Safari/604.1",,,,"0509fbf9-8b7a-4388-87e5-ebac1beab9ce","1571443200000","iPhone","panoplay.duckdns.org",,,"0","1667",,,"Festival of Lights - Demo","1571482800000","0d22f708-86da-4b3d-96b5-63d4fb9aba24","193.175.2.0","false","false","true","Verein zur Foerderung eines Deutschen Forschungsne","en-US","./livestream/master.m3u8","1571483340000","1569888000000",,"iOS","13","1","0","1",,"0","1667","videojs",,"0","html5","videojs-7.6.0",,"BE","667","375","0","WINDOW","0","playing","hls","1571483392000","7ad8d1c7-a762-4190-a9de-52b66ccae6c2","0","43679302","Horus Live","2816","2816","0","Horus Live","0","0","22549","20886",,,,,"web"
"v2.5.4","680","0",,"Mobile Safari","13","0","0",,"berlin","1571483433000","DE","ca3e64dd-4ee4-4e18-be30-b8037a3102c1","Mozilla/5.0 (iPhone; CPU iPhone OS 13_1_2 like Mac OS X) AppleWebKit/605.1.15 (KHTML, like Gecko) Version/13.0.1 Mobile/15E148 Safari/604.1",,,,"0509fbf9-8b7a-4388-87e5-ebac1beab9ce","1571443200000","iPhone","panoplay.duckdns.org",,,"0","40990",,,"Festival of Lights - Demo","1571482800000","0d22f708-86da-4b3d-96b5-63d4fb9aba24","193.175.2.0","false","false","true","Verein zur Foerderung eines Deutschen Forschungsne","en-US","./livestream/master.m3u8","1571483400000","1569888000000",,"iOS","13","1","0","1",,"40990","0","videojs",,"0","html5","videojs-7.6.0",,"BE","667","375","0","WINDOW","0","pause","hls","1571483433000","7ad8d1c7-a762-4190-a9de-52b66ccae6c2","0","43679302","Horus Live","2816","2816","0","Horus Live","375","375","22595","22549",,,,,"web"
"v2.5.4","680","0",,"Mobile Safari","13","0","0",,"berlin","1571483450000","DE","ca3e64dd-4ee4-4e18-be30-b8037a3102c1","Mozilla/5.0 (iPhone; CPU iPhone OS 13_1_2 like Mac OS X) AppleWebKit/605.1.15 (KHTML, like Gecko) Version/13.0.1 Mobile/15E148 Safari/604.1",,,,"0509fbf9-8b7a-4388-87e5-ebac1beab9ce","1571443200000","iPhone","panoplay.duckdns.org",,,"0","16961",,,"Festival of Lights - Demo","1571482800000","0d22f708-86da-4b3d-96b5-63d4fb9aba24","193.175.2.0","false","false","true","Verein zur Foerderung eines Deutschen Forschungsne","en-US","./livestream/master.m3u8","1571483400000","1569888000000",,"iOS","13","1","0","1",,"0","16961","videojs",,"0","html5","videojs-7.6.0",,"BE","667","375","0","WINDOW","0","playing","hls","1571483450000","7ad8d1c7-a762-4190-a9de-52b66ccae6c2","0","43679302","Horus Live","2816","2816","0","Horus Live","375","375","33534432","22595",,,,,"web"
"v2.5.4","680","0",,"Mobile Safari","13","0","0",,"berlin","1571483450000","DE","ca3e64dd-4ee4-4e18-be30-b8037a3102c1","Mozilla/5.0 (iPhone; CPU iPhone OS 13_1_2 like Mac OS X) AppleWebKit/605.1.15 (KHTML, like Gecko) Version/13.0.1 Mobile/15E148 Safari/604.1",,,,"0509fbf9-8b7a-4388-87e5-ebac1beab9ce","1571443200000","iPhone","panoplay.duckdns.org",,,"0","104",,,"Festival of Lights - Demo","1571482800000","0d22f708-86da-4b3d-96b5-63d4fb9aba24","193.175.2.0","false","false","true","Verein zur Foerderung eines Deutschen Forschungsne","en-US","./livestream/master.m3u8","1571483400000","1569888000000",,"iOS","13","1","0","1",,"0","104","videojs",,"0","html5","videojs-7.6.0",,"BE","667","375","0","WINDOW","0","playing","hls","1571483450000","7ad8d1c7-a762-4190-a9de-52b66ccae6c2","0","43679302","Horus Live","2816","2816","0","Horus Live","375","375","43679304","43679205",,,,,"web"
"v2.5.4","680","0",,"Mobile Safari","13","0","0",,"berlin","1571483450000","DE","ca3e64dd-4ee4-4e18-be30-b8037a3102c1","Mozilla/5.0 (iPhone; CPU iPhone OS 13_1_2 like Mac OS X) AppleWebKit/605.1.15 (KHTML, like Gecko) Version/13.0.1 Mobile/15E148 Safari/604.1",,,,"0509fbf9-8b7a-4388-87e5-ebac1beab9ce","1571443200000","iPhone","panoplay.duckdns.org",,,"0","441",,,"Festival of Lights - Demo","1571482800000","0d22f708-86da-4b3d-96b5-63d4fb9aba24","193.175.2.0","false","false","true","Verein zur Foerderung eines Deutschen Forschungsne","en-US","./livestream/master.m3u8","1571483400000","1569888000000",,"iOS","13","1","0","1",,"441","0","videojs",,"0","html5","videojs-7.6.0",,"BE","667","375","0","WINDOW","0","pause","hls","1571483450000","7ad8d1c7-a762-4190-a9de-52b66ccae6c2","0","43679302","Horus Live","2816","2816","0","Horus Live","375","375","43679202","33534432",,,,,"web"
"v2.5.4","680","0",,"Mobile Safari","13","0","195",,"berlin","1571483450000","DE","ca3e64dd-4ee4-4e18-be30-b8037a3102c1","Mozilla/5.0 (iPhone; CPU iPhone OS 13_1_2 like Mac OS X) AppleWebKit/605.1.15 (KHTML, like Gecko) Version/13.0.1 Mobile/15E148 Safari/604.1",,,,"0509fbf9-8b7a-4388-87e5-ebac1beab9ce","1571443200000","iPhone","panoplay.duckdns.org",,,"0","195",,,"Festival of Lights - Demo","1571482800000","0d22f708-86da-4b3d-96b5-63d4fb9aba24","193.175.2.0","false","false","true","Verein zur Foerderung eines Deutschen Forschungsne","en-US","./livestream/master.m3u8","1571483400000","1569888000000",,"iOS","13","1","0","1",,"0","0","videojs",,"0","html5","videojs-7.6.0",,"BE","667","375","0","WINDOW","0","rebuffering","hls","1571483450000","7ad8d1c7-a762-4190-a9de-52b66ccae6c2","0","43679302","Horus Live","2816","2816","0","Horus Live","375","375","43679205","43679202",,,,,"web"
"v2.5.4","680","0",,"Mobile Safari","13","0","0",,"berlin","1571483450000","DE","ca3e64dd-4ee4-4e18-be30-b8037a3102c1","Mozilla/5.0 (iPhone; CPU iPhone OS 13_1_2 like Mac OS X) AppleWebKit/605.1.15 (KHTML, like Gecko) Version/13.0.1 Mobile/15E148 Safari/604.1",,,,"0509fbf9-8b7a-4388-87e5-ebac1beab9ce","1571443200000","iPhone","panoplay.duckdns.org",,,"0","14",,,"Festival of Lights - Demo","1571482800000","0d22f708-86da-4b3d-96b5-63d4fb9aba24","193.175.2.0","false","false","true","Verein zur Foerderung eines Deutschen Forschungsne","en-US","./livestream/master.m3u8","1571483400000","1569888000000",,"iOS","13","1","0","1",,"0","14","videojs",,"0","html5","videojs-7.6.0",,"BE","667","375","0","WINDOW","0","playing","hls","1571483450000","7ad8d1c7-a762-4190-a9de-52b66ccae6c2","0","43679302","Horus Live","2816","2816","0","Horus Live","375","375","43679202","43679202",,,,,"web"
"v2.5.4","680","0",,"Chrome Mobile","77","0","0",,"berlin","1571485145000","DE","9253e8d2-7c7d-4b69-a1e9-5446da303d64","Mozilla/5.0 (Linux; Android 9; Nokia 6.1) AppleWebKit/537.36 (KHTML, like Gecko) Chrome/77.0.3865.116 Mobile Safari/537.36",,,,"b078ba57-f5c6-4cc1-a8d6-bb2bf8d83c14","1571443200000","Nokia 6","panoplay.duckdns.org",,,"0","164",,,"Festival of Lights - Demo","1571482800000","85782df3-58f9-44b8-80d1-eb1c1c3ed36a","193.175.2.0","false","false","true","Verein zur Foerderung eines Deutschen Forschungsne","en-US","./livestream/master.m3u8","1571485140000","1569888000000",,"Android","9",,"1689","1",,"0","0","videojs",,"164","html5","videojs-7.6.0",,"BE","732","412","0","WINDOW","0","setup","hls","1571485145000","e2a5fa04-5c34-497a-93e5-d1692a281a4d","0","0","Horus Live","0","0","0","Horus Live","0","0","0","0",,,,,"web"
"v2.5.4","680","0","true","Chrome Mobile","77","0","0",,"berlin","1571485145000","DE","9253e8d2-7c7d-4b69-a1e9-5446da303d64","Mozilla/5.0 (Linux; Android 9; Nokia 6.1) AppleWebKit/537.36 (KHTML, like Gecko) Chrome/77.0.3865.116 Mobile Safari/537.36",,,,"b078ba57-f5c6-4cc1-a8d6-bb2bf8d83c14","1571443200000","Nokia 6","panoplay.duckdns.org",,,"0","1734",,,"Festival of Lights - Demo","1571482800000","85782df3-58f9-44b8-80d1-eb1c1c3ed36a","193.175.2.0","false","false","true","Verein zur Foerderung eines Deutschen Forschungsne","en-US","./livestream/master.m3u8","1571485140000","1569888000000",,"Android","9",,"0","1",,"0","0","videojs",,"0","html5","videojs-7.6.0",,"BE","732","412","0","WINDOW","1898","startup","hls","1571485145000","e2a5fa04-5c34-497a-93e5-d1692a281a4d","0","43679302","Horus Live","0","0","1734","Horus Live","0","0","0","0",,,,,"web"
"v2.5.4","680","0",,"Chrome Mobile","77","0","0",,"berlin","1571485145000","DE","9253e8d2-7c7d-4b69-a1e9-5446da303d64","Mozilla/5.0 (Linux; Android 9; Nokia 6.1) AppleWebKit/537.36 (KHTML, like Gecko) Chrome/77.0.3865.116 Mobile Safari/537.36",,,,"b078ba57-f5c6-4cc1-a8d6-bb2bf8d83c14","1571443200000","Nokia 6","panoplay.duckdns.org",,,"0","0","4","The media could not be loaded, either because the server or network failed or because the format is not supported.","Festival of Lights - Demo","1571482800000","85782df3-58f9-44b8-80d1-eb1c1c3ed36a","193.175.2.0","false","false","true","Verein zur Foerderung eines Deutschen Forschungsne","en-US","./livestream/master.m3u8","1571485140000","1569888000000",,"Android","9",,"0","1",,"0","0","videojs",,"0","html5","videojs-7.6.0",,"BE","732","412","0","WINDOW","0","error","hls","1571485145000","e2a5fa04-5c34-497a-93e5-d1692a281a4d","0","43679302","Horus Live","0","0","0","Horus Live","0","0","0","0",,,,,"web"
"v2.5.4","680","0",,"Firefox Mobile","68","0","0",,"berlin","1571485176000","DE","b45d570e-9aeb-46ef-afa3-99338572f749","Mozilla/5.0 (Android 9; Mobile; rv:68.0) Gecko/68.0 Firefox/68.0",,,,"24ffe464-9884-4ada-8c4b-5629915adf20","1571443200000","Generic Smartphone","panoplay.duckdns.org",,,"0","445",,,"Festival of Lights - Demo","1571482800000","ca945766-557d-41d5-b5a9-fe13bf3a4e23","193.175.2.0","false","false","true","Verein zur Foerderung eines Deutschen Forschungsne","en-US",,"1571485140000","1569888000000","./livestream/manifest.mpd","Android","9",,"2548","1",,"0","0","videojs",,"445","html5","videojs-7.6.0",,"BE","688","414","0","WINDOW","0","setup","dash","1571485176000","aff433eb-c7a6-4ab5-9e1e-d860f692a2b1","0","0","Horus Live","0","0","0","Horus Live","0","0","0","0",,,,,"web"
"v2.5.4","680","0",,"Firefox Mobile","68","0","0",,"berlin","1571485179000","DE","d996a0a3-acf1-49f4-b33c-e5a6745be247","Mozilla/5.0 (Android 9; Mobile; rv:68.0) Gecko/68.0 Firefox/68.0",,,,"24ffe464-9884-4ada-8c4b-5629915adf20","1571443200000","Generic Smartphone","panoplay.duckdns.org",,,"0","315",,,"Festival of Lights - Demo","1571482800000","b2ed970d-c9eb-41bf-b3c4-7add7604a127","193.175.2.0","false","false","true","Verein zur Foerderung eines Deutschen Forschungsne","en-US","./livestream/master.m3u8","1571485140000","1569888000000",,"Android","9",,"3409","1",,"0","0","videojs",,"315","html5","videojs-7.6.0",,"BE","688","414","0","WINDOW","0","setup","hls","1571485179000","aff433eb-c7a6-4ab5-9e1e-d860f692a2b1","0","0","Horus Live","0","0","0","Horus Live","0","0","0","0",,,,,"web"
"v2.5.4","680","0",,"Firefox Mobile","68","0","0",,"berlin","1571485231000","DE","86ee06b5-a87d-4fd8-9830-2d1a04a1469d","Mozilla/5.0 (Android 9; Mobile; rv:68.0) Gecko/68.0 Firefox/68.0",,,,"9b830e3b-8b5d-45cd-9a98-4843b2bbf198","1571443200000","Generic Smartphone","panoplay.duckdns.org",,,"0","421",,,"Festival of Lights - Demo","1571482800000","eacab996-ca00-4162-88fc-57ffd4522432","193.175.2.0","false","false","true","Verein zur Foerderung eines Deutschen Forschungsne","en-US","./livestream/master.m3u8","1571485200000","1569888000000",,"Android","9",,"2454","1",,"0","0","videojs",,"421","html5","videojs-7.6.0",,"BE","688","414","0","WINDOW","0","setup","hls","1571485231000","8409c532-07c9-460f-a79a-d37e280dedf0","0","0","Horus Live","0","0","0","Horus Live","0","0","0","0",,,,,"web"
"v2.5.4","680","0",,"Firefox Mobile","68","0","0",,"berlin","1571485265000","DE","6c7844b8-c1e5-4680-9a40-2b3812224efc","Mozilla/5.0 (Android 9; Mobile; rv:68.0) Gecko/68.0 Firefox/68.0",,,,"9b830e3b-8b5d-45cd-9a98-4843b2bbf198","1571443200000","Generic Smartphone","panoplay.duckdns.org",,,"0","407",,,"Festival of Lights - Demo","1571482800000","5b44f9b4-6fa0-463c-996f-b9e03a6e8745","193.175.2.0","false","false","true","Verein zur Foerderung eines Deutschen Forschungsne","en-US","./livestream/master.m3u8","1571485260000","1569888000000",,"Android","9",,"1957","1",,"0","0","videojs",,"407","html5","videojs-7.6.0",,"BE","688","414","0","WINDOW","0","setup","hls","1571485265000","8409c532-07c9-460f-a79a-d37e280dedf0","0","0","Horus Live","0","0","0","Horus Live","0","0","0","0",,,,,"web"
"v2.5.4","680","0",,"Firefox Mobile","68","0","0",,"berlin","1571485268000","DE","6c7844b8-c1e5-4680-9a40-2b3812224efc","Mozilla/5.0 (Android 9; Mobile; rv:68.0) Gecko/68.0 Firefox/68.0",,,,"9b830e3b-8b5d-45cd-9a98-4843b2bbf198","1571443200000","Generic Smartphone","panoplay.duckdns.org",,,"0","69",,,"Festival of Lights - Demo","1571482800000","5b44f9b4-6fa0-463c-996f-b9e03a6e8745","193.175.2.0","false","false","true","Verein zur Foerderung eines Deutschen Forschungsne","en-US","./livestream/master.m3u8","1571485260000","1569888000000",,"Android","9",,"0","1",,"0","69","videojs",,"0","html5","videojs-7.6.0",,"BE","688","414","0","WINDOW","0","playing","hls","1571485268000","8409c532-07c9-460f-a79a-d37e280dedf0","8000000","43679302","Horus Live","2816","2816","0","Horus Live","0","0","25667219","25667219",,,,,"web"
"v2.5.4","680","0","true","Firefox Mobile","68","0","0",,"berlin","1571485268000","DE","6c7844b8-c1e5-4680-9a40-2b3812224efc","Mozilla/5.0 (Android 9; Mobile; rv:68.0) Gecko/68.0 Firefox/68.0",,,,"9b830e3b-8b5d-45cd-9a98-4843b2bbf198","1571443200000","Generic Smartphone","panoplay.duckdns.org",,,"0","3437",,,"Festival of Lights - Demo","1571482800000","5b44f9b4-6fa0-463c-996f-b9e03a6e8745","193.175.2.0","false","false","true","Verein zur Foerderung eines Deutschen Forschungsne","en-US","./livestream/master.m3u8","1571485260000","1569888000000",,"Android","9",,"0","1",,"0","0","videojs",,"0","html5","videojs-7.6.0",,"BE","688","414","0","WINDOW","3844","startup","hls","1571485268000","8409c532-07c9-460f-a79a-d37e280dedf0","0","43679302","Horus Live","2816","2816","3437","Horus Live","0","0","25667219","0",,,,,"web"
"v2.5.4","680","0",,"Firefox Mobile","68","0","0",,"berlin","1571485268000","DE","6c7844b8-c1e5-4680-9a40-2b3812224efc","Mozilla/5.0 (Android 9; Mobile; rv:68.0) Gecko/68.0 Firefox/68.0",,,,"9b830e3b-8b5d-45cd-9a98-4843b2bbf198","1571443200000","Generic Smartphone","panoplay.duckdns.org",,,"0","6",,,"Festival of Lights - Demo","1571482800000","5b44f9b4-6fa0-463c-996f-b9e03a6e8745","193.175.2.0","false","false","true","Verein zur Foerderung eines Deutschen Forschungsne","en-US","./livestream/master.m3u8","1571485260000","1569888000000",,"Android","9",,"0","1",,"0","6","videojs",,"0","html5","videojs-7.6.0",,"BE","688","414","0","WINDOW","0","playing","hls","1571485268000","8409c532-07c9-460f-a79a-d37e280dedf0","0","43679302","Horus Live","2816","2816","0","Horus Live","0","0","25667219","25667219",,,,,"web"
"v2.5.4","680","0",,"Firefox Mobile","68","0","0",,"berlin","1571485269000","DE","6c7844b8-c1e5-4680-9a40-2b3812224efc","Mozilla/5.0 (Android 9; Mobile; rv:68.0) Gecko/68.0 Firefox/68.0",,,,"9b830e3b-8b5d-45cd-9a98-4843b2bbf198","1571443200000","Generic Smartphone","panoplay.duckdns.org",,,"0","12",,,"Festival of Lights - Demo","1571482800000","5b44f9b4-6fa0-463c-996f-b9e03a6e8745","193.175.2.0","false","false","true","Verein zur Foerderung eines Deutschen Forschungsne","en-US","./livestream/master.m3u8","1571485260000","1569888000000",,"Android","9",,"0","1",,"12","0","videojs",,"0","html5","videojs-7.6.0",,"BE","688","414","0","WINDOW","0","pause","hls","1571485269000","8409c532-07c9-460f-a79a-d37e280dedf0","8000000","43679302","Horus Live","2816","2816","0","Horus Live","0","0","25667219","25667219",,,,,"web"
"v2.5.4","680","0",,"Firefox Mobile","68","0","0",,"berlin","1571485269000","DE","6c7844b8-c1e5-4680-9a40-2b3812224efc","Mozilla/5.0 (Android 9; Mobile; rv:68.0) Gecko/68.0 Firefox/68.0",,,,"9b830e3b-8b5d-45cd-9a98-4843b2bbf198","1571443200000","Generic Smartphone","panoplay.duckdns.org",,,"0","0",,,"Festival of Lights - Demo","1571482800000","5b44f9b4-6fa0-463c-996f-b9e03a6e8745","193.175.2.0","false","false","true","Verein zur Foerderung eines Deutschen Forschungsne","en-US","./livestream/master.m3u8","1571485260000","1569888000000",,"Android","9",,"0","1",,"0","0","videojs",,"0","html5","videojs-7.6.0",,"BE","688","414","0","WINDOW","0","qualitychange","hls","1571485269000","8409c532-07c9-460f-a79a-d37e280dedf0","8000000","43679302","Horus Live","2816","2816","0","Horus Live","0","0","25667219","25667219",,,,,"web"
"v2.5.4","680","0",,"Firefox Mobile","68","0","0",,"berlin","1571485269000","DE","6c7844b8-c1e5-4680-9a40-2b3812224efc","Mozilla/5.0 (Android 9; Mobile; rv:68.0) Gecko/68.0 Firefox/68.0",,,,"9b830e3b-8b5d-45cd-9a98-4843b2bbf198","1571443200000","Generic Smartphone","panoplay.duckdns.org",,,"0","47",,,"Festival of Lights - Demo","1571482800000","5b44f9b4-6fa0-463c-996f-b9e03a6e8745","193.175.2.0","false","false","true","Verein zur Foerderung eines Deutschen Forschungsne","en-US","./livestream/master.m3u8","1571485260000","1569888000000",,"Android","9",,"0","1",,"0","47","videojs",,"0","html5","videojs-7.6.0",,"BE","688","414","0","WINDOW","0","playing","hls","1571485269000","8409c532-07c9-460f-a79a-d37e280dedf0","8000000","43679302","Horus Live","2816","2816","0","Horus Live","0","0","25667219","25667219",,,,,"web"
"v2.5.4","680","0",,"Firefox Mobile","68","0","0",,"berlin","1571485269000","DE","6c7844b8-c1e5-4680-9a40-2b3812224efc","Mozilla/5.0 (Android 9; Mobile; rv:68.0) Gecko/68.0 Firefox/68.0",,,,"9b830e3b-8b5d-45cd-9a98-4843b2bbf198","1571443200000","Generic Smartphone","panoplay.duckdns.org",,,"0","6",,,"Festival of Lights - Demo","1571482800000","5b44f9b4-6fa0-463c-996f-b9e03a6e8745","193.175.2.0","false","false","true","Verein zur Foerderung eines Deutschen Forschungsne","en-US","./livestream/master.m3u8","1571485260000","1569888000000",,"Android","9",,"0","1",,"0","6","videojs",,"0","html5","videojs-7.6.0",,"BE","688","414","0","WINDOW","0","playing","hls","1571485269000","8409c532-07c9-460f-a79a-d37e280dedf0","8000000","43679302","Horus Live","2816","2816","0","Horus Live","0","0","25667219","25667219",,,,,"web"
"v2.5.4","680","0",,"Firefox Mobile","68","0","0",,"berlin","1571485269000","DE","6c7844b8-c1e5-4680-9a40-2b3812224efc","Mozilla/5.0 (Android 9; Mobile; rv:68.0) Gecko/68.0 Firefox/68.0",,,,"9b830e3b-8b5d-45cd-9a98-4843b2bbf198","1571443200000","Generic Smartphone","panoplay.duckdns.org",,,"0","80",,,"Festival of Lights - Demo","1571482800000","5b44f9b4-6fa0-463c-996f-b9e03a6e8745","193.175.2.0","false","false","true","Verein zur Foerderung eines Deutschen Forschungsne","en-US","./livestream/master.m3u8","1571485260000","1569888000000",,"Android","9",,"0","1",,"80","0","videojs",,"0","html5","videojs-7.6.0",,"BE","688","414","0","WINDOW","0","pause","hls","1571485269000","8409c532-07c9-460f-a79a-d37e280dedf0","8000000","43679302","Horus Live","2816","2816","0","Horus Live","0","0","25667219","25667219",,,,,"web"
"v2.5.4","680","0",,"Firefox Mobile","68","0","0",,"berlin","1571485269000","DE","6c7844b8-c1e5-4680-9a40-2b3812224efc","Mozilla/5.0 (Android 9; Mobile; rv:68.0) Gecko/68.0 Firefox/68.0",,,,"9b830e3b-8b5d-45cd-9a98-4843b2bbf198","1571443200000","Generic Smartphone","panoplay.duckdns.org",,,"0","17",,,"Festival of Lights - Demo","1571482800000","5b44f9b4-6fa0-463c-996f-b9e03a6e8745","193.175.2.0","false","false","true","Verein zur Foerderung eines Deutschen Forschungsne","en-US","./livestream/master.m3u8","1571485260000","1569888000000",,"Android","9",,"0","1",,"0","17","videojs",,"0","html5","videojs-7.6.0",,"BE","688","414","0","WINDOW","0","playing","hls","1571485269000","8409c532-07c9-460f-a79a-d37e280dedf0","8000000","43679302","Horus Live","2816","2816","0","Horus Live","0","0","25667219","25667219",,,,,"web"
"v2.5.4","680","0",,"Firefox Mobile","68","0","66",,"berlin","1571485269000","DE","6c7844b8-c1e5-4680-9a40-2b3812224efc","Mozilla/5.0 (Android 9; Mobile; rv:68.0) Gecko/68.0 Firefox/68.0",,,,"9b830e3b-8b5d-45cd-9a98-4843b2bbf198","1571443200000","Generic Smartphone","panoplay.duckdns.org",,,"0","66",,,"Festival of Lights - Demo","1571482800000","5b44f9b4-6fa0-463c-996f-b9e03a6e8745","193.175.2.0","false","false","true","Verein zur Foerderung eines Deutschen Forschungsne","en-US","./livestream/master.m3u8","1571485260000","1569888000000",,"Android","9",,"0","1",,"0","0","videojs",,"0","html5","videojs-7.6.0",,"BE","688","414","0","WINDOW","0","rebuffering","hls","1571485269000","8409c532-07c9-460f-a79a-d37e280dedf0","8000000","43679302","Horus Live","2816","2816","0","Horus Live","0","0","25667219","25667219",,,,,"web"
"v2.5.4","680","0",,"Firefox Mobile","68","0","2072",,"berlin","1571485271000","DE","6c7844b8-c1e5-4680-9a40-2b3812224efc","Mozilla/5.0 (Android 9; Mobile; rv:68.0) Gecko/68.0 Firefox/68.0",,,,"9b830e3b-8b5d-45cd-9a98-4843b2bbf198","1571443200000","Generic Smartphone","panoplay.duckdns.org",,,"0","2072",,,"Festival of Lights - Demo","1571482800000","5b44f9b4-6fa0-463c-996f-b9e03a6e8745","193.175.2.0","false","false","true","Verein zur Foerderung eines Deutschen Forschungsne","en-US","./livestream/master.m3u8","1571485260000","1569888000000",,"Android","9",,"0","1",,"0","0","videojs",,"0","html5","videojs-7.6.0",,"BE","688","414","0","WINDOW","0","rebuffering","hls","1571485271000","8409c532-07c9-460f-a79a-d37e280dedf0","8000000","43679302","Horus Live","2816","2816","0","Horus Live","0","0","25667219","25667219",,,,,"web"
"v2.5.4","680","0",,"Firefox Mobile","68","0","0",,"berlin","1571485273000","DE","6c7844b8-c1e5-4680-9a40-2b3812224efc","Mozilla/5.0 (Android 9; Mobile; rv:68.0) Gecko/68.0 Firefox/68.0",,,,"9b830e3b-8b5d-45cd-9a98-4843b2bbf198","1571443200000","Generic Smartphone","panoplay.duckdns.org",,,"0","2555",,,"Festival of Lights - Demo","1571482800000","5b44f9b4-6fa0-463c-996f-b9e03a6e8745","193.175.2.0","false","false","true","Verein zur Foerderung eines Deutschen Forschungsne","en-US","./livestream/master.m3u8","1571485260000","1569888000000",,"Android","9",,"0","1",,"0","2555","videojs",,"0","html5","videojs-7.6.0",,"BE","688","414","0","WINDOW","0","playing","hls","1571485273000","8409c532-07c9-460f-a79a-d37e280dedf0","8000000","43679302","Horus Live","2816","2816","0","Horus Live","0","0","25669704","25667219",,,,,"web"
"v2.5.4","680","0",,"Firefox Mobile","68","0","0",,"berlin","1571485273000","DE","6c7844b8-c1e5-4680-9a40-2b3812224efc","Mozilla/5.0 (Android 9; Mobile; rv:68.0) Gecko/68.0 Firefox/68.0",,,,"9b830e3b-8b5d-45cd-9a98-4843b2bbf198","1571443200000","Generic Smartphone","panoplay.duckdns.org",,,"0","0",,,"Festival of Lights - Demo","1571482800000","5b44f9b4-6fa0-463c-996f-b9e03a6e8745","193.175.2.0","false","false","true","Verein zur Foerderung eines Deutschen Forschungsne","en-US","./livestream/master.m3u8","1571485260000","1569888000000",,"Android","9",,"0","1",,"0","0","videojs",,"0","html5","videojs-7.6.0",,"BE","688","414","0","WINDOW","0","qualitychange","hls","1571485273000","8409c532-07c9-460f-a79a-d37e280dedf0","6000000","43679302","Horus Live","2816","2816","0","Horus Live","0","0","25669704","25669704",,,,,"web"
"v2.5.4","680","0",,"Firefox Mobile","68","0","0",,"berlin","1571485274000","DE","6c7844b8-c1e5-4680-9a40-2b3812224efc","Mozilla/5.0 (Android 9; Mobile; rv:68.0) Gecko/68.0 Firefox/68.0",,,,"9b830e3b-8b5d-45cd-9a98-4843b2bbf198","1571443200000","Generic Smartphone","panoplay.duckdns.org",,,"0","502",,,"Festival of Lights - Demo","1571482800000","5b44f9b4-6fa0-463c-996f-b9e03a6e8745","193.175.2.0","false","false","true","Verein zur Foerderung eines Deutschen Forschungsne","en-US","./livestream/master.m3u8","1571485260000","1569888000000",,"Android","9",,"0","1",,"0","502","videojs",,"0","html5","videojs-7.6.0",,"BE","688","414","0","WINDOW","0","playing","hls","1571485274000","8409c532-07c9-460f-a79a-d37e280dedf0","6000000","43679302","Horus Live","2816","2816","0","Horus Live","0","0","25670274","25669704",,,,,"web"
"v2.5.4","680","0",,"Firefox Mobile","68","0","977",,"berlin","1571485275000","DE","6c7844b8-c1e5-4680-9a40-2b3812224efc","Mozilla/5.0 (Android 9; Mobile; rv:68.0) Gecko/68.0 Firefox/68.0",,,,"9b830e3b-8b5d-45cd-9a98-4843b2bbf198","1571443200000","Generic Smartphone","panoplay.duckdns.org",,,"0","977",,,"Festival of Lights - Demo","1571482800000","5b44f9b4-6fa0-463c-996f-b9e03a6e8745","193.175.2.0","false","false","true","Verein zur Foerderung eines Deutschen Forschungsne","en-US","./livestream/master.m3u8","1571485260000","1569888000000",,"Android","9",,"0","1",,"0","0","videojs",,"0","html5","videojs-7.6.0",,"BE","688","414","0","WINDOW","0","rebuffering","hls","1571485275000","8409c532-07c9-460f-a79a-d37e280dedf0","6000000","43679302","Horus Live","2816","2816","0","Horus Live","0","0","25670275","25670274",,,,,"web"
"v2.5.4","680","0",,"Firefox Mobile","68","0","0",,"berlin","1571485283000","DE","6c7844b8-c1e5-4680-9a40-2b3812224efc","Mozilla/5.0 (Android 9; Mobile; rv:68.0) Gecko/68.0 Firefox/68.0",,,,"9b830e3b-8b5d-45cd-9a98-4843b2bbf198","1571443200000","Generic Smartphone","panoplay.duckdns.org",,,"0","0",,,"Festival of Lights - Demo","1571482800000","5b44f9b4-6fa0-463c-996f-b9e03a6e8745","193.175.2.0","false","false","true","Verein zur Foerderung eines Deutschen Forschungsne","en-US","./livestream/master.m3u8","1571485260000","1569888000000",,"Android","9",,"0","1",,"0","0","videojs",,"0","html5","videojs-7.6.0",,"BE","688","414","0","WINDOW","0","qualitychange","hls","1571485283000","8409c532-07c9-460f-a79a-d37e280dedf0","8000000","43679302","Horus Live","2816","2816","0","Horus Live","0","0","25677977","25677977",,,,,"web"
"v2.5.4","680","0",,"Firefox Mobile","68","0","0",,"berlin","1571485283000","DE","6c7844b8-c1e5-4680-9a40-2b3812224efc","Mozilla/5.0 (Android 9; Mobile; rv:68.0) Gecko/68.0 Firefox/68.0",,,,"9b830e3b-8b5d-45cd-9a98-4843b2bbf198","1571443200000","Generic Smartphone","panoplay.duckdns.org",,,"0","7678",,,"Festival of Lights - Demo","1571482800000","5b44f9b4-6fa0-463c-996f-b9e03a6e8745","193.175.2.0","false","false","true","Verein zur Foerderung eines Deutschen Forschungsne","en-US","./livestream/master.m3u8","1571485260000","1569888000000",,"Android","9",,"0","1",,"0","7678","videojs",,"0","html5","videojs-7.6.0",,"BE","688","414","0","WINDOW","0","playing","hls","1571485283000","8409c532-07c9-460f-a79a-d37e280dedf0","6000000","43679302","Horus Live","2816","2816","0","Horus Live","0","0","25677977","25670275",,,,,"web"
"v2.5.4","680","0",,"Firefox Mobile","68","0","0",,"berlin","1571485294000","DE","6c7844b8-c1e5-4680-9a40-2b3812224efc","Mozilla/5.0 (Android 9; Mobile; rv:68.0) Gecko/68.0 Firefox/68.0",,,,"9b830e3b-8b5d-45cd-9a98-4843b2bbf198","1571443200000","Generic Smartphone","panoplay.duckdns.org",,,"0","0",,,"Festival of Lights - Demo","1571482800000","5b44f9b4-6fa0-463c-996f-b9e03a6e8745","193.175.2.0","false","false","true","Verein zur Foerderung eines Deutschen Forschungsne","en-US","./livestream/master.m3u8","1571485260000","1569888000000",,"Android","9",,"0","1",,"0","0","videojs",,"0","html5","videojs-7.6.0",,"BE","414","688","0","WINDOW","0","qualitychange","hls","1571485294000","8409c532-07c9-460f-a79a-d37e280dedf0","4000000","43679302","Horus Live","2816","2816","0","Horus Live","0","0","25688763","25688763",,,,,"web"
"v2.5.4","680","0",,"Firefox Mobile","68","0","0",,"berlin","1571485294000","DE","6c7844b8-c1e5-4680-9a40-2b3812224efc","Mozilla/5.0 (Android 9; Mobile; rv:68.0) Gecko/68.0 Firefox/68.0",,,,"9b830e3b-8b5d-45cd-9a98-4843b2bbf198","1571443200000","Generic Smartphone","panoplay.duckdns.org",,,"0","11058",,,"Festival of Lights - Demo","1571482800000","5b44f9b4-6fa0-463c-996f-b9e03a6e8745","193.175.2.0","false","false","true","Verein zur Foerderung eines Deutschen Forschungsne","en-US","./livestream/master.m3u8","1571485260000","1569888000000",,"Android","9",,"0","1",,"0","11058","videojs",,"0","html5","videojs-7.6.0",,"BE","414","688","0","WINDOW","0","playing","hls","1571485294000","8409c532-07c9-460f-a79a-d37e280dedf0","8000000","43679302","Horus Live","2816","2816","0","Horus Live","0","0","25688763","25677977",,,,,"web"
"v2.5.4","680","0",,"Firefox Mobile","68","0","0",,"berlin","1571485295000","DE","6c7844b8-c1e5-4680-9a40-2b3812224efc","Mozilla/5.0 (Android 9; Mobile; rv:68.0) Gecko/68.0 Firefox/68.0",,,,"9b830e3b-8b5d-45cd-9a98-4843b2bbf198","1571443200000","Generic Smartphone","panoplay.duckdns.org",,,"0","0",,,"Festival of Lights - Demo","1571482800000","5b44f9b4-6fa0-463c-996f-b9e03a6e8745","193.175.2.0","false","false","true","Verein zur Foerderung eines Deutschen Forschungsne","en-US","./livestream/master.m3u8","1571485260000","1569888000000",,"Android","9",,"0","1",,"0","0","videojs",,"0","html5","videojs-7.6.0",,"BE","414","688","0","WINDOW","0","qualitychange","hls","1571485295000","8409c532-07c9-460f-a79a-d37e280dedf0","8000000","43679302","Horus Live","2816","2816","0","Horus Live","0","0","25690275","25690275",,,,,"web"
"v2.5.4","680","0",,"Firefox Mobile","68","0","0",,"berlin","1571485295000","DE","6c7844b8-c1e5-4680-9a40-2b3812224efc","Mozilla/5.0 (Android 9; Mobile; rv:68.0) Gecko/68.0 Firefox/68.0",,,,"9b830e3b-8b5d-45cd-9a98-4843b2bbf198","1571443200000","Generic Smartphone","panoplay.duckdns.org",,,"0","1246",,,"Festival of Lights - Demo","1571482800000","5b44f9b4-6fa0-463c-996f-b9e03a6e8745","193.175.2.0","false","false","true","Verein zur Foerderung eines Deutschen Forschungsne","en-US","./livestream/master.m3u8","1571485260000","1569888000000",,"Android","9",,"0","1",,"0","1246","videojs",,"0","html5","videojs-7.6.0",,"BE","414","688","0","WINDOW","0","playing","hls","1571485295000","8409c532-07c9-460f-a79a-d37e280dedf0","4000000","43679302","Horus Live","2816","2816","0","Horus Live","0","0","25690275","25688763",,,,,"web"
"v2.5.4","680","0",,"Firefox Mobile","68","0","0",,"berlin","1571485309000","DE","6c7844b8-c1e5-4680-9a40-2b3812224efc","Mozilla/5.0 (Android 9; Mobile; rv:68.0) Gecko/68.0 Firefox/68.0",,,,"9b830e3b-8b5d-45cd-9a98-4843b2bbf198","1571443200000","Generic Smartphone","panoplay.duckdns.org",,,"0","0",,,"Festival of Lights - Demo","1571482800000","5b44f9b4-6fa0-463c-996f-b9e03a6e8745","193.175.2.0","false","false","true","Verein zur Foerderung eines Deutschen Forschungsne","en-US","./livestream/master.m3u8","1571485260000","1569888000000",,"Android","9",,"0","1",,"0","0","videojs",,"0","html5","videojs-7.6.0",,"BE","688","414","0","WINDOW","0","qualitychange","hls","1571485309000","8409c532-07c9-460f-a79a-d37e280dedf0","6000000","43679302","Horus Live","2816","2816","0","Horus Live","0","0","25704487","25704487",,,,,"web"
"v2.5.4","680","0",,"Firefox Mobile","68","0","0",,"berlin","1571485309000","DE","6c7844b8-c1e5-4680-9a40-2b3812224efc","Mozilla/5.0 (Android 9; Mobile; rv:68.0) Gecko/68.0 Firefox/68.0",,,,"9b830e3b-8b5d-45cd-9a98-4843b2bbf198","1571443200000","Generic Smartphone","panoplay.duckdns.org",,,"0","14209",,,"Festival of Lights - Demo","1571482800000","5b44f9b4-6fa0-463c-996f-b9e03a6e8745","193.175.2.0","false","false","true","Verein zur Foerderung eines Deutschen Forschungsne","en-US","./livestream/master.m3u8","1571485260000","1569888000000",,"Android","9",,"0","1",,"0","14209","videojs",,"0","html5","videojs-7.6.0",,"BE","688","414","0","WINDOW","0","playing","hls","1571485309000","8409c532-07c9-460f-a79a-d37e280dedf0","8000000","43679302","Horus Live","2816","2816","0","Horus Live","0","0","25704487","25690275",,,,,"web"
"v2.5.4","680","0",,"Chrome Mobile","77","0","0",,"berlin","1571485318000","DE","90bb898a-753f-41b8-9f42-9185a0568675","Mozilla/5.0 (Linux; Android 9; Nokia 6.1) AppleWebKit/537.36 (KHTML, like Gecko) Chrome/77.0.3865.116 Mobile Safari/537.36",,,,"b078ba57-f5c6-4cc1-a8d6-bb2bf8d83c14","1571443200000","Nokia 6","panoplay.duckdns.org",,,"0","265",,,"Festival of Lights - Demo","1571482800000","a73e338f-2fb4-4ef0-8c46-3581a66c60a3","193.175.2.0","false","false","true","Verein zur Foerderung eines Deutschen Forschungsne","en-US","./livestream/master.m3u8","1571485260000","1569888000000",,"Android","9",,"3259","1",,"0","0","videojs",,"265","html5","videojs-7.6.0",,"BE","732","412","0","WINDOW","0","setup","hls","1571485318000","0a6954e1-c604-47b7-a9bb-9c1959b5a4aa","0","0","Horus Live","0","0","0","Horus Live","0","0","0","0",,,,,"web"
"v2.5.4","680","0",,"Chrome Mobile","77","0","0",,"berlin","1571485319000","DE","90bb898a-753f-41b8-9f42-9185a0568675","Mozilla/5.0 (Linux; Android 9; Nokia 6.1) AppleWebKit/537.36 (KHTML, like Gecko) Chrome/77.0.3865.116 Mobile Safari/537.36",,,,"b078ba57-f5c6-4cc1-a8d6-bb2bf8d83c14","1571443200000","Nokia 6","panoplay.duckdns.org",,,"0","0","4","The media could not be loaded, either because the server or network failed or because the format is not supported.","Festival of Lights - Demo","1571482800000","a73e338f-2fb4-4ef0-8c46-3581a66c60a3","193.175.2.0","false","false","true","Verein zur Foerderung eines Deutschen Forschungsne","en-US","./livestream/master.m3u8","1571485260000","1569888000000",,"Android","9",,"0","1",,"0","0","videojs",,"0","html5","videojs-7.6.0",,"BE","732","412","0","WINDOW","0","error","hls","1571485319000","0a6954e1-c604-47b7-a9bb-9c1959b5a4aa","0","43679302","Horus Live","0","0","0","Horus Live","0","0","0","0",,,,,"web"
"v2.5.4","680","0","true","Chrome Mobile","77","0","0",,"berlin","1571485319000","DE","90bb898a-753f-41b8-9f42-9185a0568675","Mozilla/5.0 (Linux; Android 9; Nokia 6.1) AppleWebKit/537.36 (KHTML, like Gecko) Chrome/77.0.3865.116 Mobile Safari/537.36",,,,"b078ba57-f5c6-4cc1-a8d6-bb2bf8d83c14","1571443200000","Nokia 6","panoplay.duckdns.org",,,"0","1738",,,"Festival of Lights - Demo","1571482800000","a73e338f-2fb4-4ef0-8c46-3581a66c60a3","193.175.2.0","false","false","true","Verein zur Foerderung eines Deutschen Forschungsne","en-US","./livestream/master.m3u8","1571485260000","1569888000000",,"Android","9",,"0","1",,"0","0","videojs",,"0","html5","videojs-7.6.0",,"BE","732","412","0","WINDOW","2003","startup","hls","1571485319000","0a6954e1-c604-47b7-a9bb-9c1959b5a4aa","0","43679302","Horus Live","0","0","1738","Horus Live","0","0","0","0",,,,,"web"
"v2.5.4","680","0",,"Firefox Mobile","68","0","0",,"berlin","1571485362000","DE","6c7844b8-c1e5-4680-9a40-2b3812224efc","Mozilla/5.0 (Android 9; Mobile; rv:68.0) Gecko/68.0 Firefox/68.0",,,,"9b830e3b-8b5d-45cd-9a98-4843b2bbf198","1571443200000","Generic Smartphone","panoplay.duckdns.org",,,"0","39825",,,"Festival of Lights - Demo","1571482800000","5b44f9b4-6fa0-463c-996f-b9e03a6e8745","193.175.2.0","false","false","true","Verein zur Foerderung eines Deutschen Forschungsne","en-US","./livestream/master.m3u8","1571485320000","1569888000000",,"Android","9",,"0","1",,"0","39825","videojs",,"0","html5","videojs-7.6.0",,"BE","688","414","0","WINDOW","0","playing","hls","1571485362000","8409c532-07c9-460f-a79a-d37e280dedf0","4000000","43679302","Horus Live","2816","2816","0","Horus Live","0","0","25741839","25717158",,,,,"web"
"v2.5.4","680","0",,"Firefox Mobile","68","0","0",,"berlin","1571485389000","DE","6de1ca25-5d9a-4072-867c-73c9c5791939","Mozilla/5.0 (Android 9; Mobile; rv:68.0) Gecko/68.0 Firefox/68.0",,,,"cd876e2d-ab55-44e2-bc43-17ccbd5f2e00","1571443200000","Generic Smartphone","panoplay.duckdns.org",,,"0","202",,,"Festival of Lights - Demo","1571482800000","9696292d-1438-42a3-88ba-71339c549c29","193.175.2.0","false","false","true","Verein zur Foerderung eines Deutschen Forschungsne","en-US","./livestream/master.m3u8","1571485380000","1569888000000",,"Android","9",,"2338","1",,"0","0","videojs",,"202","html5","videojs-7.6.0",,"BE","688","414","0","WINDOW","0","setup","hls","1571485389000","2ea30ad9-6742-4d73-ad92-1557ca385f3b","0","0","Horus Live","0","0","0","Horus Live","0","0","0","0",,,,,"web"
"v2.5.4","680","0","true","Firefox Mobile","68","0","0",,"berlin","1571485392000","DE","6de1ca25-5d9a-4072-867c-73c9c5791939","Mozilla/5.0 (Android 9; Mobile; rv:68.0) Gecko/68.0 Firefox/68.0",,,,"cd876e2d-ab55-44e2-bc43-17ccbd5f2e00","1571443200000","Generic Smartphone","panoplay.duckdns.org",,,"0","48",,,"Festival of Lights - Demo","1571482800000","9696292d-1438-42a3-88ba-71339c549c29","193.175.2.0","false","false","true","Verein zur Foerderung eines Deutschen Forschungsne","en-US","./livestream/master.m3u8","1571485380000","1569888000000",,"Android","9",,"0","1",,"0","0","videojs",,"0","html5","videojs-7.6.0",,"BE","688","414","0","WINDOW","250","startup","hls","1571485392000","2ea30ad9-6742-4d73-ad92-1557ca385f3b","0","43679280","Horus Live","2816","2816","48","Horus Live","0","0","41","0",,,,,"web"
"v2.5.4","680","0",,"Firefox Mobile","68","0","0",,"berlin","1571485395000","DE","6de1ca25-5d9a-4072-867c-73c9c5791939","Mozilla/5.0 (Android 9; Mobile; rv:68.0) Gecko/68.0 Firefox/68.0",,,,"cd876e2d-ab55-44e2-bc43-17ccbd5f2e00","1571443200000","Generic Smartphone","panoplay.duckdns.org",,,"0","3079",,,"Festival of Lights - Demo","1571482800000","9696292d-1438-42a3-88ba-71339c549c29","193.175.2.0","false","false","true","Verein zur Foerderung eines Deutschen Forschungsne","en-US","./livestream/master.m3u8","1571485380000","1569888000000",,"Android","9",,"0","1",,"0","3079","videojs",,"0","html5","videojs-7.6.0",,"BE","688","414","0","WINDOW","0","playing","hls","1571485395000","2ea30ad9-6742-4d73-ad92-1557ca385f3b","0","43679280","Horus Live","2816","2816","0","Horus Live","0","0","3134","41",,,,,"web"
"v2.5.4","680","0",,"Firefox Mobile","68","0","251",,"berlin","1571485395000","DE","6de1ca25-5d9a-4072-867c-73c9c5791939","Mozilla/5.0 (Android 9; Mobile; rv:68.0) Gecko/68.0 Firefox/68.0",,,,"cd876e2d-ab55-44e2-bc43-17ccbd5f2e00","1571443200000","Generic Smartphone","panoplay.duckdns.org",,,"0","251",,,"Festival of Lights - Demo","1571482800000","9696292d-1438-42a3-88ba-71339c549c29","193.175.2.0","false","false","true","Verein zur Foerderung eines Deutschen Forschungsne","en-US","./livestream/master.m3u8","1571485380000","1569888000000",,"Android","9",,"0","1",,"0","0","videojs",,"0","html5","videojs-7.6.0",,"BE","688","414","0","WINDOW","0","rebuffering","hls","1571485395000","2ea30ad9-6742-4d73-ad92-1557ca385f3b","0","43679280","Horus Live","2816","2816","0","Horus Live","0","0","3419","3134",,,,,"web"
"v2.5.4","680","0",,"Firefox Mobile","68","0","0",,"berlin","1571485397000","DE","6de1ca25-5d9a-4072-867c-73c9c5791939","Mozilla/5.0 (Android 9; Mobile; rv:68.0) Gecko/68.0 Firefox/68.0",,,,"cd876e2d-ab55-44e2-bc43-17ccbd5f2e00","1571443200000","Generic Smartphone","panoplay.duckdns.org",,,"0","1930",,,"Festival of Lights - Demo","1571482800000","9696292d-1438-42a3-88ba-71339c549c29","193.175.2.0","false","false","true","Verein zur Foerderung eines Deutschen Forschungsne","en-US","./livestream/master.m3u8","1571485380000","1569888000000",,"Android","9",,"0","1",,"0","1930","videojs",,"0","html5","videojs-7.6.0",,"BE","688","414","0","WINDOW","0","playing","hls","1571485397000","2ea30ad9-6742-4d73-ad92-1557ca385f3b","0","43679280","Horus Live","2816","2816","0","Horus Live","0","0","5330","3419",,,,,"web"
"v2.5.4","680","0",,"Firefox Mobile","68","0","0",,"berlin","1571485398000","DE","6de1ca25-5d9a-4072-867c-73c9c5791939","Mozilla/5.0 (Android 9; Mobile; rv:68.0) Gecko/68.0 Firefox/68.0",,,,"cd876e2d-ab55-44e2-bc43-17ccbd5f2e00","1571443200000","Generic Smartphone","panoplay.duckdns.org",,,"0","1497",,,"Festival of Lights - Demo","1571482800000","9696292d-1438-42a3-88ba-71339c549c29","193.175.2.0","false","false","true","Verein zur Foerderung eines Deutschen Forschungsne","en-US","./livestream/master.m3u8","1571485380000","1569888000000",,"Android","9",,"0","1",,"1497","0","videojs",,"0","html5","videojs-7.6.0",,"BE","688","414","0","WINDOW","0","pause","hls","1571485398000","2ea30ad9-6742-4d73-ad92-1557ca385f3b","0","43679280","Horus Live","2816","2816","0","Horus Live","0","0","5330","5330",,,,,"web"
"v2.5.4","680","0",,"Firefox Mobile","68","0","0",,"berlin","1571485400000","DE","6de1ca25-5d9a-4072-867c-73c9c5791939","Mozilla/5.0 (Android 9; Mobile; rv:68.0) Gecko/68.0 Firefox/68.0",,,,"cd876e2d-ab55-44e2-bc43-17ccbd5f2e00","1571443200000","Generic Smartphone","panoplay.duckdns.org",,,"0","1747",,,"Festival of Lights - Demo","1571482800000","9696292d-1438-42a3-88ba-71339c549c29","193.175.2.0","false","false","true","Verein zur Foerderung eines Deutschen Forschungsne","en-US","./livestream/master.m3u8","1571485380000","1569888000000",,"Android","9",,"0","1",,"0","1747","videojs",,"0","html5","videojs-7.6.0",,"BE","688","414","0","WINDOW","0","playing","hls","1571485400000","2ea30ad9-6742-4d73-ad92-1557ca385f3b","0","43679280","Horus Live","2816","2816","0","Horus Live","0","0","7079","5330",,,,,"web"
"v2.5.4","680","0",,"Firefox Mobile","68","0","249",,"berlin","1571485400000","DE","6de1ca25-5d9a-4072-867c-73c9c5791939","Mozilla/5.0 (Android 9; Mobile; rv:68.0) Gecko/68.0 Firefox/68.0",,,,"cd876e2d-ab55-44e2-bc43-17ccbd5f2e00","1571443200000","Generic Smartphone","panoplay.duckdns.org",,,"0","249",,,"Festival of Lights - Demo","1571482800000","9696292d-1438-42a3-88ba-71339c549c29","193.175.2.0","false","false","true","Verein zur Foerderung eines Deutschen Forschungsne","en-US","./livestream/master.m3u8","1571485380000","1569888000000",,"Android","9",,"0","1",,"0","0","videojs",,"0","html5","videojs-7.6.0",,"BE","688","414","0","WINDOW","0","rebuffering","hls","1571485400000","2ea30ad9-6742-4d73-ad92-1557ca385f3b","0","43679280","Horus Live","2816","2816","0","Horus Live","0","0","7362","7079",,,,,"web"
"v2.5.4","680","0",,"Firefox Mobile","68","0","0",,"berlin","1571485403000","DE","6de1ca25-5d9a-4072-867c-73c9c5791939","Mozilla/5.0 (Android 9; Mobile; rv:68.0) Gecko/68.0 Firefox/68.0",,,,"cd876e2d-ab55-44e2-bc43-17ccbd5f2e00","1571443200000","Generic Smartphone","panoplay.duckdns.org",,,"0","2217",,,"Festival of Lights - Demo","1571482800000","9696292d-1438-42a3-88ba-71339c549c29","193.175.2.0","false","false","true","Verein zur Foerderung eines Deutschen Forschungsne","en-US","./livestream/master.m3u8","1571485380000","1569888000000",,"Android","9",,"0","1",,"0","2217","videojs",,"0","html5","videojs-7.6.0",,"BE","688","414","0","WINDOW","0","playing","hls","1571485403000","2ea30ad9-6742-4d73-ad92-1557ca385f3b","0","43679280","Horus Live","2816","2816","0","Horus Live","0","0","9552","7362",,,,,"web"
"v2.5.4","680","0",,"Firefox Mobile","68","0","0",,"berlin","1571485479000","DE","8ad081b6-dba1-4bcc-9a1d-7d3df00e092e","Mozilla/5.0 (Android 9; Mobile; rv:68.0) Gecko/68.0 Firefox/68.0",,,,"533dafd1-f5e0-4314-965b-1e2474307d5e","1571443200000","Generic Smartphone","panoplay.duckdns.org",,,"0","439",,,"Festival of Lights - Demo","1571482800000","990d10ce-5b7d-414d-be4d-55fd351852e5","193.175.2.0","false","false","true","Verein zur Foerderung eines Deutschen Forschungsne","en-US","./livestream/master.m3u8","1571485440000","1569888000000",,"Android","9",,"2511","1",,"0","0","videojs",,"439","html5","videojs-7.6.0",,"BE","688","414","0","WINDOW","0","setup","hls","1571485479000","b71330e2-cf5e-4920-b747-356a642ab1d4","0","0","Horus Live","0","0","0","Horus Live","0","0","0","0",,,,,"web"
"v2.5.4","680","0",,"Firefox Mobile","68","0","0",,"berlin","1571485482000","DE","8ad081b6-dba1-4bcc-9a1d-7d3df00e092e","Mozilla/5.0 (Android 9; Mobile; rv:68.0) Gecko/68.0 Firefox/68.0",,,,"533dafd1-f5e0-4314-965b-1e2474307d5e","1571443200000","Generic Smartphone","panoplay.duckdns.org",,,"0","6",,,"Festival of Lights - Demo","1571482800000","990d10ce-5b7d-414d-be4d-55fd351852e5","193.175.2.0","false","false","true","Verein zur Foerderung eines Deutschen Forschungsne","en-US","./livestream/master.m3u8","1571485440000","1569888000000",,"Android","9",,"0","1",,"0","6","videojs",,"0","html5","videojs-7.6.0",,"BE","688","414","0","WINDOW","0","playing","hls","1571485482000","b71330e2-cf5e-4920-b747-356a642ab1d4","0","43679302","Horus Live","2816","2816","0","Horus Live","0","0","38725979","38725979",,,,,"web"
"v2.5.4","680","0",,"Firefox Mobile","68","0","0",,"berlin","1571485482000","DE","8ad081b6-dba1-4bcc-9a1d-7d3df00e092e","Mozilla/5.0 (Android 9; Mobile; rv:68.0) Gecko/68.0 Firefox/68.0",,,,"533dafd1-f5e0-4314-965b-1e2474307d5e","1571443200000","Generic Smartphone","panoplay.duckdns.org",,,"0","0",,,"Festival of Lights - Demo","1571482800000","990d10ce-5b7d-414d-be4d-55fd351852e5","193.175.2.0","false","false","true","Verein zur Foerderung eines Deutschen Forschungsne","en-US","./livestream/master.m3u8","1571485440000","1569888000000",,"Android","9",,"0","1",,"0","0","videojs",,"0","html5","videojs-7.6.0",,"BE","688","414","0","WINDOW","0","qualitychange","hls","1571485482000","b71330e2-cf5e-4920-b747-356a642ab1d4","1038489","43679302","Horus Live","2816","2816","0","Horus Live","0","0","38725979","38725979",,,,,"web"
"v2.5.4","680","0",,"Firefox Mobile","68","0","53",,"berlin","1571485482000","DE","8ad081b6-dba1-4bcc-9a1d-7d3df00e092e","Mozilla/5.0 (Android 9; Mobile; rv:68.0) Gecko/68.0 Firefox/68.0",,,,"533dafd1-f5e0-4314-965b-1e2474307d5e","1571443200000","Generic Smartphone","panoplay.duckdns.org",,,"0","53",,,"Festival of Lights - Demo","1571482800000","990d10ce-5b7d-414d-be4d-55fd351852e5","193.175.2.0","false","false","true","Verein zur Foerderung eines Deutschen Forschungsne","en-US","./livestream/master.m3u8","1571485440000","1569888000000",,"Android","9",,"0","1",,"0","0","videojs",,"0","html5","videojs-7.6.0",,"BE","688","414","0","WINDOW","0","rebuffering","hls","1571485482000","b71330e2-cf5e-4920-b747-356a642ab1d4","1038489","43679302","Horus Live","2816","2816","0","Horus Live","0","0","38725979","38725979",,,,,"web"
"v2.5.4","680","0",,"Firefox Mobile","68","0","0",,"berlin","1571485482000","DE","8ad081b6-dba1-4bcc-9a1d-7d3df00e092e","Mozilla/5.0 (Android 9; Mobile; rv:68.0) Gecko/68.0 Firefox/68.0",,,,"533dafd1-f5e0-4314-965b-1e2474307d5e","1571443200000","Generic Smartphone","panoplay.duckdns.org",,,"0","13",,,"Festival of Lights - Demo","1571482800000","990d10ce-5b7d-414d-be4d-55fd351852e5","193.175.2.0","false","false","true","Verein zur Foerderung eines Deutschen Forschungsne","en-US","./livestream/master.m3u8","1571485440000","1569888000000",,"Android","9",,"0","1",,"0","13","videojs",,"0","html5","videojs-7.6.0",,"BE","688","414","0","WINDOW","0","playing","hls","1571485482000","b71330e2-cf5e-4920-b747-356a642ab1d4","1038489","43679302","Horus Live","2816","2816","0","Horus Live","0","0","38725979","38725979",,,,,"web"
"v2.5.4","680","0",,"Firefox Mobile","68","0","0",,"berlin","1571485482000","DE","8ad081b6-dba1-4bcc-9a1d-7d3df00e092e","Mozilla/5.0 (Android 9; Mobile; rv:68.0) Gecko/68.0 Firefox/68.0",,,,"533dafd1-f5e0-4314-965b-1e2474307d5e","1571443200000","Generic Smartphone","panoplay.duckdns.org",,,"0","53",,,"Festival of Lights - Demo","1571482800000","990d10ce-5b7d-414d-be4d-55fd351852e5","193.175.2.0","false","false","true","Verein zur Foerderung eines Deutschen Forschungsne","en-US","./livestream/master.m3u8","1571485440000","1569888000000",,"Android","9",,"0","1",,"0","53","videojs",,"0","html5","videojs-7.6.0",,"BE","688","414","0","WINDOW","0","playing","hls","1571485482000","b71330e2-cf5e-4920-b747-356a642ab1d4","1038489","43679302","Horus Live","2816","2816","0","Horus Live","0","0","38725979","38725979",,,,,"web"
"v2.5.4","680","0","true","Firefox Mobile","68","0","0",,"berlin","1571485482000","DE","8ad081b6-dba1-4bcc-9a1d-7d3df00e092e","Mozilla/5.0 (Android 9; Mobile; rv:68.0) Gecko/68.0 Firefox/68.0",,,,"533dafd1-f5e0-4314-965b-1e2474307d5e","1571443200000","Generic Smartphone","panoplay.duckdns.org",,,"0","2572",,,"Festival of Lights - Demo","1571482800000","990d10ce-5b7d-414d-be4d-55fd351852e5","193.175.2.0","false","false","true","Verein zur Foerderung eines Deutschen Forschungsne","en-US","./livestream/master.m3u8","1571485440000","1569888000000",,"Android","9",,"0","1",,"0","0","videojs",,"0","html5","videojs-7.6.0",,"BE","688","414","0","WINDOW","3011","startup","hls","1571485482000","b71330e2-cf5e-4920-b747-356a642ab1d4","0","43679302","Horus Live","2816","2816","2572","Horus Live","0","0","38725979","0",,,,,"web"
"v2.5.4","680","0",,"Firefox Mobile","68","0","0",,"berlin","1571485482000","DE","8ad081b6-dba1-4bcc-9a1d-7d3df00e092e","Mozilla/5.0 (Android 9; Mobile; rv:68.0) Gecko/68.0 Firefox/68.0",,,,"533dafd1-f5e0-4314-965b-1e2474307d5e","1571443200000","Generic Smartphone","panoplay.duckdns.org",,,"0","101",,,"Festival of Lights - Demo","1571482800000","990d10ce-5b7d-414d-be4d-55fd351852e5","193.175.2.0","false","false","true","Verein zur Foerderung eines Deutschen Forschungsne","en-US","./livestream/master.m3u8","1571485440000","1569888000000",,"Android","9",,"0","1",,"0","101","videojs",,"0","html5","videojs-7.6.0",,"BE","688","414","0","WINDOW","0","playing","hls","1571485482000","b71330e2-cf5e-4920-b747-356a642ab1d4","1038489","43679302","Horus Live","2816","2816","0","Horus Live","0","0","38725979","38725979",,,,,"web"
"v2.5.4","680","0",,"Firefox Mobile","68","0","0",,"berlin","1571485482000","DE","8ad081b6-dba1-4bcc-9a1d-7d3df00e092e","Mozilla/5.0 (Android 9; Mobile; rv:68.0) Gecko/68.0 Firefox/68.0",,,,"533dafd1-f5e0-4314-965b-1e2474307d5e","1571443200000","Generic Smartphone","panoplay.duckdns.org",,,"0","15",,,"Festival of Lights - Demo","1571482800000","990d10ce-5b7d-414d-be4d-55fd351852e5","193.175.2.0","false","false","true","Verein zur Foerderung eines Deutschen Forschungsne","en-US","./livestream/master.m3u8","1571485440000","1569888000000",,"Android","9",,"0","1",,"15","0","videojs",,"0","html5","videojs-7.6.0",,"BE","688","414","0","WINDOW","0","pause","hls","1571485482000","b71330e2-cf5e-4920-b747-356a642ab1d4","1038489","43679302","Horus Live","2816","2816","0","Horus Live","0","0","38725979","38725979",,,,,"web"
"v2.5.4","680","0",,"Firefox Mobile","68","0","0",,"berlin","1571485482000","DE","8ad081b6-dba1-4bcc-9a1d-7d3df00e092e","Mozilla/5.0 (Android 9; Mobile; rv:68.0) Gecko/68.0 Firefox/68.0",,,,"533dafd1-f5e0-4314-965b-1e2474307d5e","1571443200000","Generic Smartphone","panoplay.duckdns.org",,,"0","6",,,"Festival of Lights - Demo","1571482800000","990d10ce-5b7d-414d-be4d-55fd351852e5","193.175.2.0","false","false","true","Verein zur Foerderung eines Deutschen Forschungsne","en-US","./livestream/master.m3u8","1571485440000","1569888000000",,"Android","9",,"0","1",,"0","6","videojs",,"0","html5","videojs-7.6.0",,"BE","688","414","0","WINDOW","0","playing","hls","1571485482000","b71330e2-cf5e-4920-b747-356a642ab1d4","1038489","43679302","Horus Live","2816","2816","0","Horus Live","0","0","38725979","38725979",,,,,"web"
"v2.5.4","680","0",,"Firefox Mobile","68","0","0",,"berlin","1571485482000","DE","8ad081b6-dba1-4bcc-9a1d-7d3df00e092e","Mozilla/5.0 (Android 9; Mobile; rv:68.0) Gecko/68.0 Firefox/68.0",,,,"533dafd1-f5e0-4314-965b-1e2474307d5e","1571443200000","Generic Smartphone","panoplay.duckdns.org",,,"0","21",,,"Festival of Lights - Demo","1571482800000","990d10ce-5b7d-414d-be4d-55fd351852e5","193.175.2.0","false","false","true","Verein zur Foerderung eines Deutschen Forschungsne","en-US","./livestream/master.m3u8","1571485440000","1569888000000",,"Android","9",,"0","1",,"21","0","videojs",,"0","html5","videojs-7.6.0",,"BE","688","414","0","WINDOW","0","pause","hls","1571485482000","b71330e2-cf5e-4920-b747-356a642ab1d4","1038489","43679302","Horus Live","2816","2816","0","Horus Live","0","0","38725979","38725979",,,,,"web"
"v2.5.4","680","0",,"Firefox Mobile","68","0","1327",,"berlin","1571485483000","DE","8ad081b6-dba1-4bcc-9a1d-7d3df00e092e","Mozilla/5.0 (Android 9; Mobile; rv:68.0) Gecko/68.0 Firefox/68.0",,,,"533dafd1-f5e0-4314-965b-1e2474307d5e","1571443200000","Generic Smartphone","panoplay.duckdns.org",,,"0","1327",,,"Festival of Lights - Demo","1571482800000","990d10ce-5b7d-414d-be4d-55fd351852e5","193.175.2.0","false","false","true","Verein zur Foerderung eines Deutschen Forschungsne","en-US","./livestream/master.m3u8","1571485440000","1569888000000",,"Android","9",,"0","1",,"0","0","videojs",,"0","html5","videojs-7.6.0",,"BE","688","414","0","WINDOW","0","rebuffering","hls","1571485483000","b71330e2-cf5e-4920-b747-356a642ab1d4","1038489","43679302","Horus Live","2816","2816","0","Horus Live","0","0","38725979","38725979",,,,,"web"
"v2.5.4","680","0",,"Firefox Mobile","68","0","0",,"berlin","1571485488000","DE","8ad081b6-dba1-4bcc-9a1d-7d3df00e092e","Mozilla/5.0 (Android 9; Mobile; rv:68.0) Gecko/68.0 Firefox/68.0",,,,"533dafd1-f5e0-4314-965b-1e2474307d5e","1571443200000","Generic Smartphone","panoplay.duckdns.org",,,"0","5404",,,"Festival of Lights - Demo","1571482800000","990d10ce-5b7d-414d-be4d-55fd351852e5","193.175.2.0","false","false","true","Verein zur Foerderung eines Deutschen Forschungsne","en-US","./livestream/master.m3u8","1571485440000","1569888000000",,"Android","9",,"0","1",,"0","5404","videojs",,"0","html5","videojs-7.6.0",,"BE","688","414","0","WINDOW","0","playing","hls","1571485488000","b71330e2-cf5e-4920-b747-356a642ab1d4","1038489","43679302","Horus Live","2816","2816","0","Horus Live","0","0","38731311","38725979",,,,,"web"
"v2.5.4","680","0",,"Firefox Mobile","68","0","0",,"berlin","1571485489000","DE","8ad081b6-dba1-4bcc-9a1d-7d3df00e092e","Mozilla/5.0 (Android 9; Mobile; rv:68.0) Gecko/68.0 Firefox/68.0",,,,"533dafd1-f5e0-4314-965b-1e2474307d5e","1571443200000","Generic Smartphone","panoplay.duckdns.org",,,"0","0",,,"Festival of Lights - Demo","1571482800000","990d10ce-5b7d-414d-be4d-55fd351852e5","193.175.2.0","false","false","true","Verein zur Foerderung eines Deutschen Forschungsne","en-US","./livestream/master.m3u8","1571485440000","1569888000000",,"Android","9",,"0","1",,"0","0","videojs",,"0","html5","videojs-7.6.0",,"BE","688","414","0","WINDOW","0","qualitychange","hls","1571485489000","b71330e2-cf5e-4920-b747-356a642ab1d4","8000000","43679302","Horus Live","2816","2816","0","Horus Live","0","0","38731311","38731311",,,,,"web"
"v2.5.4","680","0",,"Firefox Mobile","68","0","0",,"berlin","1571485493000","DE","8ad081b6-dba1-4bcc-9a1d-7d3df00e092e","Mozilla/5.0 (Android 9; Mobile; rv:68.0) Gecko/68.0 Firefox/68.0",,,,"533dafd1-f5e0-4314-965b-1e2474307d5e","1571443200000","Generic Smartphone","panoplay.duckdns.org",,,"0","4253",,,"Festival of Lights - Demo","1571482800000","990d10ce-5b7d-414d-be4d-55fd351852e5","193.175.2.0","false","false","true","Verein zur Foerderung eines Deutschen Forschungsne","en-US","./livestream/master.m3u8","1571485440000","1569888000000",,"Android","9",,"0","1",,"0","4253","videojs",,"0","html5","videojs-7.6.0",,"BE","688","414","0","WINDOW","0","playing","hls","1571485493000","b71330e2-cf5e-4920-b747-356a642ab1d4","8000000","43679302","Horus Live","2816","2816","0","Horus Live","0","0","38735630","38731311",,,,,"web"
"v2.5.4","680","0",,"Firefox Mobile","68","0","0",,"berlin","1571485541000","DE","8ad081b6-dba1-4bcc-9a1d-7d3df00e092e","Mozilla/5.0 (Android 9; Mobile; rv:68.0) Gecko/68.0 Firefox/68.0",,,,"533dafd1-f5e0-4314-965b-1e2474307d5e","1571443200000","Generic Smartphone","panoplay.duckdns.org",,,"0","48376",,,"Festival of Lights - Demo","1571482800000","990d10ce-5b7d-414d-be4d-55fd351852e5","193.175.2.0","false","false","true","Verein zur Foerderung eines Deutschen Forschungsne","en-US","./livestream/master.m3u8","1571485500000","1569888000000",,"Android","9",,"0","1",,"48376","0","videojs",,"0","html5","videojs-7.6.0",,"BE","688","414","0","FULLSCREEN","0","pause","hls","1571485541000","b71330e2-cf5e-4920-b747-356a642ab1d4","8000000","43679302","Horus Live","2816","2816","0","Horus Live","0","0","38735630","38735630",,,,,"web"
"v2.5.4","680","0",,"Firefox Mobile","68","0","0",,"berlin","1571485545000","DE","8ad081b6-dba1-4bcc-9a1d-7d3df00e092e","Mozilla/5.0 (Android 9; Mobile; rv:68.0) Gecko/68.0 Firefox/68.0",,,,"533dafd1-f5e0-4314-965b-1e2474307d5e","1571443200000","Generic Smartphone","panoplay.duckdns.org",,,"0","3285",,,"Festival of Lights - Demo","1571482800000","990d10ce-5b7d-414d-be4d-55fd351852e5","193.175.2.0","false","false","true","Verein zur Foerderung eines Deutschen Forschungsne","en-US","./livestream/master.m3u8","1571485500000","1569888000000",,"Android","9",,"0","1",,"0","3285","videojs",,"0","html5","videojs-7.6.0",,"BE","688","414","0","FULLSCREEN","0","playing","hls","1571485545000","b71330e2-cf5e-4920-b747-356a642ab1d4","8000000","43679302","Horus Live","2816","2816","0","Horus Live","0","0","38738109","38735630",,,,,"web"
"v2.5.4","680","0",,"Firefox Mobile","68","0","0",,"berlin","1571485550000","DE","8ad081b6-dba1-4bcc-9a1d-7d3df00e092e","Mozilla/5.0 (Android 9; Mobile; rv:68.0) Gecko/68.0 Firefox/68.0",,,,"533dafd1-f5e0-4314-965b-1e2474307d5e","1571443200000","Generic Smartphone","panoplay.duckdns.org",,,"0","6042",,,"Festival of Lights - Demo","1571482800000","990d10ce-5b7d-414d-be4d-55fd351852e5","193.175.2.0","false","false","true","Verein zur Foerderung eines Deutschen Forschungsne","en-US","./livestream/master.m3u8","1571485500000","1569888000000",,"Android","9",,"0","1",,"6042","0","videojs",,"0","html5","videojs-7.6.0",,"BE","414","688","0","WINDOW","0","pause","hls","1571485550000","b71330e2-cf5e-4920-b747-356a642ab1d4","8000000","43679302","Horus Live","2816","2816","0","Horus Live","0","0","38738109","38738109",,,,,"web"
"v2.5.4","680","0",,"Firefox Mobile","68","0","0",,"berlin","1571485554000","DE","8ad081b6-dba1-4bcc-9a1d-7d3df00e092e","Mozilla/5.0 (Android 9; Mobile; rv:68.0) Gecko/68.0 Firefox/68.0",,,,"533dafd1-f5e0-4314-965b-1e2474307d5e","1571443200000","Generic Smartphone","panoplay.duckdns.org",,,"0","3836",,,"Festival of Lights - Demo","1571482800000","990d10ce-5b7d-414d-be4d-55fd351852e5","193.175.2.0","false","false","true","Verein zur Foerderung eines Deutschen Forschungsne","en-US","./livestream/master.m3u8","1571485500000","1569888000000",,"Android","9",,"0","1",,"0","3836","videojs",,"0","html5","videojs-7.6.0",,"BE","414","688","0","WINDOW","0","playing","hls","1571485554000","b71330e2-cf5e-4920-b747-356a642ab1d4","8000000","43679302","Horus Live","2816","2816","0","Horus Live","0","0","38741383","38738109",,,,,"web"
"v2.5.4","680","0",,"Firefox Mobile","68","0","0",,"berlin","1571485557000","DE","8ad081b6-dba1-4bcc-9a1d-7d3df00e092e","Mozilla/5.0 (Android 9; Mobile; rv:68.0) Gecko/68.0 Firefox/68.0",,,,"533dafd1-f5e0-4314-965b-1e2474307d5e","1571443200000","Generic Smartphone","panoplay.duckdns.org",,,"0","2370",,,"Festival of Lights - Demo","1571482800000","990d10ce-5b7d-414d-be4d-55fd351852e5","193.175.2.0","false","false","true","Verein zur Foerderung eines Deutschen Forschungsne","en-US","./livestream/master.m3u8","1571485500000","1569888000000",,"Android","9",,"0","1",,"2370","0","videojs",,"0","html5","videojs-7.6.0",,"BE","414","688","0","WINDOW","0","pause","hls","1571485557000","b71330e2-cf5e-4920-b747-356a642ab1d4","8000000","43679302","Horus Live","2816","2816","0","Horus Live","0","0","38741383","38741383",,,,,"web"
"v2.5.4","680","0",,"Firefox Mobile","68","0","0",,"berlin","1571485563000","DE","8ad081b6-dba1-4bcc-9a1d-7d3df00e092e","Mozilla/5.0 (Android 9; Mobile; rv:68.0) Gecko/68.0 Firefox/68.0",,,,"533dafd1-f5e0-4314-965b-1e2474307d5e","1571443200000","Generic Smartphone","panoplay.duckdns.org",,,"0","6703",,,"Festival of Lights - Demo","1571482800000","990d10ce-5b7d-414d-be4d-55fd351852e5","193.175.2.0","false","false","true","Verein zur Foerderung eines Deutschen Forschungsne","en-US","./livestream/master.m3u8","1571485560000","1569888000000",,"Android","9",,"0","1",,"0","6703","videojs",,"0","html5","videojs-7.6.0",,"BE","414","688","0","WINDOW","0","playing","hls","1571485563000","b71330e2-cf5e-4920-b747-356a642ab1d4","8000000","43679302","Horus Live","2816","2816","0","Horus Live","0","0","38748118","38741383",,,,,"web"
"v2.5.4","680","0",,"Firefox Mobile","68","0","0",,"berlin","1571485565000","DE","8ad081b6-dba1-4bcc-9a1d-7d3df00e092e","Mozilla/5.0 (Android 9; Mobile; rv:68.0) Gecko/68.0 Firefox/68.0",,,,"533dafd1-f5e0-4314-965b-1e2474307d5e","1571443200000","Generic Smartphone","panoplay.duckdns.org",,,"0","1973",,,"Festival of Lights - Demo","1571482800000","990d10ce-5b7d-414d-be4d-55fd351852e5","193.175.2.0","false","false","true","Verein zur Foerderung eines Deutschen Forschungsne","en-US","./livestream/master.m3u8","1571485560000","1569888000000",,"Android","9",,"0","1",,"1973","0","videojs",,"0","html5","videojs-7.6.0",,"BE","414","688","0","WINDOW","0","pause","hls","1571485565000","b71330e2-cf5e-4920-b747-356a642ab1d4","8000000","43679302","Horus Live","2816","2816","0","Horus Live","0","0","38748118","38748118",,,,,"web"
"v2.5.4","680","0",,"Firefox Mobile","68","0","0",,"berlin","1571485574000","DE","8ad081b6-dba1-4bcc-9a1d-7d3df00e092e","Mozilla/5.0 (Android 9; Mobile; rv:68.0) Gecko/68.0 Firefox/68.0",,,,"533dafd1-f5e0-4314-965b-1e2474307d5e","1571443200000","Generic Smartphone","panoplay.duckdns.org",,,"0","8412",,,"Festival of Lights - Demo","1571482800000","990d10ce-5b7d-414d-be4d-55fd351852e5","193.175.2.0","false","false","true","Verein zur Foerderung eines Deutschen Forschungsne","en-US","./livestream/master.m3u8","1571485560000","1569888000000",,"Android","9",,"0","1",,"0","8412","videojs",,"0","html5","videojs-7.6.0",,"BE","414","688","0","WINDOW","0","playing","hls","1571485574000","b71330e2-cf5e-4920-b747-356a642ab1d4","8000000","43679302","Horus Live","2816","2816","0","Horus Live","0","0","38756501","38748118",,,,,"web"
"v2.5.4","680","0",,"Firefox Mobile","68","0","0",,"berlin","1571485575000","DE","8ad081b6-dba1-4bcc-9a1d-7d3df00e092e","Mozilla/5.0 (Android 9; Mobile; rv:68.0) Gecko/68.0 Firefox/68.0",,,,"533dafd1-f5e0-4314-965b-1e2474307d5e","1571443200000","Generic Smartphone","panoplay.duckdns.org",,,"0","692",,,"Festival of Lights - Demo","1571482800000","990d10ce-5b7d-414d-be4d-55fd351852e5","193.175.2.0","false","false","true","Verein zur Foerderung eines Deutschen Forschungsne","en-US","./livestream/master.m3u8","1571485560000","1569888000000",,"Android","9",,"0","1",,"0","692","videojs",,"0","html5","videojs-7.6.0",,"BE","414","688","0","WINDOW","0","playing","hls","1571485575000","b71330e2-cf5e-4920-b747-356a642ab1d4","8000000","43679302","Horus Live","2816","2816","0","Horus Live","0","0","38757113","38756542",,,,,"web"
"v2.5.4","680","0",,"Firefox Mobile","68","0","0",,"berlin","1571485575000","DE","8ad081b6-dba1-4bcc-9a1d-7d3df00e092e","Mozilla/5.0 (Android 9; Mobile; rv:68.0) Gecko/68.0 Firefox/68.0",,,,"533dafd1-f5e0-4314-965b-1e2474307d5e","1571443200000","Generic Smartphone","panoplay.duckdns.org",,,"0","726",,,"Festival of Lights - Demo","1571482800000","990d10ce-5b7d-414d-be4d-55fd351852e5","193.175.2.0","false","false","true","Verein zur Foerderung eines Deutschen Forschungsne","en-US","./livestream/master.m3u8","1571485560000","1569888000000",,"Android","9",,"0","1",,"726","0","videojs",,"0","html5","videojs-7.6.0",,"BE","414","688","0","WINDOW","0","pause","hls","1571485575000","b71330e2-cf5e-4920-b747-356a642ab1d4","8000000","43679302","Horus Live","2816","2816","0","Horus Live","0","0","38756542","38756501",,,,,"web"
"v2.5.4","680","0",,"Firefox Mobile","68","0","0",,"berlin","1571485576000","DE","8ad081b6-dba1-4bcc-9a1d-7d3df00e092e","Mozilla/5.0 (Android 9; Mobile; rv:68.0) Gecko/68.0 Firefox/68.0",,,,"533dafd1-f5e0-4314-965b-1e2474307d5e","1571443200000","Generic Smartphone","panoplay.duckdns.org",,,"0","613",,,"Festival of Lights - Demo","1571482800000","990d10ce-5b7d-414d-be4d-55fd351852e5","193.175.2.0","false","false","true","Verein zur Foerderung eines Deutschen Forschungsne","en-US","./livestream/master.m3u8","1571485560000","1569888000000",,"Android","9",,"0","1",,"0","613","videojs",,"0","html5","videojs-7.6.0",,"BE","414","688","0","WINDOW","0","playing","hls","1571485576000","b71330e2-cf5e-4920-b747-356a642ab1d4","8000000","43679302","Horus Live","2816","2816","0","Horus Live","0","0","38757808","38757235",,,,,"web"
"v2.5.4","680","0",,"Firefox Mobile","68","0","0",,"berlin","1571485576000","DE","8ad081b6-dba1-4bcc-9a1d-7d3df00e092e","Mozilla/5.0 (Android 9; Mobile; rv:68.0) Gecko/68.0 Firefox/68.0",,,,"533dafd1-f5e0-4314-965b-1e2474307d5e","1571443200000","Generic Smartphone","panoplay.duckdns.org",,,"0","720",,,"Festival of Lights - Demo","1571482800000","990d10ce-5b7d-414d-be4d-55fd351852e5","193.175.2.0","false","false","true","Verein zur Foerderung eines Deutschen Forschungsne","en-US","./livestream/master.m3u8","1571485560000","1569888000000",,"Android","9",,"0","1",,"720","0","videojs",,"0","html5","videojs-7.6.0",,"BE","414","688","0","WINDOW","0","pause","hls","1571485576000","b71330e2-cf5e-4920-b747-356a642ab1d4","8000000","43679302","Horus Live","2816","2816","0","Horus Live","0","0","38757235","38757113",,,,,"web"
"v2.5.4","680","0",,"Firefox Mobile","68","0","0",,"berlin","1571485637000","DE","8ad081b6-dba1-4bcc-9a1d-7d3df00e092e","Mozilla/5.0 (Android 9; Mobile; rv:68.0) Gecko/68.0 Firefox/68.0",,,,"533dafd1-f5e0-4314-965b-1e2474307d5e","1571443200000","Generic Smartphone","panoplay.duckdns.org",,,"0","248",,,"Festival of Lights - Demo","1571482800000","990d10ce-5b7d-414d-be4d-55fd351852e5","193.175.2.0","false","false","true","Verein zur Foerderung eines Deutschen Forschungsne","en-US","./livestream/master.m3u8","1571485620000","1569888000000",,"Android","9",,"0","1",,"0","248","videojs",,"0","html5","videojs-7.6.0",,"BE","414","688","0","WINDOW","0","playing","hls","1571485637000","b71330e2-cf5e-4920-b747-356a642ab1d4","8000000","43679302","Horus Live","2816","2816","0","Horus Live","0","0","38757848","38757848",,,,,"web"
"v2.5.4","680","0",,"Firefox Mobile","68","0","0",,"berlin","1571485637000","DE","8ad081b6-dba1-4bcc-9a1d-7d3df00e092e","Mozilla/5.0 (Android 9; Mobile; rv:68.0) Gecko/68.0 Firefox/68.0",,,,"533dafd1-f5e0-4314-965b-1e2474307d5e","1571443200000","Generic Smartphone","panoplay.duckdns.org",,,"0","60639",,,"Festival of Lights - Demo","1571482800000","990d10ce-5b7d-414d-be4d-55fd351852e5","193.175.2.0","false","false","true","Verein zur Foerderung eines Deutschen Forschungsne","en-US","./livestream/master.m3u8","1571485620000","1569888000000",,"Android","9",,"0","1",,"60639","0","videojs",,"0","html5","videojs-7.6.0",,"BE","414","688","0","WINDOW","0","pause","hls","1571485637000","b71330e2-cf5e-4920-b747-356a642ab1d4","8000000","43679302","Horus Live","2816","2816","0","Horus Live","0","0","38757848","38757808",,,,,"web"
"v2.5.4","680","0",,"Firefox Mobile","68","0","0",,"berlin","1571485638000","DE","8ad081b6-dba1-4bcc-9a1d-7d3df00e092e","Mozilla/5.0 (Android 9; Mobile; rv:68.0) Gecko/68.0 Firefox/68.0",,,,"533dafd1-f5e0-4314-965b-1e2474307d5e","1571443200000","Generic Smartphone","panoplay.duckdns.org",,,"0","192",,,"Festival of Lights - Demo","1571482800000","990d10ce-5b7d-414d-be4d-55fd351852e5","193.175.2.0","false","false","true","Verein zur Foerderung eines Deutschen Forschungsne","en-US","./livestream/master.m3u8","1571485620000","1569888000000",,"Android","9",,"0","1",,"0","192","videojs",,"0","html5","videojs-7.6.0",,"BE","414","688","0","WINDOW","0","playing","hls","1571485638000","b71330e2-cf5e-4920-b747-356a642ab1d4","8000000","43679302","Horus Live","2816","2816","0","Horus Live","0","0","38758011","38757848",,,,,"web"
"v2.5.4","680","0",,"Firefox Mobile","68","0","0",,"berlin","1571485638000","DE","8ad081b6-dba1-4bcc-9a1d-7d3df00e092e","Mozilla/5.0 (Android 9; Mobile; rv:68.0) Gecko/68.0 Firefox/68.0",,,,"533dafd1-f5e0-4314-965b-1e2474307d5e","1571443200000","Generic Smartphone","panoplay.duckdns.org",,,"0","488",,,"Festival of Lights - Demo","1571482800000","990d10ce-5b7d-414d-be4d-55fd351852e5","193.175.2.0","false","false","true","Verein zur Foerderung eines Deutschen Forschungsne","en-US","./livestream/master.m3u8","1571485620000","1569888000000",,"Android","9",,"0","1",,"488","0","videojs",,"0","html5","videojs-7.6.0",,"BE","414","688","0","WINDOW","0","pause","hls","1571485638000","b71330e2-cf5e-4920-b747-356a642ab1d4","8000000","43679302","Horus Live","2816","2816","0","Horus Live","0","0","38757848","38757848",,,,,"web"
"v2.5.4","680","0",,"Firefox Mobile","68","0","0",,"berlin","1571485639000","DE","8ad081b6-dba1-4bcc-9a1d-7d3df00e092e","Mozilla/5.0 (Android 9; Mobile; rv:68.0) Gecko/68.0 Firefox/68.0",,,,"533dafd1-f5e0-4314-965b-1e2474307d5e","1571443200000","Generic Smartphone","panoplay.duckdns.org",,,"0","186",,,"Festival of Lights - Demo","1571482800000","990d10ce-5b7d-414d-be4d-55fd351852e5","193.175.2.0","false","false","true","Verein zur Foerderung eines Deutschen Forschungsne","en-US","./livestream/master.m3u8","1571485620000","1569888000000",,"Android","9",,"0","1",,"0","186","videojs",,"0","html5","videojs-7.6.0",,"BE","414","688","0","WINDOW","0","playing","hls","1571485639000","b71330e2-cf5e-4920-b747-356a642ab1d4","8000000","43679302","Horus Live","2816","2816","0","Horus Live","0","0","38758218","38758011",,,,,"web"
"v2.5.4","680","0",,"Firefox Mobile","68","0","0",,"berlin","1571485639000","DE","8ad081b6-dba1-4bcc-9a1d-7d3df00e092e","Mozilla/5.0 (Android 9; Mobile; rv:68.0) Gecko/68.0 Firefox/68.0",,,,"533dafd1-f5e0-4314-965b-1e2474307d5e","1571443200000","Generic Smartphone","panoplay.duckdns.org",,,"0","524",,,"Festival of Lights - Demo","1571482800000","990d10ce-5b7d-414d-be4d-55fd351852e5","193.175.2.0","false","false","true","Verein zur Foerderung eines Deutschen Forschungsne","en-US","./livestream/master.m3u8","1571485620000","1569888000000",,"Android","9",,"0","1",,"524","0","videojs",,"0","html5","videojs-7.6.0",,"BE","414","688","0","WINDOW","0","pause","hls","1571485639000","b71330e2-cf5e-4920-b747-356a642ab1d4","8000000","43679302","Horus Live","2816","2816","0","Horus Live","0","0","38758011","38758011",,,,,"web"
"v2.5.4","680","0",,"Firefox Mobile","68","0","0",,"berlin","1571485640000","DE","8ad081b6-dba1-4bcc-9a1d-7d3df00e092e","Mozilla/5.0 (Android 9; Mobile; rv:68.0) Gecko/68.0 Firefox/68.0",,,,"533dafd1-f5e0-4314-965b-1e2474307d5e","1571443200000","Generic Smartphone","panoplay.duckdns.org",,,"0","185",,,"Festival of Lights - Demo","1571482800000","990d10ce-5b7d-414d-be4d-55fd351852e5","193.175.2.0","false","false","true","Verein zur Foerderung eines Deutschen Forschungsne","en-US","./livestream/master.m3u8","1571485620000","1569888000000",,"Android","9",,"0","1",,"0","185","videojs",,"0","html5","videojs-7.6.0",,"BE","414","688","0","WINDOW","0","playing","hls","1571485640000","b71330e2-cf5e-4920-b747-356a642ab1d4","8000000","43679302","Horus Live","2816","2816","0","Horus Live","0","0","38758422","38758218",,,,,"web"
"v2.5.4","680","0",,"Firefox Mobile","68","0","0",,"berlin","1571485640000","DE","8ad081b6-dba1-4bcc-9a1d-7d3df00e092e","Mozilla/5.0 (Android 9; Mobile; rv:68.0) Gecko/68.0 Firefox/68.0",,,,"533dafd1-f5e0-4314-965b-1e2474307d5e","1571443200000","Generic Smartphone","panoplay.duckdns.org",,,"0","1131",,,"Festival of Lights - Demo","1571482800000","990d10ce-5b7d-414d-be4d-55fd351852e5","193.175.2.0","false","false","true","Verein zur Foerderung eines Deutschen Forschungsne","en-US","./livestream/master.m3u8","1571485620000","1569888000000",,"Android","9",,"0","1",,"1131","0","videojs",,"0","html5","videojs-7.6.0",,"BE","414","688","0","WINDOW","0","pause","hls","1571485640000","b71330e2-cf5e-4920-b747-356a642ab1d4","8000000","43679302","Horus Live","2816","2816","0","Horus Live","0","0","38758218","38758218",,,,,"web"
"v2.5.4","680","0",,"Firefox Mobile","68","0","0",,"berlin","1571485641000","DE","8ad081b6-dba1-4bcc-9a1d-7d3df00e092e","Mozilla/5.0 (Android 9; Mobile; rv:68.0) Gecko/68.0 Firefox/68.0",,,,"533dafd1-f5e0-4314-965b-1e2474307d5e","1571443200000","Generic Smartphone","panoplay.duckdns.org",,,"0","649",,,"Festival of Lights - Demo","1571482800000","990d10ce-5b7d-414d-be4d-55fd351852e5","193.175.2.0","false","false","true","Verein zur Foerderung eines Deutschen Forschungsne","en-US","./livestream/master.m3u8","1571485620000","1569888000000",,"Android","9",,"0","1",,"649","0","videojs",,"0","html5","videojs-7.6.0",,"BE","414","688","0","WINDOW","0","pause","hls","1571485641000","b71330e2-cf5e-4920-b747-356a642ab1d4","8000000","43679302","Horus Live","2816","2816","0","Horus Live","0","0","38758422","38758422",,,,,"web"
"v2.5.4","680","0",,"Firefox Mobile","68","0","0",,"berlin","1571485646000","DE","8ad081b6-dba1-4bcc-9a1d-7d3df00e092e","Mozilla/5.0 (Android 9; Mobile; rv:68.0) Gecko/68.0 Firefox/68.0",,,,"533dafd1-f5e0-4314-965b-1e2474307d5e","1571443200000","Generic Smartphone","panoplay.duckdns.org",,,"0","4983",,,"Festival of Lights - Demo","1571482800000","990d10ce-5b7d-414d-be4d-55fd351852e5","193.175.2.0","false","false","true","Verein zur Foerderung eines Deutschen Forschungsne","en-US","./livestream/master.m3u8","1571485620000","1569888000000",,"Android","9",,"0","1",,"0","4983","videojs",,"0","html5","videojs-7.6.0",,"BE","414","688","0","WINDOW","0","playing","hls","1571485646000","b71330e2-cf5e-4920-b747-356a642ab1d4","8000000","43679302","Horus Live","2816","2816","0","Horus Live","0","0","38763365","38758422",,,,,"web"
"v2.5.4","680","0",,"Firefox Mobile","68","0","0",,"berlin","1571485646000","DE","8ad081b6-dba1-4bcc-9a1d-7d3df00e092e","Mozilla/5.0 (Android 9; Mobile; rv:68.0) Gecko/68.0 Firefox/68.0",,,,"533dafd1-f5e0-4314-965b-1e2474307d5e","1571443200000","Generic Smartphone","panoplay.duckdns.org",,,"0","0",,,"Festival of Lights - Demo","1571482800000","990d10ce-5b7d-414d-be4d-55fd351852e5","193.175.2.0","false","false","true","Verein zur Foerderung eines Deutschen Forschungsne","en-US","./livestream/master.m3u8","1571485620000","1569888000000",,"Android","9",,"0","1",,"0","0","videojs",,"0","html5","videojs-7.6.0",,"BE","414","688","0","WINDOW","0","qualitychange","hls","1571485646000","b71330e2-cf5e-4920-b747-356a642ab1d4","6000000","43679302","Horus Live","2816","2816","0","Horus Live","0","0","38763365","38763365",,,,,"web"
"v2.5.4","680","0",,"Firefox Mobile","68","0","0",,"berlin","1571485647000","DE","8ad081b6-dba1-4bcc-9a1d-7d3df00e092e","Mozilla/5.0 (Android 9; Mobile; rv:68.0) Gecko/68.0 Firefox/68.0",,,,"533dafd1-f5e0-4314-965b-1e2474307d5e","1571443200000","Generic Smartphone","panoplay.duckdns.org",,,"0","0",,,"Festival of Lights - Demo","1571482800000","990d10ce-5b7d-414d-be4d-55fd351852e5","193.175.2.0","false","false","true","Verein zur Foerderung eines Deutschen Forschungsne","en-US","./livestream/master.m3u8","1571485620000","1569888000000",,"Android","9",,"0","1",,"0","0","videojs",,"0","html5","videojs-7.6.0",,"BE","414","688","0","WINDOW","0","qualitychange","hls","1571485647000","b71330e2-cf5e-4920-b747-356a642ab1d4","8000000","43679302","Horus Live","2816","2816","0","Horus Live","0","0","38765060","38765060",,,,,"web"
"v2.5.4","680","0",,"Firefox Mobile","68","0","0",,"berlin","1571485647000","DE","8ad081b6-dba1-4bcc-9a1d-7d3df00e092e","Mozilla/5.0 (Android 9; Mobile; rv:68.0) Gecko/68.0 Firefox/68.0",,,,"533dafd1-f5e0-4314-965b-1e2474307d5e","1571443200000","Generic Smartphone","panoplay.duckdns.org",,,"0","1619",,,"Festival of Lights - Demo","1571482800000","990d10ce-5b7d-414d-be4d-55fd351852e5","193.175.2.0","false","false","true","Verein zur Foerderung eines Deutschen Forschungsne","en-US","./livestream/master.m3u8","1571485620000","1569888000000",,"Android","9",,"0","1",,"0","1619","videojs",,"0","html5","videojs-7.6.0",,"BE","414","688","0","WINDOW","0","playing","hls","1571485647000","b71330e2-cf5e-4920-b747-356a642ab1d4","6000000","43679302","Horus Live","2816","2816","0","Horus Live","0","0","38765060","38763365",,,,,"web"
"v2.5.4","680","0",,"Firefox Mobile","68","0","0",,"berlin","1571485651000","DE","8ad081b6-dba1-4bcc-9a1d-7d3df00e092e","Mozilla/5.0 (Android 9; Mobile; rv:68.0) Gecko/68.0 Firefox/68.0",,,,"533dafd1-f5e0-4314-965b-1e2474307d5e","1571443200000","Generic Smartphone","panoplay.duckdns.org",,,"0","2907",,,"Festival of Lights - Demo","1571482800000","990d10ce-5b7d-414d-be4d-55fd351852e5","193.175.2.0","false","false","true","Verein zur Foerderung eines Deutschen Forschungsne","en-US","./livestream/master.m3u8","1571485620000","1569888000000",,"Android","9",,"0","1",,"0","2907","videojs",,"0","html5","videojs-7.6.0",,"BE","414","688","0","WINDOW","0","playing","hls","1571485651000","b71330e2-cf5e-4920-b747-356a642ab1d4","8000000","43679302","Horus Live","2816","2816","0","Horus Live","0","0","38767945","38765060",,,,,"web"
"v2.5.4","680","0",,"Chrome Mobile","77","0","0",,"berlin","1571485691000","DE","6c55bd2f-dfb4-47dc-92c1-40b74752e2f9","Mozilla/5.0 (Linux; Android 9; Nokia 6.1) AppleWebKit/537.36 (KHTML, like Gecko) Chrome/77.0.3865.116 Mobile Safari/537.36",,,,"b078ba57-f5c6-4cc1-a8d6-bb2bf8d83c14","1571443200000","Nokia 6","panoplay.duckdns.org",,,"0","171",,,"Festival of Lights - Demo","1571482800000","99e9fa81-fe23-4725-a259-c4914d4250cc","193.175.2.0","false","false","true","Verein zur Foerderung eines Deutschen Forschungsne","en-US","./livestream/master.m3u8","1571485680000","1569888000000",,"Android","9",,"1452","1",,"0","0","videojs",,"171","html5","videojs-7.6.0",,"BE","732","412","0","WINDOW","0","setup","hls","1571485691000","4f33a7fc-8abc-4500-abd6-94a8c8563197","0","0","Horus Live","0","0","0","Horus Live","0","0","0","0",,,,,"web"
"v2.5.4","680","0","true","Chrome Mobile","77","0","0",,"berlin","1571485693000","DE","6c55bd2f-dfb4-47dc-92c1-40b74752e2f9","Mozilla/5.0 (Linux; Android 9; Nokia 6.1) AppleWebKit/537.36 (KHTML, like Gecko) Chrome/77.0.3865.116 Mobile Safari/537.36",,,,"b078ba57-f5c6-4cc1-a8d6-bb2bf8d83c14","1571443200000","Nokia 6","panoplay.duckdns.org",,,"0","2104",,,"Festival of Lights - Demo","1571482800000","99e9fa81-fe23-4725-a259-c4914d4250cc","193.175.2.0","false","false","true","Verein zur Foerderung eines Deutschen Forschungsne","en-US","./livestream/master.m3u8","1571485680000","1569888000000",,"Android","9",,"0","1",,"0","0","videojs",,"0","html5","videojs-7.6.0",,"BE","732","412","0","WINDOW","2275","startup","hls","1571485693000","4f33a7fc-8abc-4500-abd6-94a8c8563197","0","43679302","Horus Live","0","0","2104","Horus Live","0","0","0","0",,,,,"web"
"v2.5.4","680","0",,"Chrome Mobile","77","0","0",,"berlin","1571485693000","DE","6c55bd2f-dfb4-47dc-92c1-40b74752e2f9","Mozilla/5.0 (Linux; Android 9; Nokia 6.1) AppleWebKit/537.36 (KHTML, like Gecko) Chrome/77.0.3865.116 Mobile Safari/537.36",,,,"b078ba57-f5c6-4cc1-a8d6-bb2bf8d83c14","1571443200000","Nokia 6","panoplay.duckdns.org",,,"0","0","4","The media could not be loaded, either because the server or network failed or because the format is not supported.","Festival of Lights - Demo","1571482800000","99e9fa81-fe23-4725-a259-c4914d4250cc","193.175.2.0","false","false","true","Verein zur Foerderung eines Deutschen Forschungsne","en-US","./livestream/master.m3u8","1571485680000","1569888000000",,"Android","9",,"0","1",,"0","0","videojs",,"0","html5","videojs-7.6.0",,"BE","732","412","0","WINDOW","0","error","hls","1571485693000","4f33a7fc-8abc-4500-abd6-94a8c8563197","0","43679302","Horus Live","0","0","0","Horus Live","0","0","0","0",,,,,"web"
"v2.5.4","680","0",,"Firefox Mobile","68","0","0",,"berlin","1571486871000","DE","c8df4198-3b70-4ba7-9ce3-2ae1eacb347d","Mozilla/5.0 (Android 9; Mobile; rv:68.0) Gecko/68.0 Firefox/68.0",,,,"533dafd1-f5e0-4314-965b-1e2474307d5e","1571443200000","Generic Smartphone","panoplay.duckdns.org",,,"0","537",,,"Festival of Lights - Demo","1571486400000","ba5ce535-e280-4139-af1a-12f6f3d1483f","193.175.2.0","false","false","true","Verein zur Foerderung eines Deutschen Forschungsne","en-US","./livestream/master.m3u8","1571486820000","1569888000000",,"Android","9",,"2459","1",,"0","0","videojs",,"537","html5","videojs-7.6.0",,"BE","688","414","0","WINDOW","0","setup","hls","1571486871000","b71330e2-cf5e-4920-b747-356a642ab1d4","0","0","Horus Live","0","0","0","Horus Live","0","0","0","0",,,,,"web"
"v2.5.4","680","0",,"Firefox Mobile","68","0","0",,"berlin","1571486879000","DE","c8df4198-3b70-4ba7-9ce3-2ae1eacb347d","Mozilla/5.0 (Android 9; Mobile; rv:68.0) Gecko/68.0 Firefox/68.0",,,,"533dafd1-f5e0-4314-965b-1e2474307d5e","1571443200000","Generic Smartphone","panoplay.duckdns.org",,,"0","16",,,"Festival of Lights - Demo","1571486400000","ba5ce535-e280-4139-af1a-12f6f3d1483f","193.175.2.0","false","false","true","Verein zur Foerderung eines Deutschen Forschungsne","en-US","./livestream/master.m3u8","1571486820000","1569888000000",,"Android","9",,"0","1",,"0","16","videojs",,"0","html5","videojs-7.6.0",,"BE","688","414","0","WINDOW","0","playing","hls","1571486879000","b71330e2-cf5e-4920-b747-356a642ab1d4","8000000","43679302","Horus Live","2816","2816","0","Horus Live","0","0","21201997","21201997",,,,,"web"
"v2.5.4","680","0",,"Firefox Mobile","68","0","0",,"berlin","1571486879000","DE","c8df4198-3b70-4ba7-9ce3-2ae1eacb347d","Mozilla/5.0 (Android 9; Mobile; rv:68.0) Gecko/68.0 Firefox/68.0",,,,"533dafd1-f5e0-4314-965b-1e2474307d5e","1571443200000","Generic Smartphone","panoplay.duckdns.org",,,"0","8",,,"Festival of Lights - Demo","1571486400000","ba5ce535-e280-4139-af1a-12f6f3d1483f","193.175.2.0","false","false","true","Verein zur Foerderung eines Deutschen Forschungsne","en-US","./livestream/master.m3u8","1571486820000","1569888000000",,"Android","9",,"0","1",,"0","8","videojs",,"0","html5","videojs-7.6.0",,"BE","688","414","0","WINDOW","0","playing","hls","1571486879000","b71330e2-cf5e-4920-b747-356a642ab1d4","8000000","43679302","Horus Live","2816","2816","0","Horus Live","0","0","21201997","21201997",,,,,"web"
"v2.5.4","680","0",,"Firefox Mobile","68","0","55",,"berlin","1571486879000","DE","c8df4198-3b70-4ba7-9ce3-2ae1eacb347d","Mozilla/5.0 (Android 9; Mobile; rv:68.0) Gecko/68.0 Firefox/68.0",,,,"533dafd1-f5e0-4314-965b-1e2474307d5e","1571443200000","Generic Smartphone","panoplay.duckdns.org",,,"0","55",,,"Festival of Lights - Demo","1571486400000","ba5ce535-e280-4139-af1a-12f6f3d1483f","193.175.2.0","false","false","true","Verein zur Foerderung eines Deutschen Forschungsne","en-US","./livestream/master.m3u8","1571486820000","1569888000000",,"Android","9",,"0","1",,"0","0","videojs",,"0","html5","videojs-7.6.0",,"BE","688","414","0","WINDOW","0","rebuffering","hls","1571486879000","b71330e2-cf5e-4920-b747-356a642ab1d4","8000000","43679302","Horus Live","2816","2816","0","Horus Live","0","0","21201997","21201997",,,,,"web"
"v2.5.4","680","0",,"Firefox Mobile","68","0","0",,"berlin","1571486879000","DE","c8df4198-3b70-4ba7-9ce3-2ae1eacb347d","Mozilla/5.0 (Android 9; Mobile; rv:68.0) Gecko/68.0 Firefox/68.0",,,,"533dafd1-f5e0-4314-965b-1e2474307d5e","1571443200000","Generic Smartphone","panoplay.duckdns.org",,,"0","0",,,"Festival of Lights - Demo","1571486400000","ba5ce535-e280-4139-af1a-12f6f3d1483f","193.175.2.0","false","false","true","Verein zur Foerderung eines Deutschen Forschungsne","en-US","./livestream/master.m3u8","1571486820000","1569888000000",,"Android","9",,"0","1",,"0","0","videojs",,"0","html5","videojs-7.6.0",,"BE","688","414","0","WINDOW","0","qualitychange","hls","1571486879000","b71330e2-cf5e-4920-b747-356a642ab1d4","8000000","43679302","Horus Live","2816","2816","0","Horus Live","0","0","21201997","21201997",,,,,"web"
"v2.5.4","680","0",,"Firefox Mobile","68","0","0",,"berlin","1571486879000","DE","c8df4198-3b70-4ba7-9ce3-2ae1eacb347d","Mozilla/5.0 (Android 9; Mobile; rv:68.0) Gecko/68.0 Firefox/68.0",,,,"533dafd1-f5e0-4314-965b-1e2474307d5e","1571443200000","Generic Smartphone","panoplay.duckdns.org",,,"0","12",,,"Festival of Lights - Demo","1571486400000","ba5ce535-e280-4139-af1a-12f6f3d1483f","193.175.2.0","false","false","true","Verein zur Foerderung eines Deutschen Forschungsne","en-US","./livestream/master.m3u8","1571486820000","1569888000000",,"Android","9",,"0","1",,"12","0","videojs",,"0","html5","videojs-7.6.0",,"BE","688","414","0","WINDOW","0","pause","hls","1571486879000","b71330e2-cf5e-4920-b747-356a642ab1d4","8000000","43679302","Horus Live","2816","2816","0","Horus Live","0","0","21201997","21201997",,,,,"web"
"v2.5.4","680","0",,"Firefox Mobile","68","0","0",,"berlin","1571486879000","DE","c8df4198-3b70-4ba7-9ce3-2ae1eacb347d","Mozilla/5.0 (Android 9; Mobile; rv:68.0) Gecko/68.0 Firefox/68.0",,,,"533dafd1-f5e0-4314-965b-1e2474307d5e","1571443200000","Generic Smartphone","panoplay.duckdns.org",,,"0","15",,,"Festival of Lights - Demo","1571486400000","ba5ce535-e280-4139-af1a-12f6f3d1483f","193.175.2.0","false","false","true","Verein zur Foerderung eines Deutschen Forschungsne","en-US","./livestream/master.m3u8","1571486820000","1569888000000",,"Android","9",,"0","1",,"0","15","videojs",,"0","html5","videojs-7.6.0",,"BE","688","414","0","WINDOW","0","playing","hls","1571486879000","b71330e2-cf5e-4920-b747-356a642ab1d4","8000000","43679302","Horus Live","2816","2816","0","Horus Live","0","0","21201997","21201997",,,,,"web"
"v2.5.4","680","0","true","Firefox Mobile","68","0","0",,"berlin","1571486879000","DE","c8df4198-3b70-4ba7-9ce3-2ae1eacb347d","Mozilla/5.0 (Android 9; Mobile; rv:68.0) Gecko/68.0 Firefox/68.0",,,,"533dafd1-f5e0-4314-965b-1e2474307d5e","1571443200000","Generic Smartphone","panoplay.duckdns.org",,,"0","7647",,,"Festival of Lights - Demo","1571486400000","ba5ce535-e280-4139-af1a-12f6f3d1483f","193.175.2.0","false","false","true","Verein zur Foerderung eines Deutschen Forschungsne","en-US","./livestream/master.m3u8","1571486820000","1569888000000",,"Android","9",,"0","1",,"0","0","videojs",,"0","html5","videojs-7.6.0",,"BE","688","414","0","WINDOW","8184","startup","hls","1571486879000","b71330e2-cf5e-4920-b747-356a642ab1d4","0","43679302","Horus Live","2816","2816","7647","Horus Live","0","0","21201997","0",,,,,"web"
"v2.5.4","680","0",,"Firefox Mobile","68","0","0",,"berlin","1571486879000","DE","c8df4198-3b70-4ba7-9ce3-2ae1eacb347d","Mozilla/5.0 (Android 9; Mobile; rv:68.0) Gecko/68.0 Firefox/68.0",,,,"533dafd1-f5e0-4314-965b-1e2474307d5e","1571443200000","Generic Smartphone","panoplay.duckdns.org",,,"0","8",,,"Festival of Lights - Demo","1571486400000","ba5ce535-e280-4139-af1a-12f6f3d1483f","193.175.2.0","false","false","true","Verein zur Foerderung eines Deutschen Forschungsne","en-US","./livestream/master.m3u8","1571486820000","1569888000000",,"Android","9",,"0","1",,"0","8","videojs",,"0","html5","videojs-7.6.0",,"BE","688","414","0","WINDOW","0","playing","hls","1571486879000","b71330e2-cf5e-4920-b747-356a642ab1d4","0","43679302","Horus Live","2816","2816","0","Horus Live","0","0","21201997","21201997",,,,,"web"
"v2.5.4","680","0",,"Firefox Mobile","68","0","0",,"berlin","1571486879000","DE","c8df4198-3b70-4ba7-9ce3-2ae1eacb347d","Mozilla/5.0 (Android 9; Mobile; rv:68.0) Gecko/68.0 Firefox/68.0",,,,"533dafd1-f5e0-4314-965b-1e2474307d5e","1571443200000","Generic Smartphone","panoplay.duckdns.org",,,"0","31",,,"Festival of Lights - Demo","1571486400000","ba5ce535-e280-4139-af1a-12f6f3d1483f","193.175.2.0","false","false","true","Verein zur Foerderung eines Deutschen Forschungsne","en-US","./livestream/master.m3u8","1571486820000","1569888000000",,"Android","9",,"0","1",,"0","31","videojs",,"0","html5","videojs-7.6.0",,"BE","688","414","0","WINDOW","0","playing","hls","1571486879000","b71330e2-cf5e-4920-b747-356a642ab1d4","8000000","43679302","Horus Live","2816","2816","0","Horus Live","0","0","21201997","21201997",,,,,"web"
"v2.5.4","680","0",,"Firefox Mobile","68","0","0",,"berlin","1571486879000","DE","c8df4198-3b70-4ba7-9ce3-2ae1eacb347d","Mozilla/5.0 (Android 9; Mobile; rv:68.0) Gecko/68.0 Firefox/68.0",,,,"533dafd1-f5e0-4314-965b-1e2474307d5e","1571443200000","Generic Smartphone","panoplay.duckdns.org",,,"0","97",,,"Festival of Lights - Demo","1571486400000","ba5ce535-e280-4139-af1a-12f6f3d1483f","193.175.2.0","false","false","true","Verein zur Foerderung eines Deutschen Forschungsne","en-US","./livestream/master.m3u8","1571486820000","1569888000000",,"Android","9",,"0","1",,"97","0","videojs",,"0","html5","videojs-7.6.0",,"BE","688","414","0","WINDOW","0","pause","hls","1571486879000","b71330e2-cf5e-4920-b747-356a642ab1d4","8000000","43679302","Horus Live","2816","2816","0","Horus Live","0","0","21201997","21201997",,,,,"web"
"v2.5.4","680","0",,"Firefox Mobile","68","0","1999",,"berlin","1571486881000","DE","c8df4198-3b70-4ba7-9ce3-2ae1eacb347d","Mozilla/5.0 (Android 9; Mobile; rv:68.0) Gecko/68.0 Firefox/68.0",,,,"533dafd1-f5e0-4314-965b-1e2474307d5e","1571443200000","Generic Smartphone","panoplay.duckdns.org",,,"0","1999",,,"Festival of Lights - Demo","1571486400000","ba5ce535-e280-4139-af1a-12f6f3d1483f","193.175.2.0","false","false","true","Verein zur Foerderung eines Deutschen Forschungsne","en-US","./livestream/master.m3u8","1571486880000","1569888000000",,"Android","9",,"0","1",,"0","0","videojs",,"0","html5","videojs-7.6.0",,"BE","688","414","0","WINDOW","0","rebuffering","hls","1571486881000","b71330e2-cf5e-4920-b747-356a642ab1d4","8000000","43679302","Horus Live","2816","2816","0","Horus Live","0","0","21201997","21201997",,,,,"web"
"v2.5.4","680","0",,"Firefox Mobile","68","0","0",,"berlin","1571486889000","DE","c8df4198-3b70-4ba7-9ce3-2ae1eacb347d","Mozilla/5.0 (Android 9; Mobile; rv:68.0) Gecko/68.0 Firefox/68.0",,,,"533dafd1-f5e0-4314-965b-1e2474307d5e","1571443200000","Generic Smartphone","panoplay.duckdns.org",,,"0","8307",,,"Festival of Lights - Demo","1571486400000","ba5ce535-e280-4139-af1a-12f6f3d1483f","193.175.2.0","false","false","true","Verein zur Foerderung eines Deutschen Forschungsne","en-US","./livestream/master.m3u8","1571486880000","1569888000000",,"Android","9",,"0","1",,"0","8307","videojs",,"0","html5","videojs-7.6.0",,"BE","688","414","0","WINDOW","0","playing","hls","1571486889000","b71330e2-cf5e-4920-b747-356a642ab1d4","8000000","43679302","Horus Live","2816","2816","0","Horus Live","0","0","21210325","21201997",,,,,"web"
"v2.5.4","680","0",,"Firefox Mobile","68","0","0",,"berlin","1571486890000","DE","c8df4198-3b70-4ba7-9ce3-2ae1eacb347d","Mozilla/5.0 (Android 9; Mobile; rv:68.0) Gecko/68.0 Firefox/68.0",,,,"533dafd1-f5e0-4314-965b-1e2474307d5e","1571443200000","Generic Smartphone","panoplay.duckdns.org",,,"0","211",,,"Festival of Lights - Demo","1571486400000","ba5ce535-e280-4139-af1a-12f6f3d1483f","193.175.2.0","false","false","true","Verein zur Foerderung eines Deutschen Forschungsne","en-US","./livestream/master.m3u8","1571486880000","1569888000000",,"Android","9",,"0","1",,"211","0","videojs",,"0","html5","videojs-7.6.0",,"BE","688","414","0","WINDOW","0","pause","hls","1571486890000","b71330e2-cf5e-4920-b747-356a642ab1d4","8000000","43679302","Horus Live","2816","2816","0","Horus Live","0","0","21210325","21210325",,,,,"web"
"v2.5.4","680","0",,"Firefox Mobile","68","0","0",,"berlin","1571486891000","DE","c8df4198-3b70-4ba7-9ce3-2ae1eacb347d","Mozilla/5.0 (Android 9; Mobile; rv:68.0) Gecko/68.0 Firefox/68.0",,,,"533dafd1-f5e0-4314-965b-1e2474307d5e","1571443200000","Generic Smartphone","panoplay.duckdns.org",,,"0","1069",,,"Festival of Lights - Demo","1571486400000","ba5ce535-e280-4139-af1a-12f6f3d1483f","193.175.2.0","false","false","true","Verein zur Foerderung eines Deutschen Forschungsne","en-US","./livestream/master.m3u8","1571486880000","1569888000000",,"Android","9",,"0","1",,"0","1069","videojs",,"0","html5","videojs-7.6.0",,"BE","688","414","0","WINDOW","0","playing","hls","1571486891000","b71330e2-cf5e-4920-b747-356a642ab1d4","8000000","43679302","Horus Live","2816","2816","0","Horus Live","0","0","21211379","21210325",,,,,"web"
"v2.5.4","680","0",,"Firefox Mobile","68","0","0",,"berlin","1571487239000","DE","49911dd9-0964-4e06-a137-8ea96810c1f4","Mozilla/5.0 (Android 9; Mobile; rv:68.0) Gecko/68.0 Firefox/68.0",,,,"533dafd1-f5e0-4314-965b-1e2474307d5e","1571443200000","Generic Smartphone","panoplay.duckdns.org",,,"0","472",,,"Festival of Lights - Demo","1571486400000","0bb565c0-4f51-4304-8a07-dd7c00b2da42","193.175.2.0","false","false","true","Verein zur Foerderung eines Deutschen Forschungsne","en-US","./livestream/master.m3u8","1571487180000","1569888000000",,"Android","9",,"3552","1",,"0","0","videojs",,"472","html5","videojs-7.6.0",,"BE","688","414","0","WINDOW","0","setup","hls","1571487239000","b71330e2-cf5e-4920-b747-356a642ab1d4","0","0","Horus Live","0","0","0","Horus Live","0","0","0","0",,,,,"web"
"v2.5.4","680","0","true","Firefox Mobile","68","0","0",,"berlin","1571487246000","DE","49911dd9-0964-4e06-a137-8ea96810c1f4","Mozilla/5.0 (Android 9; Mobile; rv:68.0) Gecko/68.0 Firefox/68.0",,,,"533dafd1-f5e0-4314-965b-1e2474307d5e","1571443200000","Generic Smartphone","panoplay.duckdns.org",,,"0","7368",,,"Festival of Lights - Demo","1571486400000","0bb565c0-4f51-4304-8a07-dd7c00b2da42","193.175.2.0","false","false","true","Verein zur Foerderung eines Deutschen Forschungsne","en-US","./livestream/master.m3u8","1571487240000","1569888000000",,"Android","9",,"0","1",,"0","0","videojs",,"0","html5","videojs-7.6.0",,"BE","688","414","0","WINDOW","7840","startup","hls","1571487246000","b71330e2-cf5e-4920-b747-356a642ab1d4","0","43679302","Horus Live","2816","2816","7368","Horus Live","0","0","0","0",,,,,"web"
"v2.5.4","680","0",,"Firefox Mobile","68","0","0",,"berlin","1571487246000","DE","49911dd9-0964-4e06-a137-8ea96810c1f4","Mozilla/5.0 (Android 9; Mobile; rv:68.0) Gecko/68.0 Firefox/68.0",,,,"533dafd1-f5e0-4314-965b-1e2474307d5e","1571443200000","Generic Smartphone","panoplay.duckdns.org",,,"0","7",,,"Festival of Lights - Demo","1571486400000","0bb565c0-4f51-4304-8a07-dd7c00b2da42","193.175.2.0","false","false","true","Verein zur Foerderung eines Deutschen Forschungsne","en-US","./livestream/master.m3u8","1571487240000","1569888000000",,"Android","9",,"0","1",,"0","7","videojs",,"0","html5","videojs-7.6.0",,"BE","688","414","0","WINDOW","0","playing","hls","1571487246000","b71330e2-cf5e-4920-b747-356a642ab1d4","0","43679302","Horus Live","2816","2816","0","Horus Live","0","0","0","0",,,,,"web"
"v2.5.4","680","0",,"Firefox Mobile","68","0","0",,"berlin","1571487246000","DE","49911dd9-0964-4e06-a137-8ea96810c1f4","Mozilla/5.0 (Android 9; Mobile; rv:68.0) Gecko/68.0 Firefox/68.0",,,,"533dafd1-f5e0-4314-965b-1e2474307d5e","1571443200000","Generic Smartphone","panoplay.duckdns.org",,,"0","13",,,"Festival of Lights - Demo","1571486400000","0bb565c0-4f51-4304-8a07-dd7c00b2da42","193.175.2.0","false","false","true","Verein zur Foerderung eines Deutschen Forschungsne","en-US","./livestream/master.m3u8","1571487240000","1569888000000",,"Android","9",,"0","1",,"0","13","videojs",,"0","html5","videojs-7.6.0",,"BE","688","414","0","WINDOW","0","playing","hls","1571487246000","b71330e2-cf5e-4920-b747-356a642ab1d4","8000000","43679302","Horus Live","2816","2816","0","Horus Live","0","0","0","0",,,,,"web"
"v2.5.4","680","0",,"Firefox Mobile","68","0","0",,"berlin","1571487246000","DE","49911dd9-0964-4e06-a137-8ea96810c1f4","Mozilla/5.0 (Android 9; Mobile; rv:68.0) Gecko/68.0 Firefox/68.0",,,,"533dafd1-f5e0-4314-965b-1e2474307d5e","1571443200000","Generic Smartphone","panoplay.duckdns.org",,,"0","0",,,"Festival of Lights - Demo","1571486400000","0bb565c0-4f51-4304-8a07-dd7c00b2da42","193.175.2.0","false","false","true","Verein zur Foerderung eines Deutschen Forschungsne","en-US","./livestream/master.m3u8","1571487240000","1569888000000",,"Android","9",,"0","1",,"0","0","videojs",,"0","html5","videojs-7.6.0",,"BE","688","414","0","WINDOW","0","qualitychange","hls","1571487246000","b71330e2-cf5e-4920-b747-356a642ab1d4","8000000","43679302","Horus Live","2816","2816","0","Horus Live","0","0","0","0",,,,,"web"
"v2.5.4","680","0",,"Chrome Mobile","77","0","0",,"berlin","1571487285000","DE","6c55bd2f-dfb4-47dc-92c1-40b74752e2f9","Mozilla/5.0 (Linux; Android 9; Nokia 6.1) AppleWebKit/537.36 (KHTML, like Gecko) Chrome/77.0.3865.116 Mobile Safari/537.36",,,,"b078ba57-f5c6-4cc1-a8d6-bb2bf8d83c14","1571443200000","Nokia 6","panoplay.duckdns.org",,,"0","0",,,"Festival of Lights - Demo","1571486400000","99e9fa81-fe23-4725-a259-c4914d4250cc","193.175.2.0","false","false","true","Verein zur Foerderung eines Deutschen Forschungsne","en-US","./livestream/master.m3u8","1571487240000","1569888000000",,"Android","9",,"0","1",,"0","0","videojs",,"0","html5","videojs-7.6.0",,"BE","732","412","0","WINDOW","0","error","hls","1571487285000","4f33a7fc-8abc-4500-abd6-94a8c8563197","0","43679302","Horus Live","0","0","0","Horus Live","0","0","0","0",,,,,"web"
"v2.5.4","680","0",,"Chrome Mobile","77","0","0",,"berlin","1571487291000","DE","63ef9142-27f1-4648-a25f-5d659a2ef4a0","Mozilla/5.0 (Linux; Android 9; Nokia 6.1) AppleWebKit/537.36 (KHTML, like Gecko) Chrome/77.0.3865.116 Mobile Safari/537.36",,,,"1ab8ab18-1764-4ae1-9a85-91013b7dad6c","1571443200000","Nokia 6","panoplay.duckdns.org",,,"0","189",,,"Festival of Lights - Demo","1571486400000","255bf54d-0eff-4f4e-884e-7fa19f6661d8","193.175.2.0","false","false","true","Verein zur Foerderung eines Deutschen Forschungsne","en-US","./livestream/master.m3u8","1571487240000","1569888000000",,"Android","9",,"2209","1",,"0","0","videojs",,"189","html5","videojs-7.6.0",,"BE","732","412","0","WINDOW","0","setup","hls","1571487291000","17fdaa72-56f9-413f-b1b9-91e10f3fdb0a","0","0","Horus Live","0","0","0","Horus Live","0","0","0","0",,,,,"web"
"v2.5.4","680","0",,"Chrome Mobile","77","0","0",,"berlin","1571487292000","DE","63ef9142-27f1-4648-a25f-5d659a2ef4a0","Mozilla/5.0 (Linux; Android 9; Nokia 6.1) AppleWebKit/537.36 (KHTML, like Gecko) Chrome/77.0.3865.116 Mobile Safari/537.36",,,,"1ab8ab18-1764-4ae1-9a85-91013b7dad6c","1571443200000","Nokia 6","panoplay.duckdns.org",,,"0","0","4","The media could not be loaded, either because the server or network failed or because the format is not supported.","Festival of Lights - Demo","1571486400000","255bf54d-0eff-4f4e-884e-7fa19f6661d8","193.175.2.0","false","false","true","Verein zur Foerderung eines Deutschen Forschungsne","en-US","./livestream/master.m3u8","1571487240000","1569888000000",,"Android","9",,"0","1",,"0","0","videojs",,"0","html5","videojs-7.6.0",,"BE","732","412","0","WINDOW","0","error","hls","1571487292000","17fdaa72-56f9-413f-b1b9-91e10f3fdb0a","0","43679302","Horus Live","0","0","0","Horus Live","0","0","0","0",,,,,"web"
"v2.5.4","680","0","true","Chrome Mobile","77","0","0",,"berlin","1571487292000","DE","63ef9142-27f1-4648-a25f-5d659a2ef4a0","Mozilla/5.0 (Linux; Android 9; Nokia 6.1) AppleWebKit/537.36 (KHTML, like Gecko) Chrome/77.0.3865.116 Mobile Safari/537.36",,,,"1ab8ab18-1764-4ae1-9a85-91013b7dad6c","1571443200000","Nokia 6","panoplay.duckdns.org",,,"0","1661",,,"Festival of Lights - Demo","1571486400000","255bf54d-0eff-4f4e-884e-7fa19f6661d8","193.175.2.0","false","false","true","Verein zur Foerderung eines Deutschen Forschungsne","en-US","./livestream/master.m3u8","1571487240000","1569888000000",,"Android","9",,"0","1",,"0","0","videojs",,"0","html5","videojs-7.6.0",,"BE","732","412","0","WINDOW","1850","startup","hls","1571487292000","17fdaa72-56f9-413f-b1b9-91e10f3fdb0a","0","43679302","Horus Live","0","0","1661","Horus Live","0","0","0","0",,,,,"web"
"v2.5.4","680","0",,"Safari","13","0","0",,"berlin","1571491391000","DE","db806a77-d8cc-43fb-932c-612aba9db41a","Mozilla/5.0 (Macintosh; Intel Mac OS X 10_14_6) AppleWebKit/605.1.15 (KHTML, like Gecko) Version/13.0.1 Safari/605.1.15",,,,"b7820316-5414-40a9-b175-f9c69a705327","1571443200000","Other","panoplay.duckdns.org",,,"0","158",,,"Festival of Lights - Demo","1571490000000","a35d0a03-ebad-45ac-8ba7-5ed90cb14b60","193.175.2.0","false","false","true","Verein zur Foerderung eines Deutschen Forschungsne","en-US","./livestream/master.m3u8","1571491380000","1569888000000",,"Mac OS X","10","14","623","2",,"0","0","videojs",,"158","html5","videojs-7.6.0",,"BE","1050","1680","0","WINDOW","0","setup","hls","1571491391000","50c1d157-d63a-4958-a1fc-b542837f45a5","0","0","Horus Live","0","0","0","Horus Live","0","0","0","0",,,,,"web"
"v2.5.4","680","0",,"Safari","13","0","0",,"berlin","1571492401000","DE","6d773321-a66f-4bac-a7f5-1c3c7ac51698","Mozilla/5.0 (Macintosh; Intel Mac OS X 10_14_6) AppleWebKit/605.1.15 (KHTML, like Gecko) Version/13.0.1 Safari/605.1.15",,,,"b7820316-5414-40a9-b175-f9c69a705327","1571443200000","Other","panoplay.duckdns.org",,,"0","0",,,"Festival of Lights - Demo","1571490000000","9e177354-c6c8-4de5-b43f-bfc078bc53ca","193.175.2.0","false","false","true","Verein zur Foerderung eines Deutschen Forschungsne","en-US","./livestream/master.m3u8","1571492400000","1569888000000",,"Mac OS X","10","14","0","2",,"0","0","videojs",,"0","html5","videojs-7.6.0",,"BE","1050","1680","0","WINDOW","0","error","hls","1571492401000","50c1d157-d63a-4958-a1fc-b542837f45a5","0","0","Horus Live","0","0","0","Horus Live","0","0","0","0",,,,,"web"
"v2.5.4","680","0",,"Safari","13","0","0",,"berlin","1571492401000","DE","6d773321-a66f-4bac-a7f5-1c3c7ac51698","Mozilla/5.0 (Macintosh; Intel Mac OS X 10_14_6) AppleWebKit/605.1.15 (KHTML, like Gecko) Version/13.0.1 Safari/605.1.15",,,,"b7820316-5414-40a9-b175-f9c69a705327","1571443200000","Other","panoplay.duckdns.org",,,"0","0","2","HLS playlist request error at URL: ./livestream/master.m3u8.","Festival of Lights - Demo","1571490000000","9e177354-c6c8-4de5-b43f-bfc078bc53ca","193.175.2.0","false","false","true","Verein zur Foerderung eines Deutschen Forschungsne","en-US","./livestream/master.m3u8","1571492400000","1569888000000",,"Mac OS X","10","14","0","2",,"0","0","videojs",,"0","html5","videojs-7.6.0",,"BE","1050","1680","0","WINDOW","0","error","hls","1571492401000","50c1d157-d63a-4958-a1fc-b542837f45a5","0","0","Horus Live","0","0","0","Horus Live","0","0","0","0",,,,,"web"
"v2.5.4","680","0",,"Safari","13","0","0",,"berlin","1571492401000","DE","6d773321-a66f-4bac-a7f5-1c3c7ac51698","Mozilla/5.0 (Macintosh; Intel Mac OS X 10_14_6) AppleWebKit/605.1.15 (KHTML, like Gecko) Version/13.0.1 Safari/605.1.15",,,,"b7820316-5414-40a9-b175-f9c69a705327","1571443200000","Other","panoplay.duckdns.org",,,"0","46",,,"Festival of Lights - Demo","1571490000000","9e177354-c6c8-4de5-b43f-bfc078bc53ca","193.175.2.0","false","false","true","Verein zur Foerderung eines Deutschen Forschungsne","en-US","./livestream/master.m3u8","1571492400000","1569888000000",,"Mac OS X","10","14","460","2",,"0","0","videojs",,"46","html5","videojs-7.6.0",,"BE","1050","1680","0","WINDOW","0","setup","hls","1571492401000","50c1d157-d63a-4958-a1fc-b542837f45a5","0","0","Horus Live","0","0","0","Horus Live","0","0","0","0",,,,,"web"
"v2.5.4","680","0",,"Safari","13","0","0",,"berlin","1571495056000","DE","821fc1ef-1862-4891-8469-788baee08443","Mozilla/5.0 (Macintosh; Intel Mac OS X 10_14_6) AppleWebKit/605.1.15 (KHTML, like Gecko) Version/13.0.1 Safari/605.1.15",,,,"b7820316-5414-40a9-b175-f9c69a705327","1571443200000","Other","panoplay.duckdns.org",,,"0","157",,,"Festival of Lights - Demo","1571493600000","7c826f00-4c61-45ca-a898-7dfcba42892a","193.175.2.0","false","false","true","Verein zur Foerderung eines Deutschen Forschungsne","en-US","./livestream/master.m3u8","1571495040000","1569888000000",,"Mac OS X","10","14","483","2",,"0","0","videojs",,"157","html5","videojs-7.6.0",,"BE","1050","1680","0","WINDOW","0","setup","hls","1571495056000","50c1d157-d63a-4958-a1fc-b542837f45a5","0","0","Horus Live","0","0","0","Horus Live","0","0","0","0",,,,,"web"
"v2.5.4","680","0",,"Safari","13","0","0",,"berlin","1571495056000","DE","821fc1ef-1862-4891-8469-788baee08443","Mozilla/5.0 (Macintosh; Intel Mac OS X 10_14_6) AppleWebKit/605.1.15 (KHTML, like Gecko) Version/13.0.1 Safari/605.1.15",,,,"b7820316-5414-40a9-b175-f9c69a705327","1571443200000","Other","panoplay.duckdns.org",,,"0","0","2","HLS playlist request error at URL: ./livestream/master.m3u8.","Festival of Lights - Demo","1571493600000","7c826f00-4c61-45ca-a898-7dfcba42892a","193.175.2.0","false","false","true","Verein zur Foerderung eines Deutschen Forschungsne","en-US","./livestream/master.m3u8","1571495040000","1569888000000",,"Mac OS X","10","14","0","2",,"0","0","videojs",,"0","html5","videojs-7.6.0",,"BE","1050","1680","0","WINDOW","0","error","hls","1571495056000","50c1d157-d63a-4958-a1fc-b542837f45a5","0","0","Horus Live","0","0","0","Horus Live","0","0","0","0",,,,,"web"
"v2.5.4","680","0",,"Safari","13","0","0",,"berlin","1571495056000","DE","821fc1ef-1862-4891-8469-788baee08443","Mozilla/5.0 (Macintosh; Intel Mac OS X 10_14_6) AppleWebKit/605.1.15 (KHTML, like Gecko) Version/13.0.1 Safari/605.1.15",,,,"b7820316-5414-40a9-b175-f9c69a705327","1571443200000","Other","panoplay.duckdns.org",,,"0","0",,,"Festival of Lights - Demo","1571493600000","7c826f00-4c61-45ca-a898-7dfcba42892a","193.175.2.0","false","false","true","Verein zur Foerderung eines Deutschen Forschungsne","en-US","./livestream/master.m3u8","1571495040000","1569888000000",,"Mac OS X","10","14","0","2",,"0","0","videojs",,"0","html5","videojs-7.6.0",,"BE","1050","1680","0","WINDOW","0","error","hls","1571495056000","50c1d157-d63a-4958-a1fc-b542837f45a5","0","0","Horus Live","0","0","0","Horus Live","0","0","0","0",,,,,"web"
"v2.5.4","2119","0",,"Chrome Mobile","77","0","0",,"oslo","1571495676000","NO","63ef9142-27f1-4648-a25f-5d659a2ef4a0","Mozilla/5.0 (Linux; Android 9; Nokia 6.1) AppleWebKit/537.36 (KHTML, like Gecko) Chrome/77.0.3865.116 Mobile Safari/537.36",,,,"1ab8ab18-1764-4ae1-9a85-91013b7dad6c","1571443200000","Nokia 6","panoplay.duckdns.org",,,"0","0",,,"Festival of Lights - Demo","1571493600000","255bf54d-0eff-4f4e-884e-7fa19f6661d8","77.16.54.0","false","false","true","Telenor Norge AS","en-US","./livestream/master.m3u8","1571495640000","1569888000000",,"Android","9",,"0","1",,"0","0","videojs",,"0","html5","videojs-7.6.0",,"03","732","412","0","WINDOW","0","error","hls","1571495676000","17fdaa72-56f9-413f-b1b9-91e10f3fdb0a","0","43679302","Horus Live","0","0","0","Horus Live","0","0","0","0",,,,,"web"
"v2.5.4","2119","0",,"Chrome Mobile","77","0","0",,"oslo","1571495690000","NO","04f6869e-e9f2-4137-b0dc-3f26e9cacaec","Mozilla/5.0 (Linux; Android 9; Nokia 6.1) AppleWebKit/537.36 (KHTML, like Gecko) Chrome/77.0.3865.116 Mobile Safari/537.36",,,,"1ab8ab18-1764-4ae1-9a85-91013b7dad6c","1571443200000","Nokia 6","panoplay.duckdns.org",,,"0","225",,,"Festival of Lights - Demo","1571493600000","c5440612-40ba-4a68-9cf5-6a5380d7760c","77.16.54.0","false","false","true","Telenor Norge AS","en-US","./livestream/master.m3u8","1571495640000","1569888000000",,"Android","9",,"2537","1",,"0","0","videojs",,"225","html5","videojs-7.6.0",,"03","732","412","0","WINDOW","0","setup","hls","1571495690000","8bf709fd-6238-48f7-ab0e-3bd75e247d9b","0","0","Horus Live","0","0","0","Horus Live","0","0","0","0",,,,,"web"
"v2.5.4","2119","0","true","Chrome Mobile","77","0","0",,"oslo","1571495724000","NO","04f6869e-e9f2-4137-b0dc-3f26e9cacaec","Mozilla/5.0 (Linux; Android 9; Nokia 6.1) AppleWebKit/537.36 (KHTML, like Gecko) Chrome/77.0.3865.116 Mobile Safari/537.36",,,,"1ab8ab18-1764-4ae1-9a85-91013b7dad6c","1571443200000","Nokia 6","panoplay.duckdns.org",,,"0","33720",,,"Festival of Lights - Demo","1571493600000","c5440612-40ba-4a68-9cf5-6a5380d7760c","77.16.54.0","false","false","true","Telenor Norge AS","en-US","./livestream/master.m3u8","1571495700000","1569888000000",,"Android","9",,"0","1",,"0","0","videojs",,"0","html5","videojs-7.6.0",,"03","732","412","0","WINDOW","33945","startup","hls","1571495724000","8bf709fd-6238-48f7-ab0e-3bd75e247d9b","0","0","Horus Live","0","0","33720","Horus Live","0","0","0","0",,,,,"web"
"v2.5.4","2119","0",,"Chrome Mobile","77","0","795",,"oslo","1571495726000","NO","04f6869e-e9f2-4137-b0dc-3f26e9cacaec","Mozilla/5.0 (Linux; Android 9; Nokia 6.1) AppleWebKit/537.36 (KHTML, like Gecko) Chrome/77.0.3865.116 Mobile Safari/537.36",,,,"1ab8ab18-1764-4ae1-9a85-91013b7dad6c","1571443200000","Nokia 6","panoplay.duckdns.org",,,"0","795",,,"Festival of Lights - Demo","1571493600000","e219b20a-08ad-47e9-8e97-c9cb52bddef3","77.16.54.0","false","false","true","Telenor Norge AS","en-US","./livestream/master.m3u8","1571495700000","1569888000000",,"Android","9",,"0","1",,"0","0","videojs",,"0","html5","videojs-7.6.0",,"03","732","412","0","WINDOW","0","rebuffering","hls","1571495726000","8bf709fd-6238-48f7-ab0e-3bd75e247d9b","0","0","Horus Live","0","0","0","Horus Live","0","0","0","0",,,,,"web"
"v2.5.4","2119","0",,"Chrome Mobile","77","0","0",,"oslo","1571495726000","NO","04f6869e-e9f2-4137-b0dc-3f26e9cacaec","Mozilla/5.0 (Linux; Android 9; Nokia 6.1) AppleWebKit/537.36 (KHTML, like Gecko) Chrome/77.0.3865.116 Mobile Safari/537.36",,,,"1ab8ab18-1764-4ae1-9a85-91013b7dad6c","1571443200000","Nokia 6","panoplay.duckdns.org",,,"0","23",,,"Festival of Lights - Demo","1571493600000","e219b20a-08ad-47e9-8e97-c9cb52bddef3","77.16.54.0","false","false","true","Telenor Norge AS","en-US","./livestream/master.m3u8","1571495700000","1569888000000",,"Android","9",,"0","1",,"0","23","videojs",,"0","html5","videojs-7.6.0",,"03","732","412","0","WINDOW","0","playing","hls","1571495726000","8bf709fd-6238-48f7-ab0e-3bd75e247d9b","0","0","Horus Live","0","0","0","Horus Live","0","0","0","0",,,,,"web"
"v2.5.4","2119","0",,"Chrome Mobile","77","0","0",,"oslo","1571495726000","NO","04f6869e-e9f2-4137-b0dc-3f26e9cacaec","Mozilla/5.0 (Linux; Android 9; Nokia 6.1) AppleWebKit/537.36 (KHTML, like Gecko) Chrome/77.0.3865.116 Mobile Safari/537.36",,,,"1ab8ab18-1764-4ae1-9a85-91013b7dad6c","1571443200000","Nokia 6","panoplay.duckdns.org",,,"0","10",,,"Festival of Lights - Demo","1571493600000","e219b20a-08ad-47e9-8e97-c9cb52bddef3","77.16.54.0","false","false","true","Telenor Norge AS","en-US","./livestream/master.m3u8","1571495700000","1569888000000",,"Android","9",,"0","1",,"0","10","videojs",,"0","html5","videojs-7.6.0",,"03","732","412","0","WINDOW","0","playing","hls","1571495726000","8bf709fd-6238-48f7-ab0e-3bd75e247d9b","0","0","Horus Live","0","0","0","Horus Live","0","0","0","0",,,,,"web"
"v2.5.4","2119","0",,"Chrome Mobile","77","0","12",,"oslo","1571495727000","NO","04f6869e-e9f2-4137-b0dc-3f26e9cacaec","Mozilla/5.0 (Linux; Android 9; Nokia 6.1) AppleWebKit/537.36 (KHTML, like Gecko) Chrome/77.0.3865.116 Mobile Safari/537.36",,,,"1ab8ab18-1764-4ae1-9a85-91013b7dad6c","1571443200000","Nokia 6","panoplay.duckdns.org",,,"0","12",,,"Festival of Lights - Demo","1571493600000","e219b20a-08ad-47e9-8e97-c9cb52bddef3","77.16.54.0","false","false","true","Telenor Norge AS","en-US","./livestream/master.m3u8","1571495700000","1569888000000",,"Android","9",,"0","1",,"0","0","videojs",,"0","html5","videojs-7.6.0",,"03","732","412","0","WINDOW","0","rebuffering","hls","1571495727000","8bf709fd-6238-48f7-ab0e-3bd75e247d9b","0","0","Horus Live","0","0","0","Horus Live","0","0","0","0",,,,,"web"
"v2.5.4","2119","0",,"Chrome Mobile","77","0","0",,"oslo","1571495727000","NO","04f6869e-e9f2-4137-b0dc-3f26e9cacaec","Mozilla/5.0 (Linux; Android 9; Nokia 6.1) AppleWebKit/537.36 (KHTML, like Gecko) Chrome/77.0.3865.116 Mobile Safari/537.36",,,,"1ab8ab18-1764-4ae1-9a85-91013b7dad6c","1571443200000","Nokia 6","panoplay.duckdns.org",,,"0","3",,,"Festival of Lights - Demo","1571493600000","e219b20a-08ad-47e9-8e97-c9cb52bddef3","77.16.54.0","false","false","true","Telenor Norge AS","en-US","./livestream/master.m3u8","1571495700000","1569888000000",,"Android","9",,"0","1",,"0","3","videojs",,"0","html5","videojs-7.6.0",,"03","732","412","0","WINDOW","0","playing","hls","1571495727000","8bf709fd-6238-48f7-ab0e-3bd75e247d9b","0","0","Horus Live","0","0","0","Horus Live","0","0","0","0",,,,,"web"
"v2.5.4","2119","0",,"Chrome Mobile","77","0","0",,"oslo","1571495727000","NO","04f6869e-e9f2-4137-b0dc-3f26e9cacaec","Mozilla/5.0 (Linux; Android 9; Nokia 6.1) AppleWebKit/537.36 (KHTML, like Gecko) Chrome/77.0.3865.116 Mobile Safari/537.36",,,,"1ab8ab18-1764-4ae1-9a85-91013b7dad6c","1571443200000","Nokia 6","panoplay.duckdns.org",,,"0","4",,,"Festival of Lights - Demo","1571493600000","e219b20a-08ad-47e9-8e97-c9cb52bddef3","77.16.54.0","false","false","true","Telenor Norge AS","en-US","./livestream/master.m3u8","1571495700000","1569888000000",,"Android","9",,"0","1",,"0","4","videojs",,"0","html5","videojs-7.6.0",,"03","732","412","0","WINDOW","0","playing","hls","1571495727000","8bf709fd-6238-48f7-ab0e-3bd75e247d9b","0","0","Horus Live","0","0","0","Horus Live","0","0","0","0",,,,,"web"
"v2.5.4","2119","0",,"Chrome Mobile","77","0","0",,"oslo","1571495727000","NO","04f6869e-e9f2-4137-b0dc-3f26e9cacaec","Mozilla/5.0 (Linux; Android 9; Nokia 6.1) AppleWebKit/537.36 (KHTML, like Gecko) Chrome/77.0.3865.116 Mobile Safari/537.36",,,,"1ab8ab18-1764-4ae1-9a85-91013b7dad6c","1571443200000","Nokia 6","panoplay.duckdns.org",,,"0","144",,,"Festival of Lights - Demo","1571493600000","e219b20a-08ad-47e9-8e97-c9cb52bddef3","77.16.54.0","false","false","true","Telenor Norge AS","en-US","./livestream/master.m3u8","1571495700000","1569888000000",,"Android","9",,"0","1",,"144","0","videojs",,"0","html5","videojs-7.6.0",,"03","732","412","0","WINDOW","0","pause","hls","1571495727000","8bf709fd-6238-48f7-ab0e-3bd75e247d9b","0","0","Horus Live","0","0","0","Horus Live","0","0","0","0",,,,,"web"
"v2.5.4","2119","0",,"Chrome Mobile","77","0","0",,"oslo","1571495727000","NO","04f6869e-e9f2-4137-b0dc-3f26e9cacaec","Mozilla/5.0 (Linux; Android 9; Nokia 6.1) AppleWebKit/537.36 (KHTML, like Gecko) Chrome/77.0.3865.116 Mobile Safari/537.36",,,,"1ab8ab18-1764-4ae1-9a85-91013b7dad6c","1571443200000","Nokia 6","panoplay.duckdns.org",,,"0","11",,,"Festival of Lights - Demo","1571493600000","e219b20a-08ad-47e9-8e97-c9cb52bddef3","77.16.54.0","false","false","true","Telenor Norge AS","en-US","./livestream/master.m3u8","1571495700000","1569888000000",,"Android","9",,"0","1",,"11","0","videojs",,"0","html5","videojs-7.6.0",,"03","732","412","0","WINDOW","0","pause","hls","1571495727000","8bf709fd-6238-48f7-ab0e-3bd75e247d9b","0","0","Horus Live","0","0","0","Horus Live","0","0","0","0",,,,,"web"
"v2.5.4","2119","0",,"Chrome Mobile","77","0","0",,"oslo","1571495727000","NO","04f6869e-e9f2-4137-b0dc-3f26e9cacaec","Mozilla/5.0 (Linux; Android 9; Nokia 6.1) AppleWebKit/537.36 (KHTML, like Gecko) Chrome/77.0.3865.116 Mobile Safari/537.36",,,,"1ab8ab18-1764-4ae1-9a85-91013b7dad6c","1571443200000","Nokia 6","panoplay.duckdns.org",,,"0","46",,,"Festival of Lights - Demo","1571493600000","e219b20a-08ad-47e9-8e97-c9cb52bddef3","77.16.54.0","false","false","true","Telenor Norge AS","en-US","./livestream/master.m3u8","1571495700000","1569888000000",,"Android","9",,"0","1",,"0","46","videojs",,"0","html5","videojs-7.6.0",,"03","732","412","0","WINDOW","0","playing","hls","1571495727000","8bf709fd-6238-48f7-ab0e-3bd75e247d9b","0","0","Horus Live","0","0","0","Horus Live","0","0","0","0",,,,,"web"
"v2.5.4","2119","0",,"Chrome Mobile","77","0","0",,"oslo","1571495735000","NO","04f6869e-e9f2-4137-b0dc-3f26e9cacaec","Mozilla/5.0 (Linux; Android 9; Nokia 6.1) AppleWebKit/537.36 (KHTML, like Gecko) Chrome/77.0.3865.116 Mobile Safari/537.36",,,,"1ab8ab18-1764-4ae1-9a85-91013b7dad6c","1571443200000","Nokia 6","panoplay.duckdns.org",,,"0","4",,,"Festival of Lights - Demo","1571493600000","e219b20a-08ad-47e9-8e97-c9cb52bddef3","77.16.54.0","false","false","true","Telenor Norge AS","en-US","./livestream/master.m3u8","1571495700000","1569888000000",,"Android","9",,"0","1",,"0","4","videojs",,"0","html5","videojs-7.6.0",,"03","732","412","0","WINDOW","0","playing","hls","1571495735000","8bf709fd-6238-48f7-ab0e-3bd75e247d9b","0","0","Horus Live","0","0","0","Horus Live","0","0","0","0",,,,,"web"
"v2.5.4","2119","0",,"Chrome Mobile","77","0","8415",,"oslo","1571495735000","NO","04f6869e-e9f2-4137-b0dc-3f26e9cacaec","Mozilla/5.0 (Linux; Android 9; Nokia 6.1) AppleWebKit/537.36 (KHTML, like Gecko) Chrome/77.0.3865.116 Mobile Safari/537.36",,,,"1ab8ab18-1764-4ae1-9a85-91013b7dad6c","1571443200000","Nokia 6","panoplay.duckdns.org",,,"0","8415",,,"Festival of Lights - Demo","1571493600000","e219b20a-08ad-47e9-8e97-c9cb52bddef3","77.16.54.0","false","false","true","Telenor Norge AS","en-US","./livestream/master.m3u8","1571495700000","1569888000000",,"Android","9",,"0","1",,"0","0","videojs",,"0","html5","videojs-7.6.0",,"03","732","412","0","WINDOW","0","rebuffering","hls","1571495735000","8bf709fd-6238-48f7-ab0e-3bd75e247d9b","0","0","Horus Live","0","0","0","Horus Live","0","0","0","0",,,,,"web"
"v2.5.4","2119","0",,"Chrome Mobile","77","0","0",,"oslo","1571495735000","NO","04f6869e-e9f2-4137-b0dc-3f26e9cacaec","Mozilla/5.0 (Linux; Android 9; Nokia 6.1) AppleWebKit/537.36 (KHTML, like Gecko) Chrome/77.0.3865.116 Mobile Safari/537.36",,,,"1ab8ab18-1764-4ae1-9a85-91013b7dad6c","1571443200000","Nokia 6","panoplay.duckdns.org",,,"0","90",,,"Festival of Lights - Demo","1571493600000","e219b20a-08ad-47e9-8e97-c9cb52bddef3","77.16.54.0","false","false","true","Telenor Norge AS","en-US","./livestream/master.m3u8","1571495700000","1569888000000",,"Android","9",,"0","1",,"90","0","videojs",,"0","html5","videojs-7.6.0",,"03","732","412","0","WINDOW","0","pause","hls","1571495735000","8bf709fd-6238-48f7-ab0e-3bd75e247d9b","0","0","Horus Live","0","0","0","Horus Live","0","0","0","0",,,,,"web"
"v2.5.4","2119","0",,"Chrome Mobile","77","0","0",,"oslo","1571495735000","NO","04f6869e-e9f2-4137-b0dc-3f26e9cacaec","Mozilla/5.0 (Linux; Android 9; Nokia 6.1) AppleWebKit/537.36 (KHTML, like Gecko) Chrome/77.0.3865.116 Mobile Safari/537.36",,,,"1ab8ab18-1764-4ae1-9a85-91013b7dad6c","1571443200000","Nokia 6","panoplay.duckdns.org",,,"0","16",,,"Festival of Lights - Demo","1571493600000","e219b20a-08ad-47e9-8e97-c9cb52bddef3","77.16.54.0","false","false","true","Telenor Norge AS","en-US","./livestream/master.m3u8","1571495700000","1569888000000",,"Android","9",,"0","1",,"0","16","videojs",,"0","html5","videojs-7.6.0",,"03","732","412","0","WINDOW","0","playing","hls","1571495735000","8bf709fd-6238-48f7-ab0e-3bd75e247d9b","0","0","Horus Live","0","0","0","Horus Live","0","0","0","0",,,,,"web"
"v2.5.4","2119","0",,"Chrome Mobile","77","0","2029",,"oslo","1571495737000","NO","04f6869e-e9f2-4137-b0dc-3f26e9cacaec","Mozilla/5.0 (Linux; Android 9; Nokia 6.1) AppleWebKit/537.36 (KHTML, like Gecko) Chrome/77.0.3865.116 Mobile Safari/537.36",,,,"1ab8ab18-1764-4ae1-9a85-91013b7dad6c","1571443200000","Nokia 6","panoplay.duckdns.org",,,"0","2029",,,"Festival of Lights - Demo","1571493600000","e219b20a-08ad-47e9-8e97-c9cb52bddef3","77.16.54.0","false","false","true","Telenor Norge AS","en-US","./livestream/master.m3u8","1571495700000","1569888000000",,"Android","9",,"0","1",,"0","0","videojs",,"0","html5","videojs-7.6.0",,"03","732","412","0","WINDOW","0","rebuffering","hls","1571495737000","8bf709fd-6238-48f7-ab0e-3bd75e247d9b","0","0","Horus Live","0","0","0","Horus Live","0","0","0","0",,,,,"web"
"v2.5.4","2119","0",,"Chrome Mobile","77","0","0",,"oslo","1571495737000","NO","04f6869e-e9f2-4137-b0dc-3f26e9cacaec","Mozilla/5.0 (Linux; Android 9; Nokia 6.1) AppleWebKit/537.36 (KHTML, like Gecko) Chrome/77.0.3865.116 Mobile Safari/537.36",,,,"1ab8ab18-1764-4ae1-9a85-91013b7dad6c","1571443200000","Nokia 6","panoplay.duckdns.org",,,"0","7",,,"Festival of Lights - Demo","1571493600000","e219b20a-08ad-47e9-8e97-c9cb52bddef3","77.16.54.0","false","false","true","Telenor Norge AS","en-US","./livestream/master.m3u8","1571495700000","1569888000000",,"Android","9",,"0","1",,"0","7","videojs",,"0","html5","videojs-7.6.0",,"03","732","412","0","WINDOW","0","playing","hls","1571495737000","8bf709fd-6238-48f7-ab0e-3bd75e247d9b","0","0","Horus Live","0","0","0","Horus Live","0","0","0","0",,,,,"web"
"v2.5.4","2119","0",,"Chrome Mobile","77","0","0",,"oslo","1571495737000","NO","04f6869e-e9f2-4137-b0dc-3f26e9cacaec","Mozilla/5.0 (Linux; Android 9; Nokia 6.1) AppleWebKit/537.36 (KHTML, like Gecko) Chrome/77.0.3865.116 Mobile Safari/537.36",,,,"1ab8ab18-1764-4ae1-9a85-91013b7dad6c","1571443200000","Nokia 6","panoplay.duckdns.org",,,"0","17",,,"Festival of Lights - Demo","1571493600000","e219b20a-08ad-47e9-8e97-c9cb52bddef3","77.16.54.0","false","false","true","Telenor Norge AS","en-US","./livestream/master.m3u8","1571495700000","1569888000000",,"Android","9",,"0","1",,"0","17","videojs",,"0","html5","videojs-7.6.0",,"03","732","412","0","WINDOW","0","playing","hls","1571495737000","8bf709fd-6238-48f7-ab0e-3bd75e247d9b","0","0","Horus Live","0","0","0","Horus Live","0","0","0","0",,,,,"web"
"v2.5.4","2119","0",,"Chrome Mobile","77","0","0",,"oslo","1571495737000","NO","04f6869e-e9f2-4137-b0dc-3f26e9cacaec","Mozilla/5.0 (Linux; Android 9; Nokia 6.1) AppleWebKit/537.36 (KHTML, like Gecko) Chrome/77.0.3865.116 Mobile Safari/537.36",,,,"1ab8ab18-1764-4ae1-9a85-91013b7dad6c","1571443200000","Nokia 6","panoplay.duckdns.org",,,"0","99",,,"Festival of Lights - Demo","1571493600000","e219b20a-08ad-47e9-8e97-c9cb52bddef3","77.16.54.0","false","false","true","Telenor Norge AS","en-US","./livestream/master.m3u8","1571495700000","1569888000000",,"Android","9",,"0","1",,"99","0","videojs",,"0","html5","videojs-7.6.0",,"03","732","412","0","WINDOW","0","pause","hls","1571495737000","8bf709fd-6238-48f7-ab0e-3bd75e247d9b","0","0","Horus Live","0","0","0","Horus Live","0","0","0","0",,,,,"web"
"v2.5.4","2119","0",,"Chrome Mobile","77","0","0",,"oslo","1571495738000","NO","04f6869e-e9f2-4137-b0dc-3f26e9cacaec","Mozilla/5.0 (Linux; Android 9; Nokia 6.1) AppleWebKit/537.36 (KHTML, like Gecko) Chrome/77.0.3865.116 Mobile Safari/537.36",,,,"1ab8ab18-1764-4ae1-9a85-91013b7dad6c","1571443200000","Nokia 6","panoplay.duckdns.org",,,"0","3",,,"Festival of Lights - Demo","1571493600000","e219b20a-08ad-47e9-8e97-c9cb52bddef3","77.16.54.0","false","false","true","Telenor Norge AS","en-US","./livestream/master.m3u8","1571495700000","1569888000000",,"Android","9",,"0","1",,"0","3","videojs",,"0","html5","videojs-7.6.0",,"03","732","412","0","WINDOW","0","playing","hls","1571495738000","8bf709fd-6238-48f7-ab0e-3bd75e247d9b","0","0","Horus Live","0","0","0","Horus Live","0","0","0","0",,,,,"web"
"v2.5.4","2119","0",,"Chrome Mobile","77","0","708",,"oslo","1571495738000","NO","04f6869e-e9f2-4137-b0dc-3f26e9cacaec","Mozilla/5.0 (Linux; Android 9; Nokia 6.1) AppleWebKit/537.36 (KHTML, like Gecko) Chrome/77.0.3865.116 Mobile Safari/537.36",,,,"1ab8ab18-1764-4ae1-9a85-91013b7dad6c","1571443200000","Nokia 6","panoplay.duckdns.org",,,"0","708",,,"Festival of Lights - Demo","1571493600000","e219b20a-08ad-47e9-8e97-c9cb52bddef3","77.16.54.0","false","false","true","Telenor Norge AS","en-US","./livestream/master.m3u8","1571495700000","1569888000000",,"Android","9",,"0","1",,"0","0","videojs",,"0","html5","videojs-7.6.0",,"03","732","412","0","WINDOW","0","rebuffering","hls","1571495738000","8bf709fd-6238-48f7-ab0e-3bd75e247d9b","0","0","Horus Live","0","0","0","Horus Live","0","0","0","0",,,,,"web"
"v2.5.4","2119","0",,"Chrome Mobile","77","0","0",,"oslo","1571495738000","NO","04f6869e-e9f2-4137-b0dc-3f26e9cacaec","Mozilla/5.0 (Linux; Android 9; Nokia 6.1) AppleWebKit/537.36 (KHTML, like Gecko) Chrome/77.0.3865.116 Mobile Safari/537.36",,,,"1ab8ab18-1764-4ae1-9a85-91013b7dad6c","1571443200000","Nokia 6","panoplay.duckdns.org",,,"0","126",,,"Festival of Lights - Demo","1571493600000","e219b20a-08ad-47e9-8e97-c9cb52bddef3","77.16.54.0","false","false","true","Telenor Norge AS","en-US","./livestream/master.m3u8","1571495700000","1569888000000",,"Android","9",,"0","1",,"126","0","videojs",,"0","html5","videojs-7.6.0",,"03","732","412","0","WINDOW","0","pause","hls","1571495738000","8bf709fd-6238-48f7-ab0e-3bd75e247d9b","0","0","Horus Live","0","0","0","Horus Live","0","0","0","0",,,,,"web"
"v2.5.4","2119","0",,"Chrome Mobile","77","0","0",,"oslo","1571495738000","NO","04f6869e-e9f2-4137-b0dc-3f26e9cacaec","Mozilla/5.0 (Linux; Android 9; Nokia 6.1) AppleWebKit/537.36 (KHTML, like Gecko) Chrome/77.0.3865.116 Mobile Safari/537.36",,,,"1ab8ab18-1764-4ae1-9a85-91013b7dad6c","1571443200000","Nokia 6","panoplay.duckdns.org",,,"0","22",,,"Festival of Lights - Demo","1571493600000","e219b20a-08ad-47e9-8e97-c9cb52bddef3","77.16.54.0","false","false","true","Telenor Norge AS","en-US","./livestream/master.m3u8","1571495700000","1569888000000",,"Android","9",,"0","1",,"0","22","videojs",,"0","html5","videojs-7.6.0",,"03","732","412","0","WINDOW","0","playing","hls","1571495738000","8bf709fd-6238-48f7-ab0e-3bd75e247d9b","0","0","Horus Live","0","0","0","Horus Live","0","0","0","0",,,,,"web"
"v2.5.4","680","0",,"Chrome Mobile","77","0","0",,"berlin","1571496012000","DE","14697675-ee61-4b5c-bef0-2a1d8c6445f3","Mozilla/5.0 (Linux; Android 9; Nokia 6.1) AppleWebKit/537.36 (KHTML, like Gecko) Chrome/77.0.3865.116 Mobile Safari/537.36",,,,"e8d006e1-a37b-43c5-bfd7-efea9b58afcc","1571443200000","Nokia 6","panoplay.duckdns.org",,,"0","153",,,"Festival of Lights - Demo","1571493600000","99faddd9-6500-471d-9f59-46b43f56870f","193.175.2.0","false","false","true","Verein zur Foerderung eines Deutschen Forschungsne","en-US","./livestream/master.m3u8","1571496000000","1569888000000",,"Android","9",,"2317","1",,"0","0","videojs",,"153","html5","videojs-7.6.0",,"BE","732","412","0","WINDOW","0","setup","hls","1571496012000","9f2a5fa8-5279-4129-aaeb-49bb75b57d2a","0","0","Horus Live","0","0","0","Horus Live","0","0","0","0",,,,,"web"
"v2.5.4","680","0",,"Chrome Mobile","77","0","0",,"berlin","1571496013000","DE","14697675-ee61-4b5c-bef0-2a1d8c6445f3","Mozilla/5.0 (Linux; Android 9; Nokia 6.1) AppleWebKit/537.36 (KHTML, like Gecko) Chrome/77.0.3865.116 Mobile Safari/537.36",,,,"e8d006e1-a37b-43c5-bfd7-efea9b58afcc","1571443200000","Nokia 6","panoplay.duckdns.org",,,"0","0","4","The media could not be loaded, either because the server or network failed or because the format is not supported.","Festival of Lights - Demo","1571493600000","99faddd9-6500-471d-9f59-46b43f56870f","193.175.2.0","false","true","true","Verein zur Foerderung eines Deutschen Forschungsne","en-US","./livestream/master.m3u8","1571496000000","1569888000000",,"Android","9",,"0","1",,"0","0","videojs",,"0","html5","videojs-7.6.0",,"BE","732","412","0","WINDOW","0","error","hls","1571496013000","9f2a5fa8-5279-4129-aaeb-49bb75b57d2a","0",,"Horus Live","2816","2816","0","Horus Live","0","0","20020","20020",,,,,"web"
"v2.5.4","680","0","true","Chrome Mobile","77","0","0",,"berlin","1571496013000","DE","14697675-ee61-4b5c-bef0-2a1d8c6445f3","Mozilla/5.0 (Linux; Android 9; Nokia 6.1) AppleWebKit/537.36 (KHTML, like Gecko) Chrome/77.0.3865.116 Mobile Safari/537.36",,,,"e8d006e1-a37b-43c5-bfd7-efea9b58afcc","1571443200000","Nokia 6","panoplay.duckdns.org",,,"0","876",,,"Festival of Lights - Demo","1571493600000","99faddd9-6500-471d-9f59-46b43f56870f","193.175.2.0","false","true","true","Verein zur Foerderung eines Deutschen Forschungsne","en-US","./livestream/master.m3u8","1571496000000","1569888000000",,"Android","9",,"0","1",,"0","0","videojs",,"0","html5","videojs-7.6.0",,"BE","732","412","0","WINDOW","1029","startup","hls","1571496013000","9f2a5fa8-5279-4129-aaeb-49bb75b57d2a","0",,"Horus Live","2816","2816","876","Horus Live","0","0","20020","0",,,,,"web"
"v2.5.4","680","0",,"Firefox Mobile","68","0","0",,"berlin","1571496025000","DE","41387422-00e2-41e6-a025-8abf2ecd3a6e","Mozilla/5.0 (Android 9; Mobile; rv:68.0) Gecko/68.0 Firefox/68.0",,,,"533dafd1-f5e0-4314-965b-1e2474307d5e","1571443200000","Generic Smartphone","panoplay.duckdns.org",,,"0","600",,,"Festival of Lights - Demo","1571493600000","b39f5fae-f80c-480b-9b8c-854278bda832","193.175.2.0","false","false","true","Verein zur Foerderung eines Deutschen Forschungsne","en-US","./livestream/master.m3u8","1571496000000","1569888000000",,"Android","9",,"2928","1",,"0","0","videojs",,"600","html5","videojs-7.6.0",,"BE","688","414","0","WINDOW","0","setup","hls","1571496025000","01ca2c78-5604-4b3b-946b-f499b19c8246","0","0","Horus Live","0","0","0","Horus Live","0","0","0","0",,,,,"web"
"v2.5.4","680","0",,"Firefox Mobile","68","0","0",,"berlin","1571496028000","DE","41387422-00e2-41e6-a025-8abf2ecd3a6e","Mozilla/5.0 (Android 9; Mobile; rv:68.0) Gecko/68.0 Firefox/68.0",,,,"533dafd1-f5e0-4314-965b-1e2474307d5e","1571443200000","Generic Smartphone","panoplay.duckdns.org",,,"0","0",,,"Festival of Lights - Demo","1571493600000","b39f5fae-f80c-480b-9b8c-854278bda832","193.175.2.0","false","true","true","Verein zur Foerderung eines Deutschen Forschungsne","en-US","./livestream/master.m3u8","1571496000000","1569888000000",,"Android","9",,"0","1",,"0","0","videojs",,"0","html5","videojs-7.6.0",,"BE","688","414","0","WINDOW","0","qualitychange","hls","1571496028000","01ca2c78-5604-4b3b-946b-f499b19c8246","4400000",,"Horus Live","2816","2816","0","Horus Live","0","0","20020","20020",,,,,"web"
"v2.5.4","680","0","true","Firefox Mobile","68","0","0",,"berlin","1571496028000","DE","41387422-00e2-41e6-a025-8abf2ecd3a6e","Mozilla/5.0 (Android 9; Mobile; rv:68.0) Gecko/68.0 Firefox/68.0",,,,"533dafd1-f5e0-4314-965b-1e2474307d5e","1571443200000","Generic Smartphone","panoplay.duckdns.org",,,"0","3252",,,"Festival of Lights - Demo","1571493600000","b39f5fae-f80c-480b-9b8c-854278bda832","193.175.2.0","false","true","true","Verein zur Foerderung eines Deutschen Forschungsne","en-US","./livestream/master.m3u8","1571496000000","1569888000000",,"Android","9",,"0","1",,"0","0","videojs",,"0","html5","videojs-7.6.0",,"BE","688","414","0","WINDOW","3852","startup","hls","1571496028000","01ca2c78-5604-4b3b-946b-f499b19c8246","0",,"Horus Live","2816","2816","3252","Horus Live","0","0","20020","0",,,,,"web"
"v2.5.4","680","0",,"Firefox Mobile","68","0","0",,"berlin","1571496028000","DE","41387422-00e2-41e6-a025-8abf2ecd3a6e","Mozilla/5.0 (Android 9; Mobile; rv:68.0) Gecko/68.0 Firefox/68.0",,,,"533dafd1-f5e0-4314-965b-1e2474307d5e","1571443200000","Generic Smartphone","panoplay.duckdns.org",,,"0","26",,,"Festival of Lights - Demo","1571493600000","b39f5fae-f80c-480b-9b8c-854278bda832","193.175.2.0","false","true","true","Verein zur Foerderung eines Deutschen Forschungsne","en-US","./livestream/master.m3u8","1571496000000","1569888000000",,"Android","9",,"0","1",,"0","26","videojs",,"0","html5","videojs-7.6.0",,"BE","688","414","0","WINDOW","0","playing","hls","1571496028000","01ca2c78-5604-4b3b-946b-f499b19c8246","0",,"Horus Live","2816","2816","0","Horus Live","0","0","20020","20020",,,,,"web"
"v2.5.4","680","0",,"Firefox Mobile","68","0","0",,"berlin","1571496033000","DE","41387422-00e2-41e6-a025-8abf2ecd3a6e","Mozilla/5.0 (Android 9; Mobile; rv:68.0) Gecko/68.0 Firefox/68.0",,,,"533dafd1-f5e0-4314-965b-1e2474307d5e","1571443200000","Generic Smartphone","panoplay.duckdns.org",,,"0","0",,,"Festival of Lights - Demo","1571493600000","b39f5fae-f80c-480b-9b8c-854278bda832","193.175.2.0","false","true","true","Verein zur Foerderung eines Deutschen Forschungsne","en-US","./livestream/master.m3u8","1571496000000","1569888000000",,"Android","9",,"0","1",,"0","0","videojs",,"0","html5","videojs-7.6.0",,"BE","688","414","0","WINDOW","0","qualitychange","hls","1571496033000","01ca2c78-5604-4b3b-946b-f499b19c8246","6600000",,"Horus Live","2816","2816","0","Horus Live","0","0","24618","24618",,,,,"web"
"v2.5.4","680","0",,"Firefox Mobile","68","0","0",,"berlin","1571496033000","DE","41387422-00e2-41e6-a025-8abf2ecd3a6e","Mozilla/5.0 (Android 9; Mobile; rv:68.0) Gecko/68.0 Firefox/68.0",,,,"533dafd1-f5e0-4314-965b-1e2474307d5e","1571443200000","Generic Smartphone","panoplay.duckdns.org",,,"0","4609",,,"Festival of Lights - Demo","1571493600000","b39f5fae-f80c-480b-9b8c-854278bda832","193.175.2.0","false","true","true","Verein zur Foerderung eines Deutschen Forschungsne","en-US","./livestream/master.m3u8","1571496000000","1569888000000",,"Android","9",,"0","1",,"0","4609","videojs",,"0","html5","videojs-7.6.0",,"BE","688","414","0","WINDOW","0","playing","hls","1571496033000","01ca2c78-5604-4b3b-946b-f499b19c8246","4400000",,"Horus Live","2816","2816","0","Horus Live","0","0","24618","20020",,,,,"web"
"v2.5.4","680","0",,"Firefox Mobile","68","0","0",,"berlin","1571496093000","DE","41387422-00e2-41e6-a025-8abf2ecd3a6e","Mozilla/5.0 (Android 9; Mobile; rv:68.0) Gecko/68.0 Firefox/68.0",,,,"533dafd1-f5e0-4314-965b-1e2474307d5e","1571443200000","Generic Smartphone","panoplay.duckdns.org",,,"0","59959",,,"Festival of Lights - Demo","1571493600000","b39f5fae-f80c-480b-9b8c-854278bda832","193.175.2.0","false","true","true","Verein zur Foerderung eines Deutschen Forschungsne","en-US","./livestream/master.m3u8","1571496060000","1569888000000",,"Android","9",,"0","1",,"0","59959","videojs",,"0","html5","videojs-7.6.0",,"BE","688","414","0","WINDOW","0","playing","hls","1571496093000","01ca2c78-5604-4b3b-946b-f499b19c8246","6600000",,"Horus Live","2816","2816","0","Horus Live","0","0","84610","24618",,,,,"web"
"v2.5.4","680","0",,"Firefox Mobile","68","0","0",,"berlin","1571496153000","DE","41387422-00e2-41e6-a025-8abf2ecd3a6e","Mozilla/5.0 (Android 9; Mobile; rv:68.0) Gecko/68.0 Firefox/68.0",,,,"533dafd1-f5e0-4314-965b-1e2474307d5e","1571443200000","Generic Smartphone","panoplay.duckdns.org",,,"0","59770",,,"Festival of Lights - Demo","1571493600000","b39f5fae-f80c-480b-9b8c-854278bda832","193.175.2.0","false","true","true","Verein zur Foerderung eines Deutschen Forschungsne","en-US","./livestream/master.m3u8","1571496120000","1569888000000",,"Android","9",,"0","1",,"0","59770","videojs",,"0","html5","videojs-7.6.0",,"BE","688","414","0","WINDOW","0","playing","hls","1571496153000","01ca2c78-5604-4b3b-946b-f499b19c8246","6600000",,"Horus Live","2816","2816","0","Horus Live","0","0","144383","84610",,,,,"web"
"v2.5.4","680","0",,"Firefox Mobile","68","0","0",,"berlin","1571496213000","DE","41387422-00e2-41e6-a025-8abf2ecd3a6e","Mozilla/5.0 (Android 9; Mobile; rv:68.0) Gecko/68.0 Firefox/68.0",,,,"533dafd1-f5e0-4314-965b-1e2474307d5e","1571443200000","Generic Smartphone","panoplay.duckdns.org",,,"0","59863",,,"Festival of Lights - Demo","1571493600000","b39f5fae-f80c-480b-9b8c-854278bda832","193.175.2.0","false","true","true","Verein zur Foerderung eines Deutschen Forschungsne","en-US","./livestream/master.m3u8","1571496180000","1569888000000",,"Android","9",,"0","1",,"0","59863","videojs",,"0","html5","videojs-7.6.0",,"BE","688","414","0","WINDOW","0","playing","hls","1571496213000","01ca2c78-5604-4b3b-946b-f499b19c8246","6600000",,"Horus Live","2816","2816","0","Horus Live","0","0","204237","144383",,,,,"web"
"v2.5.4","680","0",,"Firefox Mobile","68","0","0",,"berlin","1571496272000","DE","41387422-00e2-41e6-a025-8abf2ecd3a6e","Mozilla/5.0 (Android 9; Mobile; rv:68.0) Gecko/68.0 Firefox/68.0",,,,"533dafd1-f5e0-4314-965b-1e2474307d5e","1571443200000","Generic Smartphone","panoplay.duckdns.org",,,"0","59765",,,"Festival of Lights - Demo","1571493600000","b39f5fae-f80c-480b-9b8c-854278bda832","193.175.2.0","false","true","true","Verein zur Foerderung eines Deutschen Forschungsne","en-US","./livestream/master.m3u8","1571496240000","1569888000000",,"Android","9",,"0","1",,"0","59765","videojs",,"0","html5","videojs-7.6.0",,"BE","688","414","0","WINDOW","0","playing","hls","1571496272000","01ca2c78-5604-4b3b-946b-f499b19c8246","6600000",,"Horus Live","2816","2816","0","Horus Live","0","0","264004","204237",,,,,"web"
"v2.5.4","680","0",,"Firefox Mobile","68","0","0",,"berlin","1571496715000","DE","41387422-00e2-41e6-a025-8abf2ecd3a6e","Mozilla/5.0 (Android 9; Mobile; rv:68.0) Gecko/68.0 Firefox/68.0",,,,"533dafd1-f5e0-4314-965b-1e2474307d5e","1571443200000","Generic Smartphone","panoplay.duckdns.org",,,"0","59791",,,"Festival of Lights - Demo","1571493600000","b39f5fae-f80c-480b-9b8c-854278bda832","193.175.2.0","false","true","true","Verein zur Foerderung eines Deutschen Forschungsne","en-US","./livestream/master.m3u8","1571496660000","1569888000000",,"Android","9",,"0","1",,"0","59791","videojs",,"0","html5","videojs-7.6.0",,"BE","688","414","0","WINDOW","0","end","hls","1571496715000","01ca2c78-5604-4b3b-946b-f499b19c8246","6600000",,"Horus Live","2816","2816","0","Horus Live","0","0","663380","603539",,,,,"web"
"v2.5.4","680","0",,"Firefox Mobile","68","0","0",,"berlin","1571496735000","DE","1b23484b-f3b8-45e8-a8cd-dc3d06864d21","Mozilla/5.0 (Android 9; Mobile; rv:68.0) Gecko/68.0 Firefox/68.0",,,,"533dafd1-f5e0-4314-965b-1e2474307d5e","1571443200000","Generic Smartphone","panoplay.duckdns.org",,,"0","367",,,"Festival of Lights - Demo","1571493600000","992c54d2-97e1-49a1-87e7-de4434961448","193.175.2.0","false","false","true","Verein zur Foerderung eines Deutschen Forschungsne","en-US","./livestream/master.m3u8","1571496720000","1569888000000",,"Android","9",,"2211","1",,"0","0","videojs",,"367","html5","videojs-7.6.0",,"BE","688","414","0","WINDOW","0","setup","hls","1571496735000","01ca2c78-5604-4b3b-946b-f499b19c8246","0","0","Horus Live","0","0","0","Horus Live","0","0","0","0",,,,,"web"
"v2.5.4","680","0",,"Firefox Mobile","68","0","0",,"berlin","1571496737000","DE","1b23484b-f3b8-45e8-a8cd-dc3d06864d21","Mozilla/5.0 (Android 9; Mobile; rv:68.0) Gecko/68.0 Firefox/68.0",,,,"533dafd1-f5e0-4314-965b-1e2474307d5e","1571443200000","Generic Smartphone","panoplay.duckdns.org",,,"0","19",,,"Festival of Lights - Demo","1571493600000","992c54d2-97e1-49a1-87e7-de4434961448","193.175.2.0","false","true","true","Verein zur Foerderung eines Deutschen Forschungsne","en-US","./livestream/master.m3u8","1571496720000","1569888000000",,"Android","9",,"0","1",,"0","19","videojs",,"0","html5","videojs-7.6.0",,"BE","688","414","0","WINDOW","0","playing","hls","1571496737000","01ca2c78-5604-4b3b-946b-f499b19c8246","0",,"Horus Live","2816","2816","0","Horus Live","0","0","20020","20020",,,,,"web"
"v2.5.4","680","0","true","Firefox Mobile","68","0","0",,"berlin","1571496737000","DE","1b23484b-f3b8-45e8-a8cd-dc3d06864d21","Mozilla/5.0 (Android 9; Mobile; rv:68.0) Gecko/68.0 Firefox/68.0",,,,"533dafd1-f5e0-4314-965b-1e2474307d5e","1571443200000","Generic Smartphone","panoplay.duckdns.org",,,"0","2463",,,"Festival of Lights - Demo","1571493600000","992c54d2-97e1-49a1-87e7-de4434961448","193.175.2.0","false","true","true","Verein zur Foerderung eines Deutschen Forschungsne","en-US","./livestream/master.m3u8","1571496720000","1569888000000",,"Android","9",,"0","1",,"0","0","videojs",,"0","html5","videojs-7.6.0",,"BE","688","414","0","WINDOW","2830","startup","hls","1571496737000","01ca2c78-5604-4b3b-946b-f499b19c8246","0",,"Horus Live","2816","2816","2463","Horus Live","0","0","20020","0",,,,,"web"
"v2.5.4","680","0",,"Firefox Mobile","68","0","0",,"berlin","1571496737000","DE","1b23484b-f3b8-45e8-a8cd-dc3d06864d21","Mozilla/5.0 (Android 9; Mobile; rv:68.0) Gecko/68.0 Firefox/68.0",,,,"533dafd1-f5e0-4314-965b-1e2474307d5e","1571443200000","Generic Smartphone","panoplay.duckdns.org",,,"0","0",,,"Festival of Lights - Demo","1571493600000","992c54d2-97e1-49a1-87e7-de4434961448","193.175.2.0","false","true","true","Verein zur Foerderung eines Deutschen Forschungsne","en-US","./livestream/master.m3u8","1571496720000","1569888000000",,"Android","9",,"0","1",,"0","0","videojs",,"0","html5","videojs-7.6.0",,"BE","688","414","0","WINDOW","0","qualitychange","hls","1571496737000","01ca2c78-5604-4b3b-946b-f499b19c8246","6600000",,"Horus Live","2816","2816","0","Horus Live","0","0","20020","20020",,,,,"web"
"v2.5.4","680","0",,"Firefox Mobile","68","0","0",,"berlin","1571496797000","DE","1b23484b-f3b8-45e8-a8cd-dc3d06864d21","Mozilla/5.0 (Android 9; Mobile; rv:68.0) Gecko/68.0 Firefox/68.0",,,,"533dafd1-f5e0-4314-965b-1e2474307d5e","1571443200000","Generic Smartphone","panoplay.duckdns.org",,,"0","59905",,,"Festival of Lights - Demo","1571493600000","992c54d2-97e1-49a1-87e7-de4434961448","193.175.2.0","false","true","true","Verein zur Foerderung eines Deutschen Forschungsne","en-US","./livestream/master.m3u8","1571496780000","1569888000000",,"Android","9",,"0","1",,"0","59905","videojs",,"0","html5","videojs-7.6.0",,"BE","688","414","0","WINDOW","0","playing","hls","1571496797000","01ca2c78-5604-4b3b-946b-f499b19c8246","6600000",,"Horus Live","2816","2816","0","Horus Live","0","0","79917","20020",,,,,"web"
"v2.5.4","680","0",,"Firefox Mobile","68","0","0",,"berlin","1571496857000","DE","1b23484b-f3b8-45e8-a8cd-dc3d06864d21","Mozilla/5.0 (Android 9; Mobile; rv:68.0) Gecko/68.0 Firefox/68.0",,,,"533dafd1-f5e0-4314-965b-1e2474307d5e","1571443200000","Generic Smartphone","panoplay.duckdns.org",,,"0","59939",,,"Festival of Lights - Demo","1571493600000","992c54d2-97e1-49a1-87e7-de4434961448","193.175.2.0","false","true","true","Verein zur Foerderung eines Deutschen Forschungsne","en-US","./livestream/master.m3u8","1571496840000","1569888000000",,"Android","9",,"0","1",,"0","59939","videojs",,"0","html5","videojs-7.6.0",,"BE","688","414","0","WINDOW","0","playing","hls","1571496857000","01ca2c78-5604-4b3b-946b-f499b19c8246","6600000",,"Horus Live","2816","2816","0","Horus Live","0","0","139866","79917",,,,,"web"
"v2.5.4","680","0",,"Firefox Mobile","68","0","0",,"berlin","1571496917000","DE","1b23484b-f3b8-45e8-a8cd-dc3d06864d21","Mozilla/5.0 (Android 9; Mobile; rv:68.0) Gecko/68.0 Firefox/68.0",,,,"533dafd1-f5e0-4314-965b-1e2474307d5e","1571443200000","Generic Smartphone","panoplay.duckdns.org",,,"0","59851",,,"Festival of Lights - Demo","1571493600000","992c54d2-97e1-49a1-87e7-de4434961448","193.175.2.0","false","true","true","Verein zur Foerderung eines Deutschen Forschungsne","en-US","./livestream/master.m3u8","1571496900000","1569888000000",,"Android","9",,"0","1",,"0","59851","videojs",,"0","html5","videojs-7.6.0",,"BE","688","414","0","WINDOW","0","playing","hls","1571496917000","01ca2c78-5604-4b3b-946b-f499b19c8246","6600000",,"Horus Live","2816","2816","0","Horus Live","0","0","199716","139866",,,,,"web"
"v2.5.4","3209","0",,"Mobile Safari","12","1","0",,"berlin","1571497313000","DE","9566e9e9-2a63-4e9b-a743-cf5d1635706e","Mozilla/5.0 (iPhone; CPU iPhone OS 12_4_1 like Mac OS X) AppleWebKit/605.1.15 (KHTML, like Gecko) Version/12.1.2 Mobile/15E148 Safari/604.1",,,,"cba93630-ea2c-4260-a756-04ac5c07c283","1571443200000","iPhone","panoplay.duckdns.org",,,"0","0","4","The media could not be loaded, either because the server or network failed or because the format is not supported.","Festival of Lights - Demo","1571497200000","87936fb9-2533-4e20-946f-9b558fcceb06","109.41.1.0","false","false","true","Vodafone GmbH","en-US","./livestream/master.m3u8","1571497260000","1569888000000",,"iOS","12","4","0","1",,"0","0","videojs",,"0","html5","videojs-7.6.0",,"BE","667","375","0","WINDOW","0","error","hls","1571497313000","495af856-fca0-4d66-ab13-43364ef4cb3a","0","0","Horus Live","0","0","0","Horus Live","0","0","0","0",,,,,"web"
"v2.5.4","3209","0",,"Mobile Safari","12","1","0",,"berlin","1571497313000","DE","9566e9e9-2a63-4e9b-a743-cf5d1635706e","Mozilla/5.0 (iPhone; CPU iPhone OS 12_4_1 like Mac OS X) AppleWebKit/605.1.15 (KHTML, like Gecko) Version/12.1.2 Mobile/15E148 Safari/604.1",,,,"cba93630-ea2c-4260-a756-04ac5c07c283","1571443200000","iPhone","panoplay.duckdns.org",,,"0","82",,,"Festival of Lights - Demo","1571497200000","87936fb9-2533-4e20-946f-9b558fcceb06","109.41.1.0","false","false","true","Vodafone GmbH","en-US","./livestream/master.m3u8","1571497260000","1569888000000",,"iOS","12","4","1625","1",,"0","0","videojs",,"82","html5","videojs-7.6.0",,"BE","667","375","0","WINDOW","0","setup","hls","1571497313000","495af856-fca0-4d66-ab13-43364ef4cb3a","0","0","Horus Live","0","0","0","Horus Live","0","0","0","0",,,,,"web"
"v2.5.4","680","0",,"Chrome Mobile","77","0","0",,"berlin","1571498192000","DE","dd66a61c-cd97-4836-8c3e-0e2c24e688d5","Mozilla/5.0 (Linux; Android 9; Nokia 6.1) AppleWebKit/537.36 (KHTML, like Gecko) Chrome/77.0.3865.116 Mobile Safari/537.36",,,,"e8d006e1-a37b-43c5-bfd7-efea9b58afcc","1571443200000","Nokia 6","panoplay.duckdns.org",,,"0","164",,,"Festival of Lights - Demo","1571497200000","7d340093-0b4a-43c5-9ecc-e581e8876d44","193.175.2.0","false","false","true","Verein zur Foerderung eines Deutschen Forschungsne","en-US","./livestream/master.m3u8","1571498160000","1569888000000",,"Android","9",,"2003","1",,"0","0","videojs",,"164","html5","videojs-7.6.0",,"BE","732","412","0","WINDOW","0","setup","hls","1571498192000","32dddbb3-ee45-4303-bf1b-d7dcd01424b4","0","0","Horus Live","0","0","0","Horus Live","0","0","0","0",,,,,"web"
"v2.5.4","680","0","true","Chrome Mobile","77","0","0",,"berlin","1571498193000","DE","dd66a61c-cd97-4836-8c3e-0e2c24e688d5","Mozilla/5.0 (Linux; Android 9; Nokia 6.1) AppleWebKit/537.36 (KHTML, like Gecko) Chrome/77.0.3865.116 Mobile Safari/537.36",,,,"e8d006e1-a37b-43c5-bfd7-efea9b58afcc","1571443200000","Nokia 6","panoplay.duckdns.org",,,"0","1100",,,"Festival of Lights - Demo","1571497200000","7d340093-0b4a-43c5-9ecc-e581e8876d44","193.175.2.0","false","true","true","Verein zur Foerderung eines Deutschen Forschungsne","en-US","./livestream/master.m3u8","1571498160000","1569888000000",,"Android","9",,"0","1",,"0","0","videojs",,"0","html5","videojs-7.6.0",,"BE","732","412","0","WINDOW","1264","startup","hls","1571498193000","32dddbb3-ee45-4303-bf1b-d7dcd01424b4","0",,"Horus Live","2816","2816","1100","Horus Live","0","0","20020","0",,,,,"web"
"v2.5.4","680","0",,"Chrome Mobile","77","0","0",,"berlin","1571498193000","DE","dd66a61c-cd97-4836-8c3e-0e2c24e688d5","Mozilla/5.0 (Linux; Android 9; Nokia 6.1) AppleWebKit/537.36 (KHTML, like Gecko) Chrome/77.0.3865.116 Mobile Safari/537.36",,,,"e8d006e1-a37b-43c5-bfd7-efea9b58afcc","1571443200000","Nokia 6","panoplay.duckdns.org",,,"0","0","4","The media could not be loaded, either because the server or network failed or because the format is not supported.","Festival of Lights - Demo","1571497200000","7d340093-0b4a-43c5-9ecc-e581e8876d44","193.175.2.0","false","true","true","Verein zur Foerderung eines Deutschen Forschungsne","en-US","./livestream/master.m3u8","1571498160000","1569888000000",,"Android","9",,"0","1",,"0","0","videojs",,"0","html5","videojs-7.6.0",,"BE","732","412","0","WINDOW","0","error","hls","1571498193000","32dddbb3-ee45-4303-bf1b-d7dcd01424b4","0",,"Horus Live","2816","2816","0","Horus Live","0","0","20020","20020",,,,,"web"
"v2.5.4","680","0",,"Firefox Mobile","68","0","0",,"berlin","1571498210000","DE","5ac55c0a-59b3-42b4-aa85-1ae791e213a3","Mozilla/5.0 (Android 9; Mobile; rv:68.0) Gecko/68.0 Firefox/68.0",,,,"533dafd1-f5e0-4314-965b-1e2474307d5e","1571443200000","Generic Smartphone","panoplay.duckdns.org",,,"0","550",,,"Festival of Lights - Demo","1571497200000","09cb0177-b14b-40d6-ab6f-c309ceab815a","193.175.2.0","false","false","true","Verein zur Foerderung eines Deutschen Forschungsne","en-US","./livestream/master.m3u8","1571498160000","1569888000000",,"Android","9",,"2246","1",,"0","0","videojs",,"550","html5","videojs-7.6.0",,"BE","688","414","0","WINDOW","0","setup","hls","1571498210000","10ad70dd-538e-4991-89f2-c3dd62b75064","0","0","Horus Live","0","0","0","Horus Live","0","0","0","0",,,,,"web"
"v2.5.4","680","0","true","Firefox Mobile","68","0","0",,"berlin","1571498213000","DE","5ac55c0a-59b3-42b4-aa85-1ae791e213a3","Mozilla/5.0 (Android 9; Mobile; rv:68.0) Gecko/68.0 Firefox/68.0",,,,"533dafd1-f5e0-4314-965b-1e2474307d5e","1571443200000","Generic Smartphone","panoplay.duckdns.org",,,"0","3491",,,"Festival of Lights - Demo","1571497200000","09cb0177-b14b-40d6-ab6f-c309ceab815a","193.175.2.0","false","true","true","Verein zur Foerderung eines Deutschen Forschungsne","en-US","./livestream/master.m3u8","1571498160000","1569888000000",,"Android","9",,"0","1",,"0","0","videojs",,"0","html5","videojs-7.6.0",,"BE","688","414","0","WINDOW","4041","startup","hls","1571498213000","10ad70dd-538e-4991-89f2-c3dd62b75064","0",,"Horus Live","2816","2816","3491","Horus Live","0","0","20020","0",,,,,"web"
"v2.5.4","680","0",,"Firefox Mobile","68","0","0",,"berlin","1571498213000","DE","5ac55c0a-59b3-42b4-aa85-1ae791e213a3","Mozilla/5.0 (Android 9; Mobile; rv:68.0) Gecko/68.0 Firefox/68.0",,,,"533dafd1-f5e0-4314-965b-1e2474307d5e","1571443200000","Generic Smartphone","panoplay.duckdns.org",,,"0","0",,,"Festival of Lights - Demo","1571497200000","09cb0177-b14b-40d6-ab6f-c309ceab815a","193.175.2.0","false","true","true","Verein zur Foerderung eines Deutschen Forschungsne","en-US","./livestream/master.m3u8","1571498160000","1569888000000",,"Android","9",,"0","1",,"0","0","videojs",,"0","html5","videojs-7.6.0",,"BE","688","414","0","WINDOW","0","qualitychange","hls","1571498213000","10ad70dd-538e-4991-89f2-c3dd62b75064","4400000",,"Horus Live","2816","2816","0","Horus Live","0","0","20020","20020",,,,,"web"
"v2.5.4","680","0",,"Firefox Mobile","68","0","0",,"berlin","1571498213000","DE","5ac55c0a-59b3-42b4-aa85-1ae791e213a3","Mozilla/5.0 (Android 9; Mobile; rv:68.0) Gecko/68.0 Firefox/68.0",,,,"533dafd1-f5e0-4314-965b-1e2474307d5e","1571443200000","Generic Smartphone","panoplay.duckdns.org",,,"0","6",,,"Festival of Lights - Demo","1571497200000","09cb0177-b14b-40d6-ab6f-c309ceab815a","193.175.2.0","false","true","true","Verein zur Foerderung eines Deutschen Forschungsne","en-US","./livestream/master.m3u8","1571498160000","1569888000000",,"Android","9",,"0","1",,"0","6","videojs",,"0","html5","videojs-7.6.0",,"BE","688","414","0","WINDOW","0","playing","hls","1571498213000","10ad70dd-538e-4991-89f2-c3dd62b75064","0",,"Horus Live","2816","2816","0","Horus Live","0","0","20020","20020",,,,,"web"
"v2.5.4","680","0",,"Firefox Mobile","68","0","0",,"berlin","1571498214000","DE","5ac55c0a-59b3-42b4-aa85-1ae791e213a3","Mozilla/5.0 (Android 9; Mobile; rv:68.0) Gecko/68.0 Firefox/68.0",,,,"533dafd1-f5e0-4314-965b-1e2474307d5e","1571443200000","Generic Smartphone","panoplay.duckdns.org",,,"0","992",,,"Festival of Lights - Demo","1571497200000","09cb0177-b14b-40d6-ab6f-c309ceab815a","193.175.2.0","false","true","true","Verein zur Foerderung eines Deutschen Forschungsne","en-US","./livestream/master.m3u8","1571498160000","1569888000000",,"Android","9",,"0","1",,"0","992","videojs",,"0","html5","videojs-7.6.0",,"BE","688","414","0","WINDOW","0","playing","hls","1571498214000","10ad70dd-538e-4991-89f2-c3dd62b75064","4400000",,"Horus Live","2816","2816","0","Horus Live","0","0","20924","20020",,,,,"web"
"v2.5.4","680","0",,"Firefox Mobile","68","0","0",,"berlin","1571498229000","DE","c15dc292-c8e5-489c-9be7-ad3db4cbb9f5","Mozilla/5.0 (Android 9; Mobile; rv:68.0) Gecko/68.0 Firefox/68.0",,,,"02ba5b6c-9e37-41de-9a1b-0a2e0ec3248b","1571443200000","Generic Smartphone","panoplay.duckdns.org",,,"0","411",,,"Festival of Lights - Demo","1571497200000","b49d8ff8-c39a-4fe8-908f-97314a43f5dc","193.175.2.0","false","false","true","Verein zur Foerderung eines Deutschen Forschungsne","en-US","./livestream/master.m3u8","1571498220000","1569888000000",,"Android","9",,"2453","1",,"0","0","videojs",,"411","html5","videojs-7.6.0",,"BE","688","414","0","WINDOW","0","setup","hls","1571498229000","c7027662-b9f2-4d06-a512-f1ced6661c04","0","0","Horus Live","0","0","0","Horus Live","0","0","0","0",,,,,"web"
"v2.5.4","680","0","true","Firefox Mobile","68","0","0",,"berlin","1571498232000","DE","c15dc292-c8e5-489c-9be7-ad3db4cbb9f5","Mozilla/5.0 (Android 9; Mobile; rv:68.0) Gecko/68.0 Firefox/68.0",,,,"02ba5b6c-9e37-41de-9a1b-0a2e0ec3248b","1571443200000","Generic Smartphone","panoplay.duckdns.org",,,"0","2920",,,"Festival of Lights - Demo","1571497200000","b49d8ff8-c39a-4fe8-908f-97314a43f5dc","193.175.2.0","false","true","true","Verein zur Foerderung eines Deutschen Forschungsne","en-US","./livestream/master.m3u8","1571498220000","1569888000000",,"Android","9",,"0","1",,"0","0","videojs",,"0","html5","videojs-7.6.0",,"BE","688","414","0","WINDOW","3331","startup","hls","1571498232000","c7027662-b9f2-4d06-a512-f1ced6661c04","0",,"Horus Live","2816","2816","2920","Horus Live","0","0","20020","0",,,,,"web"
"v2.5.4","680","0",,"Firefox Mobile","68","0","0",,"berlin","1571498232000","DE","c15dc292-c8e5-489c-9be7-ad3db4cbb9f5","Mozilla/5.0 (Android 9; Mobile; rv:68.0) Gecko/68.0 Firefox/68.0",,,,"02ba5b6c-9e37-41de-9a1b-0a2e0ec3248b","1571443200000","Generic Smartphone","panoplay.duckdns.org",,,"0","8",,,"Festival of Lights - Demo","1571497200000","b49d8ff8-c39a-4fe8-908f-97314a43f5dc","193.175.2.0","false","true","true","Verein zur Foerderung eines Deutschen Forschungsne","en-US","./livestream/master.m3u8","1571498220000","1569888000000",,"Android","9",,"0","1",,"0","8","videojs",,"0","html5","videojs-7.6.0",,"BE","688","414","0","WINDOW","0","playing","hls","1571498232000","c7027662-b9f2-4d06-a512-f1ced6661c04","0",,"Horus Live","2816","2816","0","Horus Live","0","0","20020","20020",,,,,"web"
"v2.5.4","680","0",,"Firefox Mobile","68","0","0",,"berlin","1571498232000","DE","c15dc292-c8e5-489c-9be7-ad3db4cbb9f5","Mozilla/5.0 (Android 9; Mobile; rv:68.0) Gecko/68.0 Firefox/68.0",,,,"02ba5b6c-9e37-41de-9a1b-0a2e0ec3248b","1571443200000","Generic Smartphone","panoplay.duckdns.org",,,"0","0",,,"Festival of Lights - Demo","1571497200000","b49d8ff8-c39a-4fe8-908f-97314a43f5dc","193.175.2.0","false","true","true","Verein zur Foerderung eines Deutschen Forschungsne","en-US","./livestream/master.m3u8","1571498220000","1569888000000",,"Android","9",,"0","1",,"0","0","videojs",,"0","html5","videojs-7.6.0",,"BE","688","414","0","WINDOW","0","qualitychange","hls","1571498232000","c7027662-b9f2-4d06-a512-f1ced6661c04","4400000",,"Horus Live","2816","2816","0","Horus Live","0","0","20020","20020",,,,,"web"
"v2.5.4","680","0",,"Firefox Mobile","68","0","0",,"berlin","1571498235000","DE","c15dc292-c8e5-489c-9be7-ad3db4cbb9f5","Mozilla/5.0 (Android 9; Mobile; rv:68.0) Gecko/68.0 Firefox/68.0",,,,"02ba5b6c-9e37-41de-9a1b-0a2e0ec3248b","1571443200000","Generic Smartphone","panoplay.duckdns.org",,,"0","0",,,"Festival of Lights - Demo","1571497200000","b49d8ff8-c39a-4fe8-908f-97314a43f5dc","193.175.2.0","false","true","true","Verein zur Foerderung eines Deutschen Forschungsne","en-US","./livestream/master.m3u8","1571498220000","1569888000000",,"Android","9",,"0","1",,"0","0","videojs",,"0","html5","videojs-7.6.0",,"BE","688","414","0","WINDOW","0","qualitychange","hls","1571498235000","c7027662-b9f2-4d06-a512-f1ced6661c04","6600000",,"Horus Live","2816","2816","0","Horus Live","0","0","23891","23891",,,,,"web"
"v2.5.4","680","0",,"Firefox Mobile","68","0","0",,"berlin","1571498235000","DE","c15dc292-c8e5-489c-9be7-ad3db4cbb9f5","Mozilla/5.0 (Android 9; Mobile; rv:68.0) Gecko/68.0 Firefox/68.0",,,,"02ba5b6c-9e37-41de-9a1b-0a2e0ec3248b","1571443200000","Generic Smartphone","panoplay.duckdns.org",,,"0","3851",,,"Festival of Lights - Demo","1571497200000","b49d8ff8-c39a-4fe8-908f-97314a43f5dc","193.175.2.0","false","true","true","Verein zur Foerderung eines Deutschen Forschungsne","en-US","./livestream/master.m3u8","1571498220000","1569888000000",,"Android","9",,"0","1",,"0","3851","videojs",,"0","html5","videojs-7.6.0",,"BE","688","414","0","WINDOW","0","playing","hls","1571498235000","c7027662-b9f2-4d06-a512-f1ced6661c04","4400000",,"Horus Live","2816","2816","0","Horus Live","0","0","23891","20020",,,,,"web"
"v2.5.4","680","0",,"Chrome Mobile","77","0","0",,"berlin","1571498274000","DE","d5e52efa-e5e6-4d57-bfe2-3b9d3c96ecef","Mozilla/5.0 (Linux; Android 9; Nokia 6.1) AppleWebKit/537.36 (KHTML, like Gecko) Chrome/77.0.3865.116 Mobile Safari/537.36",,,,"e8d006e1-a37b-43c5-bfd7-efea9b58afcc","1571443200000","Nokia 6","panoplay.duckdns.org",,,"0","225",,,"Festival of Lights - Demo","1571497200000","5447f02f-4a5e-4de5-991a-b8fcbef5c607","193.175.2.0","false","false","true","Verein zur Foerderung eines Deutschen Forschungsne","en-US","./livestream/master.m3u8","1571498220000","1569888000000",,"Android","9",,"1282","1",,"0","0","videojs",,"225","html5","videojs-7.6.0",,"BE","732","412","0","WINDOW","0","setup","hls","1571498274000","32dddbb3-ee45-4303-bf1b-d7dcd01424b4","0","0","Horus Live","0","0","0","Horus Live","0","0","0","0",,,,,"web"
"v2.5.4","680","0","true","Chrome Mobile","77","0","0",,"berlin","1571498276000","DE","d5e52efa-e5e6-4d57-bfe2-3b9d3c96ecef","Mozilla/5.0 (Linux; Android 9; Nokia 6.1) AppleWebKit/537.36 (KHTML, like Gecko) Chrome/77.0.3865.116 Mobile Safari/537.36",,,,"e8d006e1-a37b-43c5-bfd7-efea9b58afcc","1571443200000","Nokia 6","panoplay.duckdns.org",,,"0","1587",,,"Festival of Lights - Demo","1571497200000","5447f02f-4a5e-4de5-991a-b8fcbef5c607","193.175.2.0","false","true","true","Verein zur Foerderung eines Deutschen Forschungsne","en-US","./livestream/master.m3u8","1571498220000","1569888000000",,"Android","9",,"0","1",,"0","0","videojs",,"0","html5","videojs-7.6.0",,"BE","732","412","0","WINDOW","1812","startup","hls","1571498276000","32dddbb3-ee45-4303-bf1b-d7dcd01424b4","0",,"Horus Live","2816","2816","1587","Horus Live","0","0","20020","0",,,,,"web"
"v2.5.4","680","0",,"Chrome Mobile","77","0","0",,"berlin","1571498276000","DE","d5e52efa-e5e6-4d57-bfe2-3b9d3c96ecef","Mozilla/5.0 (Linux; Android 9; Nokia 6.1) AppleWebKit/537.36 (KHTML, like Gecko) Chrome/77.0.3865.116 Mobile Safari/537.36",,,,"e8d006e1-a37b-43c5-bfd7-efea9b58afcc","1571443200000","Nokia 6","panoplay.duckdns.org",,,"0","0","4","The media could not be loaded, either because the server or network failed or because the format is not supported.","Festival of Lights - Demo","1571497200000","5447f02f-4a5e-4de5-991a-b8fcbef5c607","193.175.2.0","false","true","true","Verein zur Foerderung eines Deutschen Forschungsne","en-US","./livestream/master.m3u8","1571498220000","1569888000000",,"Android","9",,"0","1",,"0","0","videojs",,"0","html5","videojs-7.6.0",,"BE","732","412","0","WINDOW","0","error","hls","1571498276000","32dddbb3-ee45-4303-bf1b-d7dcd01424b4","0",,"Horus Live","2816","2816","0","Horus Live","0","0","20020","20020",,,,,"web"
"v2.5.4","680","0",,"Chrome Mobile","77","0","0",,"berlin","1571498663000","DE","8ce16dbe-102e-4542-a9dd-0bf95d7c4f14","Mozilla/5.0 (Linux; Android 9; Nokia 6.1) AppleWebKit/537.36 (KHTML, like Gecko) Chrome/77.0.3865.116 Mobile Safari/537.36",,,,"8c887b3d-1218-4a5e-947c-4be12012c463","1571443200000","Nokia 6","panoplay.duckdns.org",,,"0","161",,,"Festival of Lights - Demo","1571497200000","0898e4bd-34bc-4a84-bbbc-50ba3505c51c","193.175.2.0","false","false","true","Verein zur Foerderung eines Deutschen Forschungsne","en-US","./livestream/master.m3u8","1571498640000","1569888000000",,"Android","9",,"2094","1",,"0","0","videojs",,"161","html5","videojs-7.6.0",,"BE","732","412","0","WINDOW","0","setup","hls","1571498663000","32ecc7f3-6943-4b3a-b684-45bd26a97c33","0","0","Horus Live","0","0","0","Horus Live","0","0","0","0",,,,,"web"
"v2.5.4","680","0","true","Chrome Mobile","77","0","0",,"berlin","1571498665000","DE","8ce16dbe-102e-4542-a9dd-0bf95d7c4f14","Mozilla/5.0 (Linux; Android 9; Nokia 6.1) AppleWebKit/537.36 (KHTML, like Gecko) Chrome/77.0.3865.116 Mobile Safari/537.36",,,,"8c887b3d-1218-4a5e-947c-4be12012c463","1571443200000","Nokia 6","panoplay.duckdns.org",,,"0","1491",,,"Festival of Lights - Demo","1571497200000","0898e4bd-34bc-4a84-bbbc-50ba3505c51c","193.175.2.0","false","true","true","Verein zur Foerderung eines Deutschen Forschungsne","en-US","./livestream/master.m3u8","1571498640000","1569888000000",,"Android","9",,"0","1",,"0","0","videojs",,"0","html5","videojs-7.6.0",,"BE","732","412","0","WINDOW","1652","startup","hls","1571498665000","32ecc7f3-6943-4b3a-b684-45bd26a97c33","0",,"Horus Live","2816","2816","1491","Horus Live","0","0","0","0",,,,,"web"
"v2.5.4","680","0",,"Chrome Mobile","77","0","0",,"berlin","1571498665000","DE","8ce16dbe-102e-4542-a9dd-0bf95d7c4f14","Mozilla/5.0 (Linux; Android 9; Nokia 6.1) AppleWebKit/537.36 (KHTML, like Gecko) Chrome/77.0.3865.116 Mobile Safari/537.36",,,,"8c887b3d-1218-4a5e-947c-4be12012c463","1571443200000","Nokia 6","panoplay.duckdns.org",,,"0","0","4","The media could not be loaded, either because the server or network failed or because the format is not supported.","Festival of Lights - Demo","1571497200000","0898e4bd-34bc-4a84-bbbc-50ba3505c51c","193.175.2.0","false","true","true","Verein zur Foerderung eines Deutschen Forschungsne","en-US","./livestream/master.m3u8","1571498640000","1569888000000",,"Android","9",,"0","1",,"0","0","videojs",,"0","html5","videojs-7.6.0",,"BE","732","412","0","WINDOW","0","error","hls","1571498665000","32ecc7f3-6943-4b3a-b684-45bd26a97c33","0",,"Horus Live","2816","2816","0","Horus Live","0","0","0","0",,,,,"web"
"v2.5.4","680","0",,"Chrome Mobile","77","0","0",,"berlin","1571498796000","DE","8ce16dbe-102e-4542-a9dd-0bf95d7c4f14","Mozilla/5.0 (Linux; Android 9; Nokia 6.1) AppleWebKit/537.36 (KHTML, like Gecko) Chrome/77.0.3865.116 Mobile Safari/537.36",,,,"8c887b3d-1218-4a5e-947c-4be12012c463","1571443200000","Nokia 6","panoplay.duckdns.org",,,"0","0",,,"Festival of Lights - Demo","1571497200000","0898e4bd-34bc-4a84-bbbc-50ba3505c51c","193.175.2.0","false","true","true","Verein zur Foerderung eines Deutschen Forschungsne","en-US","./livestream/master.m3u8","1571498760000","1569888000000",,"Android","9",,"0","1",,"0","0","videojs",,"0","html5","videojs-7.6.0",,"BE","732","412","0","WINDOW","0","error","hls","1571498796000","32ecc7f3-6943-4b3a-b684-45bd26a97c33","0",,"Horus Live","2816","2816","0","Horus Live","0","0","0","0",,,,,"web"
"v2.5.4","680","0",,"Chrome Mobile","77","0","0",,"berlin","1571498797000","DE","2368bf2c-8702-4484-bf7b-f41bf541b0da","Mozilla/5.0 (Linux; Android 9; Nokia 6.1) AppleWebKit/537.36 (KHTML, like Gecko) Chrome/77.0.3865.116 Mobile Safari/537.36",,,,"8c887b3d-1218-4a5e-947c-4be12012c463","1571443200000","Nokia 6","panoplay.duckdns.org",,,"0","169",,,"Festival of Lights - Demo","1571497200000","b28796c8-231b-4df3-a4ec-3731eab319e2","193.175.2.0","false","false","true","Verein zur Foerderung eines Deutschen Forschungsne","en-US","./livestream/master.m3u8","1571498760000","1569888000000",,"Android","9",,"1374","1",,"0","0","videojs",,"169","html5","videojs-7.6.0",,"BE","732","412","0","WINDOW","0","setup","hls","1571498797000","32ecc7f3-6943-4b3a-b684-45bd26a97c33","0","0","Horus Live","0","0","0","Horus Live","0","0","0","0",,,,,"web"
"v2.5.4","680","0",,"Chrome Mobile","77","0","0",,"berlin","1571498799000","DE","2368bf2c-8702-4484-bf7b-f41bf541b0da","Mozilla/5.0 (Linux; Android 9; Nokia 6.1) AppleWebKit/537.36 (KHTML, like Gecko) Chrome/77.0.3865.116 Mobile Safari/537.36",,,,"8c887b3d-1218-4a5e-947c-4be12012c463","1571443200000","Nokia 6","panoplay.duckdns.org",,,"0","0","4","The media could not be loaded, either because the server or network failed or because the format is not supported.","Festival of Lights - Demo","1571497200000","b28796c8-231b-4df3-a4ec-3731eab319e2","193.175.2.0","false","true","true","Verein zur Foerderung eines Deutschen Forschungsne","en-US","./livestream/master.m3u8","1571498760000","1569888000000",,"Android","9",,"0","1",,"0","0","videojs",,"0","html5","videojs-7.6.0",,"BE","732","412","0","WINDOW","0","error","hls","1571498799000","32ecc7f3-6943-4b3a-b684-45bd26a97c33","0",,"Horus Live","2816","2816","0","Horus Live","0","0","0","0",,,,,"web"
"v2.5.4","680","0","true","Chrome Mobile","77","0","0",,"berlin","1571498799000","DE","2368bf2c-8702-4484-bf7b-f41bf541b0da","Mozilla/5.0 (Linux; Android 9; Nokia 6.1) AppleWebKit/537.36 (KHTML, like Gecko) Chrome/77.0.3865.116 Mobile Safari/537.36",,,,"8c887b3d-1218-4a5e-947c-4be12012c463","1571443200000","Nokia 6","panoplay.duckdns.org",,,"0","1681",,,"Festival of Lights - Demo","1571497200000","b28796c8-231b-4df3-a4ec-3731eab319e2","193.175.2.0","false","true","true","Verein zur Foerderung eines Deutschen Forschungsne","en-US","./livestream/master.m3u8","1571498760000","1569888000000",,"Android","9",,"0","1",,"0","0","videojs",,"0","html5","videojs-7.6.0",,"BE","732","412","0","WINDOW","1850","startup","hls","1571498799000","32ecc7f3-6943-4b3a-b684-45bd26a97c33","0",,"Horus Live","2816","2816","1681","Horus Live","0","0","0","0",,,,,"web"
"v2.5.4","680","0",,"Chrome","76","0","0",,"berlin","1571498939000","DE","2d89ea04-66f2-4609-944a-e079d0bef976","Mozilla/5.0 (X11; Linux x86_64) AppleWebKit/537.36 (KHTML, like Gecko) Chrome/76.0.3809.132 Safari/537.36",,,,"45a0da9a-5f93-447d-adb8-4cd07d9ac62f","1571443200000","Other","panoplay.duckdns.org",,,"0","119",,,"Festival of Lights - Demo","1571497200000","34ae7339-b02e-4b60-a291-d883feee8c9a","193.175.2.0","false","false","true","Verein zur Foerderung eines Deutschen Forschungsne","en-US","./livestream/master.m3u8","1571498880000","1569888000000",,"Linux",,,"946","1",,"0","0","videojs",,"119","html5","videojs-7.6.0",,"BE","900","1600","0","WINDOW","0","setup","hls","1571498939000","e003169f-c5cc-4d19-8623-ac147708054f","0","0","Horus Live","0","0","0","Horus Live","0","0","0","0",,,,,"web"
"v2.5.4","680","0",,"Chrome","76","0","0",,"berlin","1571498940000","DE","2d89ea04-66f2-4609-944a-e079d0bef976","Mozilla/5.0 (X11; Linux x86_64) AppleWebKit/537.36 (KHTML, like Gecko) Chrome/76.0.3809.132 Safari/537.36",,,,"45a0da9a-5f93-447d-adb8-4cd07d9ac62f","1571443200000","Other","panoplay.duckdns.org",,,"0","0",,,"Festival of Lights - Demo","1571497200000","34ae7339-b02e-4b60-a291-d883feee8c9a","193.175.2.0","false","true","true","Verein zur Foerderung eines Deutschen Forschungsne","en-US","./livestream/master.m3u8","1571498940000","1569888000000",,"Linux",,,"0","1",,"0","0","videojs",,"0","html5","videojs-7.6.0",,"BE","900","1600","0","WINDOW","0","qualitychange","hls","1571498940000","e003169f-c5cc-4d19-8623-ac147708054f","1100000",,"Horus Live","2816","2816","0","Horus Live","0","0","974","974",,,,,"web"
"v2.5.4","680","0",,"Chrome","76","0","0",,"berlin","1571498940000","DE","2d89ea04-66f2-4609-944a-e079d0bef976","Mozilla/5.0 (X11; Linux x86_64) AppleWebKit/537.36 (KHTML, like Gecko) Chrome/76.0.3809.132 Safari/537.36",,,,"45a0da9a-5f93-447d-adb8-4cd07d9ac62f","1571443200000","Other","panoplay.duckdns.org",,,"0","14",,,"Festival of Lights - Demo","1571497200000","34ae7339-b02e-4b60-a291-d883feee8c9a","193.175.2.0","false","true","true","Verein zur Foerderung eines Deutschen Forschungsne","en-US","./livestream/master.m3u8","1571498940000","1569888000000",,"Linux",,,"0","1",,"0","14","videojs",,"0","html5","videojs-7.6.0",,"BE","900","1600","0","WINDOW","0","playing","hls","1571498940000","e003169f-c5cc-4d19-8623-ac147708054f","0",,"Horus Live","2816","2816","0","Horus Live","0","0","974","974",,,,,"web"
"v2.5.4","680","0","true","Chrome","76","0","0",,"berlin","1571498940000","DE","2d89ea04-66f2-4609-944a-e079d0bef976","Mozilla/5.0 (X11; Linux x86_64) AppleWebKit/537.36 (KHTML, like Gecko) Chrome/76.0.3809.132 Safari/537.36",,,,"45a0da9a-5f93-447d-adb8-4cd07d9ac62f","1571443200000","Other","panoplay.duckdns.org",,,"0","1357",,,"Festival of Lights - Demo","1571497200000","34ae7339-b02e-4b60-a291-d883feee8c9a","193.175.2.0","false","true","true","Verein zur Foerderung eines Deutschen Forschungsne","en-US","./livestream/master.m3u8","1571498940000","1569888000000",,"Linux",,,"0","1",,"0","0","videojs",,"0","html5","videojs-7.6.0",,"BE","900","1600","0","WINDOW","1476","startup","hls","1571498940000","e003169f-c5cc-4d19-8623-ac147708054f","0",,"Horus Live","2816","2816","1357","Horus Live","0","0","974","0",,,,,"web"
"v2.5.4","680","0",,"Chrome","76","0","0",,"berlin","1571498960000","DE","2d89ea04-66f2-4609-944a-e079d0bef976","Mozilla/5.0 (X11; Linux x86_64) AppleWebKit/537.36 (KHTML, like Gecko) Chrome/76.0.3809.132 Safari/537.36",,,,"45a0da9a-5f93-447d-adb8-4cd07d9ac62f","1571443200000","Other","panoplay.duckdns.org",,,"0","20057",,,"Festival of Lights - Demo","1571497200000","34ae7339-b02e-4b60-a291-d883feee8c9a","193.175.2.0","false","true","true","Verein zur Foerderung eines Deutschen Forschungsne","en-US","./livestream/master.m3u8","1571498940000","1569888000000",,"Linux",,,"0","1",,"0","20057","videojs",,"0","html5","videojs-7.6.0",,"BE","900","1600","0","WINDOW","0","playing","hls","1571498960000","e003169f-c5cc-4d19-8623-ac147708054f","1100000",,"Horus Live","2816","2816","0","Horus Live","0","0","21045","974",,,,,"web"
"v2.5.4","680","0",,"Chrome","76","0","0",,"berlin","1571498960000","DE","2d89ea04-66f2-4609-944a-e079d0bef976","Mozilla/5.0 (X11; Linux x86_64) AppleWebKit/537.36 (KHTML, like Gecko) Chrome/76.0.3809.132 Safari/537.36",,,,"45a0da9a-5f93-447d-adb8-4cd07d9ac62f","1571443200000","Other","panoplay.duckdns.org",,,"0","0",,,"Festival of Lights - Demo","1571497200000","34ae7339-b02e-4b60-a291-d883feee8c9a","193.175.2.0","false","true","true","Verein zur Foerderung eines Deutschen Forschungsne","en-US","./livestream/master.m3u8","1571498940000","1569888000000",,"Linux",,,"0","1",,"0","0","videojs",,"0","html5","videojs-7.6.0",,"BE","900","1600","0","WINDOW","0","qualitychange","hls","1571498960000","e003169f-c5cc-4d19-8623-ac147708054f","4400000",,"Horus Live","2816","2816","0","Horus Live","0","0","21045","21045",,,,,"web"
"v2.5.4","680","0",,"Chrome","76","0","0",,"berlin","1571498972000","DE","2d89ea04-66f2-4609-944a-e079d0bef976","Mozilla/5.0 (X11; Linux x86_64) AppleWebKit/537.36 (KHTML, like Gecko) Chrome/76.0.3809.132 Safari/537.36",,,,"45a0da9a-5f93-447d-adb8-4cd07d9ac62f","1571443200000","Other","panoplay.duckdns.org",,,"0","0",,,"Festival of Lights - Demo","1571497200000","34ae7339-b02e-4b60-a291-d883feee8c9a","193.175.2.0","false","true","true","Verein zur Foerderung eines Deutschen Forschungsne","en-US","./livestream/master.m3u8","1571498940000","1569888000000",,"Linux",,,"0","1",,"0","0","videojs",,"0","html5","videojs-7.6.0",,"BE","900","1600","0","WINDOW","0","qualitychange","hls","1571498972000","e003169f-c5cc-4d19-8623-ac147708054f","6600000",,"Horus Live","2816","2816","0","Horus Live","0","0","20020","20020",,,,,"web"
"v2.5.4","680","0",,"Chrome","76","0","0",,"berlin","1571498972000","DE","2d89ea04-66f2-4609-944a-e079d0bef976","Mozilla/5.0 (X11; Linux x86_64) AppleWebKit/537.36 (KHTML, like Gecko) Chrome/76.0.3809.132 Safari/537.36",,,,"45a0da9a-5f93-447d-adb8-4cd07d9ac62f","1571443200000","Other","panoplay.duckdns.org",,,"0","11313",,,"Festival of Lights - Demo","1571497200000","34ae7339-b02e-4b60-a291-d883feee8c9a","193.175.2.0","false","true","true","Verein zur Foerderung eines Deutschen Forschungsne","en-US","./livestream/master.m3u8","1571498940000","1569888000000",,"Linux",,,"0","1",,"0","11313","videojs",,"0","html5","videojs-7.6.0",,"BE","900","1600","0","WINDOW","0","playing","hls","1571498972000","e003169f-c5cc-4d19-8623-ac147708054f","4400000",,"Horus Live","2816","2816","0","Horus Live","0","0","20020","21045",,,,,"web"
"v2.5.4","680","0",,"Chrome","76","0","0",,"berlin","1571498983000","DE","2d89ea04-66f2-4609-944a-e079d0bef976","Mozilla/5.0 (X11; Linux x86_64) AppleWebKit/537.36 (KHTML, like Gecko) Chrome/76.0.3809.132 Safari/537.36",,,,"45a0da9a-5f93-447d-adb8-4cd07d9ac62f","1571443200000","Other","panoplay.duckdns.org",,,"0","11041",,,"Festival of Lights - Demo","1571497200000","34ae7339-b02e-4b60-a291-d883feee8c9a","193.175.2.0","false","true","true","Verein zur Foerderung eines Deutschen Forschungsne","en-US","./livestream/master.m3u8","1571498940000","1569888000000",,"Linux",,,"0","1",,"0","11041","videojs",,"0","html5","videojs-7.6.0",,"BE","900","1600","0","WINDOW","0","playing","hls","1571498983000","e003169f-c5cc-4d19-8623-ac147708054f","6600000",,"Horus Live","2816","2816","0","Horus Live","0","0","31034","20020",,,,,"web"
"v2.5.4","680","0",,"Safari","13","0","0",,"berlin","1571499023000","DE","1c9d522a-a292-4ee4-8ea6-1e69798821a2","Mozilla/5.0 (Macintosh; Intel Mac OS X 10_14_6) AppleWebKit/605.1.15 (KHTML, like Gecko) Version/13.0.1 Safari/605.1.15",,,,"b7820316-5414-40a9-b175-f9c69a705327","1571443200000","Other","panoplay.duckdns.org",,,"0","136",,,"Festival of Lights - Demo","1571497200000","666c9bad-025c-42ee-b5e9-c9974475630e","193.175.2.0","false","false","true","Verein zur Foerderung eines Deutschen Forschungsne","en-US","./livestream/master.m3u8","1571499000000","1569888000000",,"Mac OS X","10","14","541","2",,"0","0","videojs",,"136","html5","videojs-7.6.0",,"BE","1050","1680","0","WINDOW","0","setup","hls","1571499023000","9427ed77-ba0d-4ef4-b47a-9759e16020e3","0","0","Horus Live","0","0","0","Horus Live","0","0","0","0",,,,,"web"
"v2.5.4","680","0","true","Safari","13","0","0",,"berlin","1571499024000","DE","1c9d522a-a292-4ee4-8ea6-1e69798821a2","Mozilla/5.0 (Macintosh; Intel Mac OS X 10_14_6) AppleWebKit/605.1.15 (KHTML, like Gecko) Version/13.0.1 Safari/605.1.15",,,,"b7820316-5414-40a9-b175-f9c69a705327","1571443200000","Other","panoplay.duckdns.org",,,"0","471",,,"Festival of Lights - Demo","1571497200000","666c9bad-025c-42ee-b5e9-c9974475630e","193.175.2.0","false","true","true","Verein zur Foerderung eines Deutschen Forschungsne","en-US","./livestream/master.m3u8","1571499000000","1569888000000",,"Mac OS X","10","14","0","2",,"0","0","videojs",,"0","html5","videojs-7.6.0",,"BE","1050","1680","0","WINDOW","607","startup","hls","1571499024000","9427ed77-ba0d-4ef4-b47a-9759e16020e3","0",,"Horus Live","2816","2816","471","Horus Live","0","0","135","0",,,,,"web"
"v2.5.4","680","0",,"Safari","13","0","0",,"berlin","1571499024000","DE","1c9d522a-a292-4ee4-8ea6-1e69798821a2","Mozilla/5.0 (Macintosh; Intel Mac OS X 10_14_6) AppleWebKit/605.1.15 (KHTML, like Gecko) Version/13.0.1 Safari/605.1.15",,,,"b7820316-5414-40a9-b175-f9c69a705327","1571443200000","Other","panoplay.duckdns.org",,,"0","0",,,"Festival of Lights - Demo","1571497200000","666c9bad-025c-42ee-b5e9-c9974475630e","193.175.2.0","false","true","true","Verein zur Foerderung eines Deutschen Forschungsne","en-US","./livestream/master.m3u8","1571499000000","1569888000000",,"Mac OS X","10","14","0","2",,"0","0","videojs",,"0","html5","videojs-7.6.0",,"BE","1050","1680","0","WINDOW","0","qualitychange","hls","1571499024000","9427ed77-ba0d-4ef4-b47a-9759e16020e3","6600000",,"Horus Live","2816","2816","0","Horus Live","0","0","183","183",,,,,"web"
"v2.5.4","680","0",,"Safari","13","0","0",,"berlin","1571499024000","DE","1c9d522a-a292-4ee4-8ea6-1e69798821a2","Mozilla/5.0 (Macintosh; Intel Mac OS X 10_14_6) AppleWebKit/605.1.15 (KHTML, like Gecko) Version/13.0.1 Safari/605.1.15",,,,"b7820316-5414-40a9-b175-f9c69a705327","1571443200000","Other","panoplay.duckdns.org",,,"0","48",,,"Festival of Lights - Demo","1571497200000","666c9bad-025c-42ee-b5e9-c9974475630e","193.175.2.0","false","true","true","Verein zur Foerderung eines Deutschen Forschungsne","en-US","./livestream/master.m3u8","1571499000000","1569888000000",,"Mac OS X","10","14","0","2",,"0","48","videojs",,"0","html5","videojs-7.6.0",,"BE","1050","1680","0","WINDOW","0","playing","hls","1571499024000","9427ed77-ba0d-4ef4-b47a-9759e16020e3","0",,"Horus Live","2816","2816","0","Horus Live","0","0","183","135",,,,,"web"
"v2.5.4","680","0",,"Safari","13","0","3",,"berlin","1571499029000","DE","1c9d522a-a292-4ee4-8ea6-1e69798821a2","Mozilla/5.0 (Macintosh; Intel Mac OS X 10_14_6) AppleWebKit/605.1.15 (KHTML, like Gecko) Version/13.0.1 Safari/605.1.15",,,,"b7820316-5414-40a9-b175-f9c69a705327","1571443200000","Other","panoplay.duckdns.org",,,"0","3",,,"Festival of Lights - Demo","1571497200000","666c9bad-025c-42ee-b5e9-c9974475630e","193.175.2.0","false","true","true","Verein zur Foerderung eines Deutschen Forschungsne","en-US","./livestream/master.m3u8","1571499000000","1569888000000",,"Mac OS X","10","14","0","2",,"0","0","videojs",,"0","html5","videojs-7.6.0",,"BE","1050","1680","0","WINDOW","0","rebuffering","hls","1571499029000","9427ed77-ba0d-4ef4-b47a-9759e16020e3","6600000",,"Horus Live","2816","2816","0","Horus Live","0","0","5011","5008",,,,,"web"
"v2.5.4","680","0",,"Safari","13","0","0",,"berlin","1571499029000","DE","1c9d522a-a292-4ee4-8ea6-1e69798821a2","Mozilla/5.0 (Macintosh; Intel Mac OS X 10_14_6) AppleWebKit/605.1.15 (KHTML, like Gecko) Version/13.0.1 Safari/605.1.15",,,,"b7820316-5414-40a9-b175-f9c69a705327","1571443200000","Other","panoplay.duckdns.org",,,"0","4824",,,"Festival of Lights - Demo","1571497200000","666c9bad-025c-42ee-b5e9-c9974475630e","193.175.2.0","false","true","true","Verein zur Foerderung eines Deutschen Forschungsne","en-US","./livestream/master.m3u8","1571499000000","1569888000000",,"Mac OS X","10","14","0","2",,"0","4824","videojs",,"0","html5","videojs-7.6.0",,"BE","1050","1680","0","WINDOW","0","playing","hls","1571499029000","9427ed77-ba0d-4ef4-b47a-9759e16020e3","6600000",,"Horus Live","2816","2816","0","Horus Live","0","0","5008","183",,,,,"web"
"v2.5.4","680","0",,"Safari","13","0","9",,"berlin","1571499032000","DE","1c9d522a-a292-4ee4-8ea6-1e69798821a2","Mozilla/5.0 (Macintosh; Intel Mac OS X 10_14_6) AppleWebKit/605.1.15 (KHTML, like Gecko) Version/13.0.1 Safari/605.1.15",,,,"b7820316-5414-40a9-b175-f9c69a705327","1571443200000","Other","panoplay.duckdns.org",,,"0","9",,,"Festival of Lights - Demo","1571497200000","666c9bad-025c-42ee-b5e9-c9974475630e","193.175.2.0","false","true","true","Verein zur Foerderung eines Deutschen Forschungsne","en-US","./livestream/master.m3u8","1571499000000","1569888000000",,"Mac OS X","10","14","0","2",,"0","0","videojs",,"0","html5","videojs-7.6.0",,"BE","1050","1680","0","WINDOW","0","rebuffering","hls","1571499032000","9427ed77-ba0d-4ef4-b47a-9759e16020e3","6600000",,"Horus Live","2816","2816","0","Horus Live","0","0","8521","8512",,,,,"web"
"v2.5.4","680","0",,"Safari","13","0","0",,"berlin","1571499032000","DE","1c9d522a-a292-4ee4-8ea6-1e69798821a2","Mozilla/5.0 (Macintosh; Intel Mac OS X 10_14_6) AppleWebKit/605.1.15 (KHTML, like Gecko) Version/13.0.1 Safari/605.1.15",,,,"b7820316-5414-40a9-b175-f9c69a705327","1571443200000","Other","panoplay.duckdns.org",,,"0","3501",,,"Festival of Lights - Demo","1571497200000","666c9bad-025c-42ee-b5e9-c9974475630e","193.175.2.0","false","true","true","Verein zur Foerderung eines Deutschen Forschungsne","en-US","./livestream/master.m3u8","1571499000000","1569888000000",,"Mac OS X","10","14","0","2",,"0","3501","videojs",,"0","html5","videojs-7.6.0",,"BE","1050","1680","0","WINDOW","0","playing","hls","1571499032000","9427ed77-ba0d-4ef4-b47a-9759e16020e3","6600000",,"Horus Live","2816","2816","0","Horus Live","0","0","8512","5011",,,,,"web"
"v2.5.4","680","0",,"Safari","13","0","0",,"berlin","1571499035000","DE","1c9d522a-a292-4ee4-8ea6-1e69798821a2","Mozilla/5.0 (Macintosh; Intel Mac OS X 10_14_6) AppleWebKit/605.1.15 (KHTML, like Gecko) Version/13.0.1 Safari/605.1.15",,,,"b7820316-5414-40a9-b175-f9c69a705327","1571443200000","Other","panoplay.duckdns.org",,,"0","3081",,,"Festival of Lights - Demo","1571497200000","666c9bad-025c-42ee-b5e9-c9974475630e","193.175.2.0","false","true","true","Verein zur Foerderung eines Deutschen Forschungsne","en-US","./livestream/master.m3u8","1571499000000","1569888000000",,"Mac OS X","10","14","0","2",,"0","3081","videojs",,"0","html5","videojs-7.6.0",,"BE","1050","1680","0","WINDOW","0","playing","hls","1571499035000","9427ed77-ba0d-4ef4-b47a-9759e16020e3","6600000",,"Horus Live","2816","2816","0","Horus Live","0","0","11602","8521",,,,,"web"
"v2.5.4","680","0",,"Chrome Mobile","77","0","0",,"berlin","1571499231000","DE","e50df836-f282-40f0-a7af-54eeed36e066","Mozilla/5.0 (Linux; Android 9; Nokia 6.1) AppleWebKit/537.36 (KHTML, like Gecko) Chrome/77.0.3865.116 Mobile Safari/537.36",,,,"8c887b3d-1218-4a5e-947c-4be12012c463","1571443200000","Nokia 6","panoplay.duckdns.org",,,"0","227",,,"Festival of Lights - Demo","1571497200000","d7b999b5-71a0-42fa-ade0-bac1b878b5a7","193.175.2.0","false","false","true","Verein zur Foerderung eines Deutschen Forschungsne","en-US","./livestream/master.m3u8","1571499180000","1569888000000",,"Android","9",,"1228","1",,"0","0","videojs",,"227","html5","videojs-7.6.0",,"BE","732","412","0","WINDOW","0","setup","hls","1571499231000","32ecc7f3-6943-4b3a-b684-45bd26a97c33","0","0","Horus Live","0","0","0","Horus Live","0","0","0","0",,,,,"web"
"v2.5.4","680","0",,"Chrome Mobile","77","0","0",,"berlin","1571499233000","DE","e50df836-f282-40f0-a7af-54eeed36e066","Mozilla/5.0 (Linux; Android 9; Nokia 6.1) AppleWebKit/537.36 (KHTML, like Gecko) Chrome/77.0.3865.116 Mobile Safari/537.36",,,,"8c887b3d-1218-4a5e-947c-4be12012c463","1571443200000","Nokia 6","panoplay.duckdns.org",,,"0","0",,,"Festival of Lights - Demo","1571497200000","d7b999b5-71a0-42fa-ade0-bac1b878b5a7","193.175.2.0","false","true","true","Verein zur Foerderung eines Deutschen Forschungsne","en-US","./livestream/master.m3u8","1571499180000","1569888000000",,"Android","9",,"0","1",,"0","0","videojs",,"0","html5","videojs-7.6.0",,"BE","732","412","0","WINDOW","0","qualitychange","hls","1571499233000","32ecc7f3-6943-4b3a-b684-45bd26a97c33","6600000",,"Horus Live","720","1280","0","Horus Live","0","0","358","358",,,,,"web"
"v2.5.4","680","0",,"Chrome Mobile","77","0","0",,"berlin","1571499233000","DE","e50df836-f282-40f0-a7af-54eeed36e066","Mozilla/5.0 (Linux; Android 9; Nokia 6.1) AppleWebKit/537.36 (KHTML, like Gecko) Chrome/77.0.3865.116 Mobile Safari/537.36",,,,"8c887b3d-1218-4a5e-947c-4be12012c463","1571443200000","Nokia 6","panoplay.duckdns.org",,,"0","0",,,"Festival of Lights - Demo","1571497200000","d7b999b5-71a0-42fa-ade0-bac1b878b5a7","193.175.2.0","false","true","true","Verein zur Foerderung eines Deutschen Forschungsne","en-US","./livestream/master.m3u8","1571499180000","1569888000000",,"Android","9",,"0","1",,"0","0","videojs",,"0","html5","videojs-7.6.0",,"BE","732","412","0","WINDOW","0","qualitychange","hls","1571499233000","32ecc7f3-6943-4b3a-b684-45bd26a97c33","1100000",,"Horus Live","720","1280","0","Horus Live","0","0","115","115",,,,,"web"
"v2.5.4","680","0",,"Chrome Mobile","77","0","0",,"berlin","1571499233000","DE","e50df836-f282-40f0-a7af-54eeed36e066","Mozilla/5.0 (Linux; Android 9; Nokia 6.1) AppleWebKit/537.36 (KHTML, like Gecko) Chrome/77.0.3865.116 Mobile Safari/537.36",,,,"8c887b3d-1218-4a5e-947c-4be12012c463","1571443200000","Nokia 6","panoplay.duckdns.org",,,"0","232",,,"Festival of Lights - Demo","1571497200000","d7b999b5-71a0-42fa-ade0-bac1b878b5a7","193.175.2.0","false","true","true","Verein zur Foerderung eines Deutschen Forschungsne","en-US","./livestream/master.m3u8","1571499180000","1569888000000",,"Android","9",,"0","1",,"0","232","videojs",,"0","html5","videojs-7.6.0",,"BE","732","412","0","WINDOW","0","playing","hls","1571499233000","32ecc7f3-6943-4b3a-b684-45bd26a97c33","1100000",,"Horus Live","720","1280","0","Horus Live","0","0","358","115",,,,,"web"
"v2.5.4","680","0","true","Chrome Mobile","77","0","0",,"berlin","1571499233000","DE","e50df836-f282-40f0-a7af-54eeed36e066","Mozilla/5.0 (Linux; Android 9; Nokia 6.1) AppleWebKit/537.36 (KHTML, like Gecko) Chrome/77.0.3865.116 Mobile Safari/537.36",,,,"8c887b3d-1218-4a5e-947c-4be12012c463","1571443200000","Nokia 6","panoplay.duckdns.org",,,"0","1809",,,"Festival of Lights - Demo","1571497200000","d7b999b5-71a0-42fa-ade0-bac1b878b5a7","193.175.2.0","false","true","true","Verein zur Foerderung eines Deutschen Forschungsne","en-US","./livestream/master.m3u8","1571499180000","1569888000000",,"Android","9",,"0","1",,"0","0","videojs",,"0","html5","videojs-7.6.0",,"BE","732","412","0","WINDOW","2036","startup","hls","1571499233000","32ecc7f3-6943-4b3a-b684-45bd26a97c33","0",,"Horus Live","720","1280","1809","Horus Live","0","0","115","0",,,,,"web"
"v2.5.4","680","0",,"Chrome Mobile","77","0","0",,"berlin","1571499233000","DE","e50df836-f282-40f0-a7af-54eeed36e066","Mozilla/5.0 (Linux; Android 9; Nokia 6.1) AppleWebKit/537.36 (KHTML, like Gecko) Chrome/77.0.3865.116 Mobile Safari/537.36",,,,"8c887b3d-1218-4a5e-947c-4be12012c463","1571443200000","Nokia 6","panoplay.duckdns.org",,,"0","10",,,"Festival of Lights - Demo","1571497200000","d7b999b5-71a0-42fa-ade0-bac1b878b5a7","193.175.2.0","false","true","true","Verein zur Foerderung eines Deutschen Forschungsne","en-US","./livestream/master.m3u8","1571499180000","1569888000000",,"Android","9",,"0","1",,"0","10","videojs",,"0","html5","videojs-7.6.0",,"BE","732","412","0","WINDOW","0","playing","hls","1571499233000","32ecc7f3-6943-4b3a-b684-45bd26a97c33","0",,"Horus Live","720","1280","0","Horus Live","0","0","115","115",,,,,"web"
"v2.5.4","680","0",,"Chrome Mobile","77","0","0",,"berlin","1571499240000","DE","e50df836-f282-40f0-a7af-54eeed36e066","Mozilla/5.0 (Linux; Android 9; Nokia 6.1) AppleWebKit/537.36 (KHTML, like Gecko) Chrome/77.0.3865.116 Mobile Safari/537.36",,,,"8c887b3d-1218-4a5e-947c-4be12012c463","1571443200000","Nokia 6","panoplay.duckdns.org",,,"0","242",,,"Festival of Lights - Demo","1571497200000","d7b999b5-71a0-42fa-ade0-bac1b878b5a7","193.175.2.0","false","true","true","Verein zur Foerderung eines Deutschen Forschungsne","en-US","./livestream/master.m3u8","1571499240000","1569888000000",,"Android","9",,"0","1",,"242","0","videojs",,"0","html5","videojs-7.6.0",,"BE","732","412","0","WINDOW","0","pause","hls","1571499240000","32ecc7f3-6943-4b3a-b684-45bd26a97c33","6600000",,"Horus Live","720","1280","0","Horus Live","0","0","6468","6466",,,,,"web"
"v2.5.4","680","0",,"Chrome Mobile","77","0","0",,"berlin","1571499240000","DE","e50df836-f282-40f0-a7af-54eeed36e066","Mozilla/5.0 (Linux; Android 9; Nokia 6.1) AppleWebKit/537.36 (KHTML, like Gecko) Chrome/77.0.3865.116 Mobile Safari/537.36",,,,"8c887b3d-1218-4a5e-947c-4be12012c463","1571443200000","Nokia 6","panoplay.duckdns.org",,,"0","6130",,,"Festival of Lights - Demo","1571497200000","d7b999b5-71a0-42fa-ade0-bac1b878b5a7","193.175.2.0","false","true","true","Verein zur Foerderung eines Deutschen Forschungsne","en-US","./livestream/master.m3u8","1571499240000","1569888000000",,"Android","9",,"0","1",,"0","6130","videojs",,"0","html5","videojs-7.6.0",,"BE","732","412","0","WINDOW","0","playing","hls","1571499240000","32ecc7f3-6943-4b3a-b684-45bd26a97c33","6600000",,"Horus Live","720","1280","0","Horus Live","0","0","6466","358",,,,,"web"
"v2.5.4","680","0",,"Chrome Mobile","77","0","0",,"berlin","1571499244000","DE","e50df836-f282-40f0-a7af-54eeed36e066","Mozilla/5.0 (Linux; Android 9; Nokia 6.1) AppleWebKit/537.36 (KHTML, like Gecko) Chrome/77.0.3865.116 Mobile Safari/537.36",,,,"8c887b3d-1218-4a5e-947c-4be12012c463","1571443200000","Nokia 6","panoplay.duckdns.org",,,"0","3457",,,"Festival of Lights - Demo","1571497200000","d7b999b5-71a0-42fa-ade0-bac1b878b5a7","193.175.2.0","false","true","true","Verein zur Foerderung eines Deutschen Forschungsne","en-US","./livestream/master.m3u8","1571499240000","1569888000000",,"Android","9",,"0","1",,"3457","0","videojs",,"0","html5","videojs-7.6.0",,"BE","732","412","0","WINDOW","0","pause","hls","1571499244000","32ecc7f3-6943-4b3a-b684-45bd26a97c33","6600000",,"Horus Live","720","1280","0","Horus Live","0","0","6518","6517",,,,,"web"
"v2.5.4","680","0",,"Chrome Mobile","77","0","0",,"berlin","1571499244000","DE","e50df836-f282-40f0-a7af-54eeed36e066","Mozilla/5.0 (Linux; Android 9; Nokia 6.1) AppleWebKit/537.36 (KHTML, like Gecko) Chrome/77.0.3865.116 Mobile Safari/537.36",,,,"8c887b3d-1218-4a5e-947c-4be12012c463","1571443200000","Nokia 6","panoplay.duckdns.org",,,"0","795",,,"Festival of Lights - Demo","1571497200000","d7b999b5-71a0-42fa-ade0-bac1b878b5a7","193.175.2.0","false","true","true","Verein zur Foerderung eines Deutschen Forschungsne","en-US","./livestream/master.m3u8","1571499240000","1569888000000",,"Android","9",,"0","1",,"0","795","videojs",,"0","html5","videojs-7.6.0",,"BE","732","412","0","WINDOW","0","playing","hls","1571499244000","32ecc7f3-6943-4b3a-b684-45bd26a97c33","6600000",,"Horus Live","720","1280","0","Horus Live","0","0","6517","6468",,,,,"web"
"v2.5.4","680","0",,"Chrome Mobile","77","0","0",,"berlin","1571499250000","DE","e50df836-f282-40f0-a7af-54eeed36e066","Mozilla/5.0 (Linux; Android 9; Nokia 6.1) AppleWebKit/537.36 (KHTML, like Gecko) Chrome/77.0.3865.116 Mobile Safari/537.36",,,,"8c887b3d-1218-4a5e-947c-4be12012c463","1571443200000","Nokia 6","panoplay.duckdns.org",,,"0","5892",,,"Festival of Lights - Demo","1571497200000","d7b999b5-71a0-42fa-ade0-bac1b878b5a7","193.175.2.0","false","true","true","Verein zur Foerderung eines Deutschen Forschungsne","en-US","./livestream/master.m3u8","1571499240000","1569888000000",,"Android","9",,"0","1",,"0","5892","videojs",,"0","html5","videojs-7.6.0",,"BE","732","412","0","WINDOW","0","playing","hls","1571499250000","32ecc7f3-6943-4b3a-b684-45bd26a97c33","6600000",,"Horus Live","720","1280","0","Horus Live","0","0","12099","6518",,,,,"web"
"v2.5.4","3209","0",,"Mobile Safari","12","1","0",,"berlin","1571500247000","DE","13c8850f-74fe-4caf-8cde-f2ef3ba75ba6","Mozilla/5.0 (iPhone; CPU iPhone OS 12_4_1 like Mac OS X) AppleWebKit/605.1.15 (KHTML, like Gecko) Version/12.1.2 Mobile/15E148 Safari/604.1",,,,"cba93630-ea2c-4260-a756-04ac5c07c283","1571443200000","iPhone","panoplay.duckdns.org",,,"0","97",,,"Festival of Lights - Demo","1571497200000","25b4e3a2-835f-4dcf-8fed-0b7a54490ba9","109.41.1.0","false","false","true","Vodafone GmbH","en-US","./livestream/master.m3u8","1571500200000","1569888000000",,"iOS","12","4","798","1",,"0","0","videojs",,"97","html5","videojs-7.6.0",,"BE","667","375","0","WINDOW","0","setup","hls","1571500247000","2ec62181-b158-42a2-b193-cef7c1f24086","0","0","Horus Live","0","0","0","Horus Live","0","0","0","0",,,,,"web"
"v2.5.4","680","0",,"Mobile Safari","12","1","0",,"berlin","1571500314000","DE","7b3ef44d-133c-4833-b1ef-e4f2dc475b91","Mozilla/5.0 (iPhone; CPU iPhone OS 12_4_1 like Mac OS X) AppleWebKit/605.1.15 (KHTML, like Gecko) Version/12.1.2 Mobile/15E148 Safari/604.1",,,,"cba93630-ea2c-4260-a756-04ac5c07c283","1571443200000","iPhone","panoplay.duckdns.org",,,"0","256",,,"Festival of Lights - Demo","1571497200000","011708ce-bbff-4a1e-a7c5-f98a3ddc7fca","193.175.2.0","false","false","true","Verein zur Foerderung eines Deutschen Forschungsne","en-US","./livestream/master.m3u8","1571500260000","1569888000000",,"iOS","12","4","796","1",,"0","0","videojs",,"256","html5","videojs-7.6.0",,"BE","667","375","0","WINDOW","0","setup","hls","1571500314000","c77810a3-94d3-4d8b-806e-15d1f8b23c34","0","0","Horus Live","0","0","0","Horus Live","0","0","0","0",,,,,"web"
"v2.5.4","680","0",,"Mobile Safari","12","1","0",,"berlin","1571500321000","DE","7b3ef44d-133c-4833-b1ef-e4f2dc475b91","Mozilla/5.0 (iPhone; CPU iPhone OS 12_4_1 like Mac OS X) AppleWebKit/605.1.15 (KHTML, like Gecko) Version/12.1.2 Mobile/15E148 Safari/604.1",,,,"cba93630-ea2c-4260-a756-04ac5c07c283","1571443200000","iPhone","panoplay.duckdns.org",,,"0","6227",,,"Festival of Lights - Demo","1571497200000","011708ce-bbff-4a1e-a7c5-f98a3ddc7fca","193.175.2.0","false","false","true","Verein zur Foerderung eines Deutschen Forschungsne","en-US","./livestream/master.m3u8","1571500320000","1569888000000",,"iOS","12","4","0","1",,"0","6227","videojs",,"0","html5","videojs-7.6.0",,"BE","667","375","0","WINDOW","0","playing","hls","1571500321000","c77810a3-94d3-4d8b-806e-15d1f8b23c34","0","40971","Horus Live","720","1280","251","Horus Live","0","0","6459","232",,,,,"web"
"v2.5.4","680","0",,"Mobile Safari","12","1","29",,"berlin","1571500321000","DE","7b3ef44d-133c-4833-b1ef-e4f2dc475b91","Mozilla/5.0 (iPhone; CPU iPhone OS 12_4_1 like Mac OS X) AppleWebKit/605.1.15 (KHTML, like Gecko) Version/12.1.2 Mobile/15E148 Safari/604.1",,,,"cba93630-ea2c-4260-a756-04ac5c07c283","1571443200000","iPhone","panoplay.duckdns.org",,,"0","29",,,"Festival of Lights - Demo","1571497200000","011708ce-bbff-4a1e-a7c5-f98a3ddc7fca","193.175.2.0","false","false","true","Verein zur Foerderung eines Deutschen Forschungsne","en-US","./livestream/master.m3u8","1571500320000","1569888000000",,"iOS","12","4","0","1",,"0","0","videojs",,"0","html5","videojs-7.6.0",,"BE","667","375","0","WINDOW","0","rebuffering","hls","1571500321000","c77810a3-94d3-4d8b-806e-15d1f8b23c34","0","40971","Horus Live","720","1280","0","Horus Live","0","0","6488","6459",,,,,"web"
"v2.5.4","680","0",,"Mobile Safari","12","1","206",,"berlin","1571500347000","DE","7b3ef44d-133c-4833-b1ef-e4f2dc475b91","Mozilla/5.0 (iPhone; CPU iPhone OS 12_4_1 like Mac OS X) AppleWebKit/605.1.15 (KHTML, like Gecko) Version/12.1.2 Mobile/15E148 Safari/604.1",,,,"cba93630-ea2c-4260-a756-04ac5c07c283","1571443200000","iPhone","panoplay.duckdns.org",,,"0","206",,,"Festival of Lights - Demo","1571497200000","011708ce-bbff-4a1e-a7c5-f98a3ddc7fca","193.175.2.0","false","false","true","Verein zur Foerderung eines Deutschen Forschungsne","en-US","./livestream/master.m3u8","1571500320000","1569888000000",,"iOS","12","4","0","1",,"0","0","videojs",,"0","html5","videojs-7.6.0",,"BE","667","375","0","WINDOW","0","rebuffering","hls","1571500347000","c77810a3-94d3-4d8b-806e-15d1f8b23c34","0","40971","Horus Live","720","1280","0","Horus Live","0","0","842","697",,,,,"web"
"v2.5.4","680","0",,"Mobile Safari","12","1","0",,"berlin","1571500347000","DE","7b3ef44d-133c-4833-b1ef-e4f2dc475b91","Mozilla/5.0 (iPhone; CPU iPhone OS 12_4_1 like Mac OS X) AppleWebKit/605.1.15 (KHTML, like Gecko) Version/12.1.2 Mobile/15E148 Safari/604.1",,,,"cba93630-ea2c-4260-a756-04ac5c07c283","1571443200000","iPhone","panoplay.duckdns.org",,,"0","11",,,"Festival of Lights - Demo","1571497200000","011708ce-bbff-4a1e-a7c5-f98a3ddc7fca","193.175.2.0","false","false","true","Verein zur Foerderung eines Deutschen Forschungsne","en-US","./livestream/master.m3u8","1571500320000","1569888000000",,"iOS","12","4","0","1",,"0","11","videojs",,"0","html5","videojs-7.6.0",,"BE","667","375","0","WINDOW","0","playing","hls","1571500347000","c77810a3-94d3-4d8b-806e-15d1f8b23c34","0","40971","Horus Live","720","1280","0","Horus Live","0","0","853","842",,,,,"web"
"v2.5.4","680","0",,"Mobile Safari","12","1","0",,"berlin","1571500347000","DE","7b3ef44d-133c-4833-b1ef-e4f2dc475b91","Mozilla/5.0 (iPhone; CPU iPhone OS 12_4_1 like Mac OS X) AppleWebKit/605.1.15 (KHTML, like Gecko) Version/12.1.2 Mobile/15E148 Safari/604.1",,,,"cba93630-ea2c-4260-a756-04ac5c07c283","1571443200000","iPhone","panoplay.duckdns.org",,,"0","25688",,,"Festival of Lights - Demo","1571497200000","011708ce-bbff-4a1e-a7c5-f98a3ddc7fca","193.175.2.0","false","false","true","Verein zur Foerderung eines Deutschen Forschungsne","en-US","./livestream/master.m3u8","1571500320000","1569888000000",,"iOS","12","4","0","1",,"0","25688","videojs",,"0","html5","videojs-7.6.0",,"BE","667","375","0","WINDOW","0","playing","hls","1571500347000","c77810a3-94d3-4d8b-806e-15d1f8b23c34","0","40971","Horus Live","720","1280","0","Horus Live","0","0","28244","6488",,,,,"web"
"v2.5.4","680","0",,"Mobile Safari","12","1","0",,"berlin","1571500347000","DE","7b3ef44d-133c-4833-b1ef-e4f2dc475b91","Mozilla/5.0 (iPhone; CPU iPhone OS 12_4_1 like Mac OS X) AppleWebKit/605.1.15 (KHTML, like Gecko) Version/12.1.2 Mobile/15E148 Safari/604.1",,,,"cba93630-ea2c-4260-a756-04ac5c07c283","1571443200000","iPhone","panoplay.duckdns.org",,,"0","6",,,"Festival of Lights - Demo","1571497200000","011708ce-bbff-4a1e-a7c5-f98a3ddc7fca","193.175.2.0","false","false","true","Verein zur Foerderung eines Deutschen Forschungsne","en-US","./livestream/master.m3u8","1571500320000","1569888000000",,"iOS","12","4","0","1",,"0","6","videojs",,"0","html5","videojs-7.6.0",,"BE","667","375","0","WINDOW","0","playing","hls","1571500347000","c77810a3-94d3-4d8b-806e-15d1f8b23c34","0","40971","Horus Live","720","1280","0","Horus Live","0","0","697","697",,,,,"web"
"v2.5.4","680","0",,"Mobile Safari","12","1","266",,"berlin","1571500347000","DE","7b3ef44d-133c-4833-b1ef-e4f2dc475b91","Mozilla/5.0 (iPhone; CPU iPhone OS 12_4_1 like Mac OS X) AppleWebKit/605.1.15 (KHTML, like Gecko) Version/12.1.2 Mobile/15E148 Safari/604.1",,,,"cba93630-ea2c-4260-a756-04ac5c07c283","1571443200000","iPhone","panoplay.duckdns.org",,,"0","266",,,"Festival of Lights - Demo","1571497200000","011708ce-bbff-4a1e-a7c5-f98a3ddc7fca","193.175.2.0","false","false","true","Verein zur Foerderung eines Deutschen Forschungsne","en-US","./livestream/master.m3u8","1571500320000","1569888000000",,"iOS","12","4","0","1",,"0","0","videojs",,"0","html5","videojs-7.6.0",,"BE","667","375","0","WINDOW","0","rebuffering","hls","1571500347000","c77810a3-94d3-4d8b-806e-15d1f8b23c34","0","40971","Horus Live","720","1280","0","Horus Live","0","0","1118","853",,,,,"web"
"v2.5.4","680","0",,"Mobile Safari","12","1","0",,"berlin","1571500347000","DE","7b3ef44d-133c-4833-b1ef-e4f2dc475b91","Mozilla/5.0 (iPhone; CPU iPhone OS 12_4_1 like Mac OS X) AppleWebKit/605.1.15 (KHTML, like Gecko) Version/12.1.2 Mobile/15E148 Safari/604.1",,,,"cba93630-ea2c-4260-a756-04ac5c07c283","1571443200000","iPhone","panoplay.duckdns.org",,,"0","237",,,"Festival of Lights - Demo","1571497200000","011708ce-bbff-4a1e-a7c5-f98a3ddc7fca","193.175.2.0","false","false","true","Verein zur Foerderung eines Deutschen Forschungsne","en-US","./livestream/master.m3u8","1571500320000","1569888000000",,"iOS","12","4","0","1",,"237","0","videojs",,"0","html5","videojs-7.6.0",,"BE","667","375","0","WINDOW","0","pause","hls","1571500347000","c77810a3-94d3-4d8b-806e-15d1f8b23c34","0","40971","Horus Live","720","1280","0","Horus Live","0","0","697","28244",,,,,"web"
"v2.5.4","680","0",,"Mobile Safari","12","1","0",,"berlin","1571500387000","DE","7b3ef44d-133c-4833-b1ef-e4f2dc475b91","Mozilla/5.0 (iPhone; CPU iPhone OS 12_4_1 like Mac OS X) AppleWebKit/605.1.15 (KHTML, like Gecko) Version/12.1.2 Mobile/15E148 Safari/604.1",,,,"cba93630-ea2c-4260-a756-04ac5c07c283","1571443200000","iPhone","panoplay.duckdns.org",,,"0","39889",,,"Festival of Lights - Demo","1571497200000","011708ce-bbff-4a1e-a7c5-f98a3ddc7fca","193.175.2.0","false","false","true","Verein zur Foerderung eines Deutschen Forschungsne","en-US","./livestream/master.m3u8","1571500380000","1569888000000",,"iOS","12","4","0","1",,"0","39889","videojs",,"0","html5","videojs-7.6.0",,"BE","667","375","0","WINDOW","0","playing","hls","1571500387000","c77810a3-94d3-4d8b-806e-15d1f8b23c34","0","40958","Horus Live","720","1280","0","Horus Live","0","0","40966","1118",,,,,"web"
"v2.5.4","680","0",,"Mobile Safari","12","1","0",,"berlin","1571500399000","DE","0773eb9a-6ae1-451f-923a-8158f41f4321","Mozilla/5.0 (iPhone; CPU iPhone OS 12_4_1 like Mac OS X) AppleWebKit/605.1.15 (KHTML, like Gecko) Version/12.1.2 Mobile/15E148 Safari/604.1",,,,"cba93630-ea2c-4260-a756-04ac5c07c283","1571443200000","iPhone","panoplay.duckdns.org",,,"0","42",,,"Festival of Lights - Demo","1571497200000","5eb802a9-8b9e-4542-9ad3-ec7d9c7497e0","193.175.2.0","false","false","true","Verein zur Foerderung eines Deutschen Forschungsne","en-US","./livestream/master.m3u8","1571500380000","1569888000000",,"iOS","12","4","518","1",,"0","0","videojs",,"42","html5","videojs-7.6.0",,"BE","667","375","0","WINDOW","0","setup","hls","1571500399000","c77810a3-94d3-4d8b-806e-15d1f8b23c34","0","0","Horus Live","0","0","0","Horus Live","0","0","0","0",,,,,"web"
"v2.5.4","680","0",,"Mobile Safari","12","1","0",,"berlin","1571500399000","DE","0773eb9a-6ae1-451f-923a-8158f41f4321","Mozilla/5.0 (iPhone; CPU iPhone OS 12_4_1 like Mac OS X) AppleWebKit/605.1.15 (KHTML, like Gecko) Version/12.1.2 Mobile/15E148 Safari/604.1",,,,"cba93630-ea2c-4260-a756-04ac5c07c283","1571443200000","iPhone","panoplay.duckdns.org",,,"0","0","4","The media could not be loaded, either because the server or network failed or because the format is not supported.","Festival of Lights - Demo","1571497200000","5eb802a9-8b9e-4542-9ad3-ec7d9c7497e0","193.175.2.0","false","false","true","Verein zur Foerderung eines Deutschen Forschungsne","en-US","./livestream/master.m3u8","1571500380000","1569888000000",,"iOS","12","4","0","1",,"0","0","videojs",,"0","html5","videojs-7.6.0",,"BE","667","375","0","WINDOW","0","error","hls","1571500399000","c77810a3-94d3-4d8b-806e-15d1f8b23c34","0","0","Horus Live","0","0","0","Horus Live","0","0","0","0",,,,,"web"
"v2.5.4","680","0",,"Mobile Safari","12","1","0",,"berlin","1571500403000","DE","4b5da082-9425-4664-ab4a-1dba4b985f86","Mozilla/5.0 (iPhone; CPU iPhone OS 12_4_1 like Mac OS X) AppleWebKit/605.1.15 (KHTML, like Gecko) Version/12.1.2 Mobile/15E148 Safari/604.1",,,,"cba93630-ea2c-4260-a756-04ac5c07c283","1571443200000","iPhone","panoplay.duckdns.org",,,"0","33",,,"Festival of Lights - Demo","1571497200000","fba85fcc-9b47-481c-8da9-c66d735e7b50","193.175.2.0","false","false","true","Verein zur Foerderung eines Deutschen Forschungsne","en-US","./livestream/master.m3u8","1571500380000","1569888000000",,"iOS","12","4","293","1",,"0","0","videojs",,"33","html5","videojs-7.6.0",,"BE","667","375","0","WINDOW","0","setup","hls","1571500403000","c77810a3-94d3-4d8b-806e-15d1f8b23c34","0","0","Horus Live","0","0","0","Horus Live","0","0","0","0",,,,,"web"
"v2.5.4","680","0",,"Mobile Safari","12","1","0",,"berlin","1571500403000","DE","4b5da082-9425-4664-ab4a-1dba4b985f86","Mozilla/5.0 (iPhone; CPU iPhone OS 12_4_1 like Mac OS X) AppleWebKit/605.1.15 (KHTML, like Gecko) Version/12.1.2 Mobile/15E148 Safari/604.1",,,,"cba93630-ea2c-4260-a756-04ac5c07c283","1571443200000","iPhone","panoplay.duckdns.org",,,"0","0","4","The media could not be loaded, either because the server or network failed or because the format is not supported.","Festival of Lights - Demo","1571497200000","fba85fcc-9b47-481c-8da9-c66d735e7b50","193.175.2.0","false","false","true","Verein zur Foerderung eines Deutschen Forschungsne","en-US","./livestream/master.m3u8","1571500380000","1569888000000",,"iOS","12","4","0","1",,"0","0","videojs",,"0","html5","videojs-7.6.0",,"BE","667","375","0","WINDOW","0","error","hls","1571500403000","c77810a3-94d3-4d8b-806e-15d1f8b23c34","0","0","Horus Live","0","0","0","Horus Live","0","0","0","0",,,,,"web"
"v2.5.4","680","0",,"Mobile Safari","12","1","0",,"berlin","1571500408000","DE","f635d353-c5cb-4622-8caa-2d6a3756b4a8","Mozilla/5.0 (iPhone; CPU iPhone OS 12_4_1 like Mac OS X) AppleWebKit/605.1.15 (KHTML, like Gecko) Version/12.1.2 Mobile/15E148 Safari/604.1",,,,"cba93630-ea2c-4260-a756-04ac5c07c283","1571443200000","iPhone","panoplay.duckdns.org",,,"0","0","4","The media could not be loaded, either because the server or network failed or because the format is not supported.","Festival of Lights - Demo","1571497200000","21758361-907c-4aaf-af78-c49938894e83","193.175.2.0","false","false","true","Verein zur Foerderung eines Deutschen Forschungsne","en-US","./livestream/master.m3u8","1571500380000","1569888000000",,"iOS","12","4","0","1",,"0","0","videojs",,"0","html5","videojs-7.6.0",,"BE","667","375","0","WINDOW","0","error","hls","1571500408000","c77810a3-94d3-4d8b-806e-15d1f8b23c34","0","0","Horus Live","0","0","0","Horus Live","0","0","0","0",,,,,"web"
"v2.5.4","680","0",,"Mobile Safari","12","1","0",,"berlin","1571500408000","DE","f635d353-c5cb-4622-8caa-2d6a3756b4a8","Mozilla/5.0 (iPhone; CPU iPhone OS 12_4_1 like Mac OS X) AppleWebKit/605.1.15 (KHTML, like Gecko) Version/12.1.2 Mobile/15E148 Safari/604.1",,,,"cba93630-ea2c-4260-a756-04ac5c07c283","1571443200000","iPhone","panoplay.duckdns.org",,,"0","31",,,"Festival of Lights - Demo","1571497200000","21758361-907c-4aaf-af78-c49938894e83","193.175.2.0","false","false","true","Verein zur Foerderung eines Deutschen Forschungsne","en-US","./livestream/master.m3u8","1571500380000","1569888000000",,"iOS","12","4","287","1",,"0","0","videojs",,"31","html5","videojs-7.6.0",,"BE","667","375","0","WINDOW","0","setup","hls","1571500408000","c77810a3-94d3-4d8b-806e-15d1f8b23c34","0","0","Horus Live","0","0","0","Horus Live","0","0","0","0",,,,,"web"
"v2.5.4","680","0",,"Mobile Safari","12","1","0",,"berlin","1571500410000","DE","dab55314-1aca-4ff8-a40d-059b6bcada6c","Mozilla/5.0 (iPhone; CPU iPhone OS 12_4_1 like Mac OS X) AppleWebKit/605.1.15 (KHTML, like Gecko) Version/12.1.2 Mobile/15E148 Safari/604.1",,,,"cba93630-ea2c-4260-a756-04ac5c07c283","1571443200000","iPhone","panoplay.duckdns.org",,,"0","31",,,"Festival of Lights - Demo","1571497200000","097d56b6-618a-4afb-95ff-8733b0467431","193.175.2.0","false","false","true","Verein zur Foerderung eines Deutschen Forschungsne","en-US","./livestream/master.m3u8","1571500380000","1569888000000",,"iOS","12","4","349","1",,"0","0","videojs",,"31","html5","videojs-7.6.0",,"BE","667","375","0","WINDOW","0","setup","hls","1571500410000","c77810a3-94d3-4d8b-806e-15d1f8b23c34","0","0","Horus Live","0","0","0","Horus Live","0","0","0","0",,,,,"web"
"v2.5.4","680","0",,"Mobile Safari","12","1","0",,"berlin","1571500410000","DE","dab55314-1aca-4ff8-a40d-059b6bcada6c","Mozilla/5.0 (iPhone; CPU iPhone OS 12_4_1 like Mac OS X) AppleWebKit/605.1.15 (KHTML, like Gecko) Version/12.1.2 Mobile/15E148 Safari/604.1",,,,"cba93630-ea2c-4260-a756-04ac5c07c283","1571443200000","iPhone","panoplay.duckdns.org",,,"0","0","3","The media playback was aborted due to a corruption problem or because the media used features your browser did not support.","Festival of Lights - Demo","1571497200000","097d56b6-618a-4afb-95ff-8733b0467431","193.175.2.0","false","true","true","Verein zur Foerderung eines Deutschen Forschungsne","en-US","./livestream/master.m3u8","1571500380000","1569888000000",,"iOS","12","4","0","1",,"0","0","videojs",,"0","html5","videojs-7.6.0",,"BE","667","375","0","WINDOW","0","error","hls","1571500410000","c77810a3-94d3-4d8b-806e-15d1f8b23c34","0",,"Horus Live","0","0","0","Horus Live","0","0","0","0",,,,,"web"
"v2.5.4","680","0",,"Mobile Safari","12","1","0",,"berlin","1571500416000","DE","e4b773bd-2cfe-4cb2-8e4b-723d36df9203","Mozilla/5.0 (iPhone; CPU iPhone OS 12_4_1 like Mac OS X) AppleWebKit/605.1.15 (KHTML, like Gecko) Version/12.1.2 Mobile/15E148 Safari/604.1",,,,"cba93630-ea2c-4260-a756-04ac5c07c283","1571443200000","iPhone","panoplay.duckdns.org",,,"0","30",,,"Festival of Lights - Demo","1571497200000","de4a2660-e64b-45d9-b923-719832992549","193.175.2.0","false","false","true","Verein zur Foerderung eines Deutschen Forschungsne","en-US","./livestream/master.m3u8","1571500380000","1569888000000",,"iOS","12","4","325","1",,"0","0","videojs",,"30","html5","videojs-7.6.0",,"BE","667","375","0","WINDOW","0","setup","hls","1571500416000","c77810a3-94d3-4d8b-806e-15d1f8b23c34","0","0","Horus Live","0","0","0","Horus Live","0","0","0","0",,,,,"web"
"v2.5.4","680","0",,"Mobile Safari","12","1","0",,"berlin","1571500416000","DE","e4b773bd-2cfe-4cb2-8e4b-723d36df9203","Mozilla/5.0 (iPhone; CPU iPhone OS 12_4_1 like Mac OS X) AppleWebKit/605.1.15 (KHTML, like Gecko) Version/12.1.2 Mobile/15E148 Safari/604.1",,,,"cba93630-ea2c-4260-a756-04ac5c07c283","1571443200000","iPhone","panoplay.duckdns.org",,,"0","0","3","The media playback was aborted due to a corruption problem or because the media used features your browser did not support.","Festival of Lights - Demo","1571497200000","de4a2660-e64b-45d9-b923-719832992549","193.175.2.0","false","true","true","Verein zur Foerderung eines Deutschen Forschungsne","en-US","./livestream/master.m3u8","1571500380000","1569888000000",,"iOS","12","4","0","1",,"0","0","videojs",,"0","html5","videojs-7.6.0",,"BE","667","375","0","WINDOW","0","error","hls","1571500416000","c77810a3-94d3-4d8b-806e-15d1f8b23c34","0",,"Horus Live","0","0","0","Horus Live","0","0","0","0",,,,,"web"
"v2.5.4","680","0",,"Mobile Safari","12","1","0",,"berlin","1571500419000","DE","946e4048-9407-4ad5-9199-e90f93abf12c","Mozilla/5.0 (iPhone; CPU iPhone OS 12_4_1 like Mac OS X) AppleWebKit/605.1.15 (KHTML, like Gecko) Version/12.1.2 Mobile/15E148 Safari/604.1",,,,"cba93630-ea2c-4260-a756-04ac5c07c283","1571443200000","iPhone","panoplay.duckdns.org",,,"0","0","3","The media playback was aborted due to a corruption problem or because the media used features your browser did not support.","Festival of Lights - Demo","1571497200000","8e5dc4c2-ee3f-4cc5-b681-a991f8a4ae70","193.175.2.0","false","true","true","Verein zur Foerderung eines Deutschen Forschungsne","en-US","./livestream/master.m3u8","1571500380000","1569888000000",,"iOS","12","4","0","1",,"0","0","videojs",,"0","html5","videojs-7.6.0",,"BE","667","375","0","WINDOW","0","error","hls","1571500419000","c77810a3-94d3-4d8b-806e-15d1f8b23c34","0",,"Horus Live","0","0","0","Horus Live","0","0","0","0",,,,,"web"
"v2.5.4","680","0",,"Mobile Safari","12","1","0",,"berlin","1571500419000","DE","946e4048-9407-4ad5-9199-e90f93abf12c","Mozilla/5.0 (iPhone; CPU iPhone OS 12_4_1 like Mac OS X) AppleWebKit/605.1.15 (KHTML, like Gecko) Version/12.1.2 Mobile/15E148 Safari/604.1",,,,"cba93630-ea2c-4260-a756-04ac5c07c283","1571443200000","iPhone","panoplay.duckdns.org",,,"0","30",,,"Festival of Lights - Demo","1571497200000","8e5dc4c2-ee3f-4cc5-b681-a991f8a4ae70","193.175.2.0","false","false","true","Verein zur Foerderung eines Deutschen Forschungsne","en-US","./livestream/master.m3u8","1571500380000","1569888000000",,"iOS","12","4","300","1",,"0","0","videojs",,"30","html5","videojs-7.6.0",,"BE","667","375","0","WINDOW","0","setup","hls","1571500419000","c77810a3-94d3-4d8b-806e-15d1f8b23c34","0","0","Horus Live","0","0","0","Horus Live","0","0","0","0",,,,,"web"
"v2.5.4","680","0",,"Mobile Safari","12","1","0",,"berlin","1571500423000","DE","6626659f-c31e-48b9-b5d1-df3be1324d3d","Mozilla/5.0 (iPhone; CPU iPhone OS 12_4_1 like Mac OS X) AppleWebKit/605.1.15 (KHTML, like Gecko) Version/12.1.2 Mobile/15E148 Safari/604.1",,,,"cba93630-ea2c-4260-a756-04ac5c07c283","1571443200000","iPhone","panoplay.duckdns.org",,,"0","47",,,"Festival of Lights - Demo","1571497200000","4ac386b2-a79d-467d-a58e-937f9fc2721d","193.175.2.0","false","false","true","Verein zur Foerderung eines Deutschen Forschungsne","en-US","./livestream/master.m3u8","1571500380000","1569888000000",,"iOS","12","4","282","1",,"0","0","videojs",,"47","html5","videojs-7.6.0",,"BE","667","375","0","WINDOW","0","setup","hls","1571500423000","c77810a3-94d3-4d8b-806e-15d1f8b23c34","0","0","Horus Live","0","0","0","Horus Live","0","0","0","0",,,,,"web"
"v2.5.4","680","0",,"Mobile Safari","12","1","0",,"berlin","1571500423000","DE","6626659f-c31e-48b9-b5d1-df3be1324d3d","Mozilla/5.0 (iPhone; CPU iPhone OS 12_4_1 like Mac OS X) AppleWebKit/605.1.15 (KHTML, like Gecko) Version/12.1.2 Mobile/15E148 Safari/604.1",,,,"cba93630-ea2c-4260-a756-04ac5c07c283","1571443200000","iPhone","panoplay.duckdns.org",,,"0","0","3","The media playback was aborted due to a corruption problem or because the media used features your browser did not support.","Festival of Lights - Demo","1571497200000","4ac386b2-a79d-467d-a58e-937f9fc2721d","193.175.2.0","false","true","true","Verein zur Foerderung eines Deutschen Forschungsne","en-US","./livestream/master.m3u8","1571500380000","1569888000000",,"iOS","12","4","0","1",,"0","0","videojs",,"0","html5","videojs-7.6.0",,"BE","667","375","0","WINDOW","0","error","hls","1571500423000","c77810a3-94d3-4d8b-806e-15d1f8b23c34","0",,"Horus Live","0","0","0","Horus Live","0","0","0","0",,,,,"web"
"v2.5.4","680","0",,"Mobile Safari","12","1","0",,"berlin","1571500425000","DE","272387ed-9335-45f8-8e57-6310dfd666bc","Mozilla/5.0 (iPhone; CPU iPhone OS 12_4_1 like Mac OS X) AppleWebKit/605.1.15 (KHTML, like Gecko) Version/12.1.2 Mobile/15E148 Safari/604.1",,,,"cba93630-ea2c-4260-a756-04ac5c07c283","1571443200000","iPhone","panoplay.duckdns.org",,,"0","0","3","The media playback was aborted due to a corruption problem or because the media used features your browser did not support.","Festival of Lights - Demo","1571497200000","34aefe92-8252-411d-958a-517edd8e1a14","193.175.2.0","false","true","true","Verein zur Foerderung eines Deutschen Forschungsne","en-US","./livestream/master.m3u8","1571500380000","1569888000000",,"iOS","12","4","0","1",,"0","0","videojs",,"0","html5","videojs-7.6.0",,"BE","667","375","0","WINDOW","0","error","hls","1571500425000","c77810a3-94d3-4d8b-806e-15d1f8b23c34","0",,"Horus Live","0","0","0","Horus Live","0","0","0","0",,,,,"web"
"v2.5.4","680","0",,"Mobile Safari","12","1","0",,"berlin","1571500425000","DE","272387ed-9335-45f8-8e57-6310dfd666bc","Mozilla/5.0 (iPhone; CPU iPhone OS 12_4_1 like Mac OS X) AppleWebKit/605.1.15 (KHTML, like Gecko) Version/12.1.2 Mobile/15E148 Safari/604.1",,,,"cba93630-ea2c-4260-a756-04ac5c07c283","1571443200000","iPhone","panoplay.duckdns.org",,,"0","31",,,"Festival of Lights - Demo","1571497200000","34aefe92-8252-411d-958a-517edd8e1a14","193.175.2.0","false","false","true","Verein zur Foerderung eines Deutschen Forschungsne","en-US","./livestream/master.m3u8","1571500380000","1569888000000",,"iOS","12","4","307","1",,"0","0","videojs",,"31","html5","videojs-7.6.0",,"BE","667","375","0","WINDOW","0","setup","hls","1571500425000","c77810a3-94d3-4d8b-806e-15d1f8b23c34","0","0","Horus Live","0","0","0","Horus Live","0","0","0","0",,,,,"web"
"v2.5.4","680","0",,"Mobile Safari","12","1","0",,"berlin","1571500427000","DE","50907110-3335-4a43-b705-e5d25b64f807","Mozilla/5.0 (iPhone; CPU iPhone OS 12_4_1 like Mac OS X) AppleWebKit/605.1.15 (KHTML, like Gecko) Version/12.1.2 Mobile/15E148 Safari/604.1",,,,"cba93630-ea2c-4260-a756-04ac5c07c283","1571443200000","iPhone","panoplay.duckdns.org",,,"0","0","3","The media playback was aborted due to a corruption problem or because the media used features your browser did not support.","Festival of Lights - Demo","1571497200000","fe6c43c2-2970-4c72-870c-622c3c39829c","193.175.2.0","false","true","true","Verein zur Foerderung eines Deutschen Forschungsne","en-US","./livestream/master.m3u8","1571500380000","1569888000000",,"iOS","12","4","0","1",,"0","0","videojs",,"0","html5","videojs-7.6.0",,"BE","667","375","0","WINDOW","0","error","hls","1571500427000","c77810a3-94d3-4d8b-806e-15d1f8b23c34","0",,"Horus Live","0","0","0","Horus Live","0","0","0","0",,,,,"web"
"v2.5.4","680","0",,"Mobile Safari","12","1","0",,"berlin","1571500427000","DE","50907110-3335-4a43-b705-e5d25b64f807","Mozilla/5.0 (iPhone; CPU iPhone OS 12_4_1 like Mac OS X) AppleWebKit/605.1.15 (KHTML, like Gecko) Version/12.1.2 Mobile/15E148 Safari/604.1",,,,"cba93630-ea2c-4260-a756-04ac5c07c283","1571443200000","iPhone","panoplay.duckdns.org",,,"0","31",,,"Festival of Lights - Demo","1571497200000","fe6c43c2-2970-4c72-870c-622c3c39829c","193.175.2.0","false","false","true","Verein zur Foerderung eines Deutschen Forschungsne","en-US","./livestream/master.m3u8","1571500380000","1569888000000",,"iOS","12","4","269","1",,"0","0","videojs",,"31","html5","videojs-7.6.0",,"BE","667","375","0","WINDOW","0","setup","hls","1571500427000","c77810a3-94d3-4d8b-806e-15d1f8b23c34","0","0","Horus Live","0","0","0","Horus Live","0","0","0","0",,,,,"web"
"v2.5.4","680","0",,"Mobile Safari","12","1","0",,"berlin","1571500433000","DE","d4edb2e3-f7c3-477f-b437-ae8381f5a5b8","Mozilla/5.0 (iPhone; CPU iPhone OS 12_4_1 like Mac OS X) AppleWebKit/605.1.15 (KHTML, like Gecko) Version/12.1.2 Mobile/15E148 Safari/604.1",,,,"cba93630-ea2c-4260-a756-04ac5c07c283","1571443200000","iPhone","panoplay.duckdns.org",,,"0","0","3","The media playback was aborted due to a corruption problem or because the media used features your browser did not support.","Festival of Lights - Demo","1571497200000","91bc2d10-9ddf-4a2b-9425-979032a12204","193.175.2.0","false","true","true","Verein zur Foerderung eines Deutschen Forschungsne","en-US","./livestream/master.m3u8","1571500380000","1569888000000",,"iOS","12","4","0","1",,"0","0","videojs",,"0","html5","videojs-7.6.0",,"BE","667","375","0","WINDOW","0","error","hls","1571500433000","c77810a3-94d3-4d8b-806e-15d1f8b23c34","0",,"Horus Live","0","0","0","Horus Live","0","0","0","0",,,,,"web"
"v2.5.4","680","0",,"Mobile Safari","12","1","0",,"berlin","1571500433000","DE","d4edb2e3-f7c3-477f-b437-ae8381f5a5b8","Mozilla/5.0 (iPhone; CPU iPhone OS 12_4_1 like Mac OS X) AppleWebKit/605.1.15 (KHTML, like Gecko) Version/12.1.2 Mobile/15E148 Safari/604.1",,,,"cba93630-ea2c-4260-a756-04ac5c07c283","1571443200000","iPhone","panoplay.duckdns.org",,,"0","50",,,"Festival of Lights - Demo","1571497200000","91bc2d10-9ddf-4a2b-9425-979032a12204","193.175.2.0","false","false","true","Verein zur Foerderung eines Deutschen Forschungsne","en-US","./livestream/master.m3u8","1571500380000","1569888000000",,"iOS","12","4","276","1",,"0","0","videojs",,"50","html5","videojs-7.6.0",,"BE","667","375","0","WINDOW","0","setup","hls","1571500433000","c77810a3-94d3-4d8b-806e-15d1f8b23c34","0","0","Horus Live","0","0","0","Horus Live","0","0","0","0",,,,,"web"
"v2.5.4","680","0",,"Mobile Safari","12","1","0",,"berlin","1571500434000","DE","24d01c7e-b4a4-4495-9aaf-250b6fd5c4d2","Mozilla/5.0 (iPhone; CPU iPhone OS 12_4_1 like Mac OS X) AppleWebKit/605.1.15 (KHTML, like Gecko) Version/12.1.2 Mobile/15E148 Safari/604.1",,,,"cba93630-ea2c-4260-a756-04ac5c07c283","1571443200000","iPhone","panoplay.duckdns.org",,,"0","39",,,"Festival of Lights - Demo","1571497200000","37945db7-985b-4ad0-8ea0-5188c64cf2ca","193.175.2.0","false","false","true","Verein zur Foerderung eines Deutschen Forschungsne","en-US","./livestream/master.m3u8","1571500380000","1569888000000",,"iOS","12","4","305","1",,"0","0","videojs",,"39","html5","videojs-7.6.0",,"BE","667","375","0","WINDOW","0","setup","hls","1571500434000","c77810a3-94d3-4d8b-806e-15d1f8b23c34","0","0","Horus Live","0","0","0","Horus Live","0","0","0","0",,,,,"web"
"v2.5.4","680","0",,"Mobile Safari","12","1","0",,"berlin","1571500434000","DE","24d01c7e-b4a4-4495-9aaf-250b6fd5c4d2","Mozilla/5.0 (iPhone; CPU iPhone OS 12_4_1 like Mac OS X) AppleWebKit/605.1.15 (KHTML, like Gecko) Version/12.1.2 Mobile/15E148 Safari/604.1",,,,"cba93630-ea2c-4260-a756-04ac5c07c283","1571443200000","iPhone","panoplay.duckdns.org",,,"0","0","3","The media playback was aborted due to a corruption problem or because the media used features your browser did not support.","Festival of Lights - Demo","1571497200000","37945db7-985b-4ad0-8ea0-5188c64cf2ca","193.175.2.0","false","true","true","Verein zur Foerderung eines Deutschen Forschungsne","en-US","./livestream/master.m3u8","1571500380000","1569888000000",,"iOS","12","4","0","1",,"0","0","videojs",,"0","html5","videojs-7.6.0",,"BE","667","375","0","WINDOW","0","error","hls","1571500434000","c77810a3-94d3-4d8b-806e-15d1f8b23c34","0",,"Horus Live","0","0","0","Horus Live","0","0","0","0",,,,,"web"
"v2.5.4","680","0",,"Mobile Safari","12","1","0",,"berlin","1571500440000","DE","3a10cdc8-70fe-436f-bf90-49a52c957537","Mozilla/5.0 (iPhone; CPU iPhone OS 12_4_1 like Mac OS X) AppleWebKit/605.1.15 (KHTML, like Gecko) Version/12.1.2 Mobile/15E148 Safari/604.1",,,,"cba93630-ea2c-4260-a756-04ac5c07c283","1571443200000","iPhone","panoplay.duckdns.org",,,"0","64",,,"Festival of Lights - Demo","1571497200000","5ea96296-c4a1-4578-9dde-ffa5f44281d2","193.175.2.0","false","false","true","Verein zur Foerderung eines Deutschen Forschungsne","en-US","./livestream/master.m3u8","1571500440000","1569888000000",,"iOS","12","4","315","1",,"0","0","videojs",,"64","html5","videojs-7.6.0",,"BE","667","375","0","WINDOW","0","setup","hls","1571500440000","c77810a3-94d3-4d8b-806e-15d1f8b23c34","0","0","Horus Live","0","0","0","Horus Live","0","0","0","0",,,,,"web"
"v2.5.4","680","0",,"Mobile Safari","12","1","0",,"berlin","1571500440000","DE","3a10cdc8-70fe-436f-bf90-49a52c957537","Mozilla/5.0 (iPhone; CPU iPhone OS 12_4_1 like Mac OS X) AppleWebKit/605.1.15 (KHTML, like Gecko) Version/12.1.2 Mobile/15E148 Safari/604.1",,,,"cba93630-ea2c-4260-a756-04ac5c07c283","1571443200000","iPhone","panoplay.duckdns.org",,,"0","0","3","The media playback was aborted due to a corruption problem or because the media used features your browser did not support.","Festival of Lights - Demo","1571497200000","5ea96296-c4a1-4578-9dde-ffa5f44281d2","193.175.2.0","false","true","true","Verein zur Foerderung eines Deutschen Forschungsne","en-US","./livestream/master.m3u8","1571500440000","1569888000000",,"iOS","12","4","0","1",,"0","0","videojs",,"0","html5","videojs-7.6.0",,"BE","667","375","0","WINDOW","0","error","hls","1571500440000","c77810a3-94d3-4d8b-806e-15d1f8b23c34","0",,"Horus Live","0","0","0","Horus Live","0","0","0","0",,,,,"web"
"v2.5.4","680","0",,"Mobile Safari","12","1","0",,"berlin","1571500441000","DE","272d7005-0cb3-49d0-8618-0b915b43fe16","Mozilla/5.0 (iPhone; CPU iPhone OS 12_4_1 like Mac OS X) AppleWebKit/605.1.15 (KHTML, like Gecko) Version/12.1.2 Mobile/15E148 Safari/604.1",,,,"cba93630-ea2c-4260-a756-04ac5c07c283","1571443200000","iPhone","panoplay.duckdns.org",,,"0","0","3","The media playback was aborted due to a corruption problem or because the media used features your browser did not support.","Festival of Lights - Demo","1571497200000","f8522e72-be05-4ab8-b4cd-7f7d15f6535e","193.175.2.0","false","true","true","Verein zur Foerderung eines Deutschen Forschungsne","en-US","./livestream/master.m3u8","1571500440000","1569888000000",,"iOS","12","4","0","1",,"0","0","videojs",,"0","html5","videojs-7.6.0",,"BE","667","375","0","WINDOW","0","error","hls","1571500441000","c77810a3-94d3-4d8b-806e-15d1f8b23c34","0",,"Horus Live","0","0","0","Horus Live","0","0","0","0",,,,,"web"
"v2.5.4","680","0",,"Mobile Safari","12","1","0",,"berlin","1571500441000","DE","272d7005-0cb3-49d0-8618-0b915b43fe16","Mozilla/5.0 (iPhone; CPU iPhone OS 12_4_1 like Mac OS X) AppleWebKit/605.1.15 (KHTML, like Gecko) Version/12.1.2 Mobile/15E148 Safari/604.1",,,,"cba93630-ea2c-4260-a756-04ac5c07c283","1571443200000","iPhone","panoplay.duckdns.org",,,"0","49",,,"Festival of Lights - Demo","1571497200000","f8522e72-be05-4ab8-b4cd-7f7d15f6535e","193.175.2.0","false","false","true","Verein zur Foerderung eines Deutschen Forschungsne","en-US","./livestream/master.m3u8","1571500440000","1569888000000",,"iOS","12","4","310","1",,"0","0","videojs",,"49","html5","videojs-7.6.0",,"BE","667","375","0","WINDOW","0","setup","hls","1571500441000","c77810a3-94d3-4d8b-806e-15d1f8b23c34","0","0","Horus Live","0","0","0","Horus Live","0","0","0","0",,,,,"web"
"v2.5.4","680","0",,"Mobile Safari","12","1","0",,"berlin","1571500442000","DE","a25dd1a3-6e52-4d38-947f-d85f0c3f1465","Mozilla/5.0 (iPhone; CPU iPhone OS 12_4_1 like Mac OS X) AppleWebKit/605.1.15 (KHTML, like Gecko) Version/12.1.2 Mobile/15E148 Safari/604.1",,,,"cba93630-ea2c-4260-a756-04ac5c07c283","1571443200000","iPhone","panoplay.duckdns.org",,,"0","0","3","The media playback was aborted due to a corruption problem or because the media used features your browser did not support.","Festival of Lights - Demo","1571497200000","b6555914-ae2b-45bf-8454-c6c6b8f5de25","193.175.2.0","false","true","true","Verein zur Foerderung eines Deutschen Forschungsne","en-US","./livestream/master.m3u8","1571500440000","1569888000000",,"iOS","12","4","0","1",,"0","0","videojs",,"0","html5","videojs-7.6.0",,"BE","667","375","0","WINDOW","0","error","hls","1571500442000","c77810a3-94d3-4d8b-806e-15d1f8b23c34","0",,"Horus Live","0","0","0","Horus Live","0","0","0","0",,,,,"web"
"v2.5.4","680","0",,"Mobile Safari","12","1","0",,"berlin","1571500442000","DE","a25dd1a3-6e52-4d38-947f-d85f0c3f1465","Mozilla/5.0 (iPhone; CPU iPhone OS 12_4_1 like Mac OS X) AppleWebKit/605.1.15 (KHTML, like Gecko) Version/12.1.2 Mobile/15E148 Safari/604.1",,,,"cba93630-ea2c-4260-a756-04ac5c07c283","1571443200000","iPhone","panoplay.duckdns.org",,,"0","51",,,"Festival of Lights - Demo","1571497200000","b6555914-ae2b-45bf-8454-c6c6b8f5de25","193.175.2.0","false","false","true","Verein zur Foerderung eines Deutschen Forschungsne","en-US","./livestream/master.m3u8","1571500440000","1569888000000",,"iOS","12","4","238","1",,"0","0","videojs",,"51","html5","videojs-7.6.0",,"BE","667","375","0","WINDOW","0","setup","hls","1571500442000","c77810a3-94d3-4d8b-806e-15d1f8b23c34","0","0","Horus Live","0","0","0","Horus Live","0","0","0","0",,,,,"web"
"v2.5.4","680","0",,"Mobile Safari","12","1","0",,"berlin","1571500450000","DE","10e4a229-020d-49be-9c73-a0cddb1249f8","Mozilla/5.0 (iPhone; CPU iPhone OS 12_4_1 like Mac OS X) AppleWebKit/605.1.15 (KHTML, like Gecko) Version/12.1.2 Mobile/15E148 Safari/604.1",,,,"cba93630-ea2c-4260-a756-04ac5c07c283","1571443200000","iPhone","panoplay.duckdns.org",,,"0","0","3","The media playback was aborted due to a corruption problem or because the media used features your browser did not support.","Festival of Lights - Demo","1571497200000","20596a22-520e-4d77-a1b8-1cafbf5984d1","193.175.2.0","false","true","true","Verein zur Foerderung eines Deutschen Forschungsne","en-US","./livestream/master.m3u8","1571500440000","1569888000000",,"iOS","12","4","0","1",,"0","0","videojs",,"0","html5","videojs-7.6.0",,"BE","667","375","0","WINDOW","0","error","hls","1571500450000","53582142-279d-47b0-86e1-617fe5390879","0",,"Horus Live","0","0","0","Horus Live","0","0","0","0",,,,,"web"
"v2.5.4","680","0",,"Mobile Safari","12","1","0",,"berlin","1571500450000","DE","10e4a229-020d-49be-9c73-a0cddb1249f8","Mozilla/5.0 (iPhone; CPU iPhone OS 12_4_1 like Mac OS X) AppleWebKit/605.1.15 (KHTML, like Gecko) Version/12.1.2 Mobile/15E148 Safari/604.1",,,,"cba93630-ea2c-4260-a756-04ac5c07c283","1571443200000","iPhone","panoplay.duckdns.org",,,"0","169",,,"Festival of Lights - Demo","1571497200000","20596a22-520e-4d77-a1b8-1cafbf5984d1","193.175.2.0","false","false","true","Verein zur Foerderung eines Deutschen Forschungsne","en-US","./livestream/master.m3u8","1571500440000","1569888000000",,"iOS","12","4","917","1",,"0","0","videojs",,"169","html5","videojs-7.6.0",,"BE","667","375","0","WINDOW","0","setup","hls","1571500450000","53582142-279d-47b0-86e1-617fe5390879","0","0","Horus Live","0","0","0","Horus Live","0","0","0","0",,,,,"web"
"v2.5.4","680","0",,"Mobile Safari","12","1","0",,"berlin","1571500458000","DE","8c8889a8-eea3-4930-9a2c-904f20e77b45","Mozilla/5.0 (iPhone; CPU iPhone OS 12_4_1 like Mac OS X) AppleWebKit/605.1.15 (KHTML, like Gecko) Version/12.1.2 Mobile/15E148 Safari/604.1",,,,"cba93630-ea2c-4260-a756-04ac5c07c283","1571443200000","iPhone","panoplay.duckdns.org",,,"0","0","3","The media playback was aborted due to a corruption problem or because the media used features your browser did not support.","Festival of Lights - Demo","1571497200000","1bdc1568-a980-468b-85ba-170fbe3fc6a6","193.175.2.0","false","true","true","Verein zur Foerderung eines Deutschen Forschungsne","en-US","./livestream/master.m3u8","1571500440000","1569888000000",,"iOS","12","4","0","1",,"0","0","videojs",,"0","html5","videojs-7.6.0",,"BE","667","375","0","WINDOW","0","error","hls","1571500458000","53582142-279d-47b0-86e1-617fe5390879","0",,"Horus Live","0","0","0","Horus Live","0","0","0","0",,,,,"web"
"v2.5.4","680","0",,"Mobile Safari","12","1","0",,"berlin","1571500458000","DE","8c8889a8-eea3-4930-9a2c-904f20e77b45","Mozilla/5.0 (iPhone; CPU iPhone OS 12_4_1 like Mac OS X) AppleWebKit/605.1.15 (KHTML, like Gecko) Version/12.1.2 Mobile/15E148 Safari/604.1",,,,"cba93630-ea2c-4260-a756-04ac5c07c283","1571443200000","iPhone","panoplay.duckdns.org",,,"0","59",,,"Festival of Lights - Demo","1571497200000","1bdc1568-a980-468b-85ba-170fbe3fc6a6","193.175.2.0","false","false","true","Verein zur Foerderung eines Deutschen Forschungsne","en-US","./livestream/master.m3u8","1571500440000","1569888000000",,"iOS","12","4","516","1",,"0","0","videojs",,"59","html5","videojs-7.6.0",,"BE","667","375","0","WINDOW","0","setup","hls","1571500458000","53582142-279d-47b0-86e1-617fe5390879","0","0","Horus Live","0","0","0","Horus Live","0","0","0","0",,,,,"web"
"v2.5.4","680","0",,"Mobile Safari","12","1","0",,"berlin","1571500474000","DE","95027524-e5c5-4226-b334-bb1e172e8247","Mozilla/5.0 (iPhone; CPU iPhone OS 12_4_1 like Mac OS X) AppleWebKit/605.1.15 (KHTML, like Gecko) Version/12.1.2 Mobile/15E148 Safari/604.1",,,,"cba93630-ea2c-4260-a756-04ac5c07c283","1571443200000","iPhone","panoplay.duckdns.org",,,"0","0","3","The media playback was aborted due to a corruption problem or because the media used features your browser did not support.","Festival of Lights - Demo","1571497200000","9871d00c-9395-41cc-83f1-e58a0b49426f","193.175.2.0","false","true","true","Verein zur Foerderung eines Deutschen Forschungsne","en-US","./livestream/master.m3u8","1571500440000","1569888000000",,"iOS","12","4","0","1",,"0","0","videojs",,"0","html5","videojs-7.6.0",,"BE","667","375","0","WINDOW","0","error","hls","1571500474000","53582142-279d-47b0-86e1-617fe5390879","0",,"Horus Live","0","0","0","Horus Live","0","0","0","0",,,,,"web"
"v2.5.4","680","0",,"Mobile Safari","12","1","0",,"berlin","1571500474000","DE","95027524-e5c5-4226-b334-bb1e172e8247","Mozilla/5.0 (iPhone; CPU iPhone OS 12_4_1 like Mac OS X) AppleWebKit/605.1.15 (KHTML, like Gecko) Version/12.1.2 Mobile/15E148 Safari/604.1",,,,"cba93630-ea2c-4260-a756-04ac5c07c283","1571443200000","iPhone","panoplay.duckdns.org",,,"0","37",,,"Festival of Lights - Demo","1571497200000","9871d00c-9395-41cc-83f1-e58a0b49426f","193.175.2.0","false","false","true","Verein zur Foerderung eines Deutschen Forschungsne","en-US","./livestream/master.m3u8","1571500440000","1569888000000",,"iOS","12","4","281","1",,"0","0","videojs",,"37","html5","videojs-7.6.0",,"BE","667","375","0","WINDOW","0","setup","hls","1571500474000","53582142-279d-47b0-86e1-617fe5390879","0","0","Horus Live","0","0","0","Horus Live","0","0","0","0",,,,,"web"
"v2.5.4","680","0",,"Mobile Safari","12","1","0",,"berlin","1571500505000","DE","fa8c4cd3-42d4-4208-b299-20d1700cc014","Mozilla/5.0 (iPhone; CPU iPhone OS 12_4_1 like Mac OS X) AppleWebKit/605.1.15 (KHTML, like Gecko) Version/12.1.2 Mobile/15E148 Safari/604.1",,,,"cba93630-ea2c-4260-a756-04ac5c07c283","1571443200000","iPhone","panoplay.duckdns.org",,,"0","34",,,"Festival of Lights - Demo","1571497200000","7091aaf5-0aad-4e0d-9425-c3878d5355e8","193.175.2.0","false","false","true","Verein zur Foerderung eines Deutschen Forschungsne","en-US","./livestream/master.m3u8","1571500500000","1569888000000",,"iOS","12","4","524","1",,"0","0","videojs",,"34","html5","videojs-7.6.0",,"BE","667","375","0","WINDOW","0","setup","hls","1571500505000","53582142-279d-47b0-86e1-617fe5390879","0","0","Horus Live","0","0","0","Horus Live","0","0","0","0",,,,,"web"
"v2.5.4","680","0",,"Mobile Safari","12","1","0",,"berlin","1571500505000","DE","fa8c4cd3-42d4-4208-b299-20d1700cc014","Mozilla/5.0 (iPhone; CPU iPhone OS 12_4_1 like Mac OS X) AppleWebKit/605.1.15 (KHTML, like Gecko) Version/12.1.2 Mobile/15E148 Safari/604.1",,,,"cba93630-ea2c-4260-a756-04ac5c07c283","1571443200000","iPhone","panoplay.duckdns.org",,,"0","0","3","The media playback was aborted due to a corruption problem or because the media used features your browser did not support.","Festival of Lights - Demo","1571497200000","7091aaf5-0aad-4e0d-9425-c3878d5355e8","193.175.2.0","false","true","true","Verein zur Foerderung eines Deutschen Forschungsne","en-US","./livestream/master.m3u8","1571500500000","1569888000000",,"iOS","12","4","0","1",,"0","0","videojs",,"0","html5","videojs-7.6.0",,"BE","667","375","0","WINDOW","0","error","hls","1571500505000","53582142-279d-47b0-86e1-617fe5390879","0",,"Horus Live","0","0","0","Horus Live","0","0","0","0",,,,,"web"
"v2.5.4","680","0",,"Mobile Safari","12","1","0",,"berlin","1571500510000","DE","9cbb548f-852c-41c5-bc65-3ba01d37d6ce","Mozilla/5.0 (iPhone; CPU iPhone OS 12_4_1 like Mac OS X) AppleWebKit/605.1.15 (KHTML, like Gecko) Version/12.1.2 Mobile/15E148 Safari/604.1",,,,"cba93630-ea2c-4260-a756-04ac5c07c283","1571443200000","iPhone","panoplay.duckdns.org",,,"0","51",,,"Festival of Lights - Demo","1571497200000","04d659c3-c544-4248-bba1-aa853fbe539a","193.175.2.0","false","false","true","Verein zur Foerderung eines Deutschen Forschungsne","en-US","./livestream/master.m3u8","1571500500000","1569888000000",,"iOS","12","4","262","1",,"0","0","videojs",,"51","html5","videojs-7.6.0",,"BE","667","375","0","WINDOW","0","setup","hls","1571500510000","53582142-279d-47b0-86e1-617fe5390879","0","0","Horus Live","0","0","0","Horus Live","0","0","0","0",,,,,"web"
"v2.5.4","680","0",,"Mobile Safari","12","1","0",,"berlin","1571500510000","DE","9cbb548f-852c-41c5-bc65-3ba01d37d6ce","Mozilla/5.0 (iPhone; CPU iPhone OS 12_4_1 like Mac OS X) AppleWebKit/605.1.15 (KHTML, like Gecko) Version/12.1.2 Mobile/15E148 Safari/604.1",,,,"cba93630-ea2c-4260-a756-04ac5c07c283","1571443200000","iPhone","panoplay.duckdns.org",,,"0","0","3","The media playback was aborted due to a corruption problem or because the media used features your browser did not support.","Festival of Lights - Demo","1571497200000","04d659c3-c544-4248-bba1-aa853fbe539a","193.175.2.0","false","true","true","Verein zur Foerderung eines Deutschen Forschungsne","en-US","./livestream/master.m3u8","1571500500000","1569888000000",,"iOS","12","4","0","1",,"0","0","videojs",,"0","html5","videojs-7.6.0",,"BE","667","375","0","WINDOW","0","error","hls","1571500510000","53582142-279d-47b0-86e1-617fe5390879","0",,"Horus Live","0","0","0","Horus Live","0","0","0","0",,,,,"web"
"v2.5.4","680","0",,"Mobile Safari","12","1","0",,"berlin","1571500512000","DE","5158498b-9959-406c-9f87-304993deeb4f","Mozilla/5.0 (iPhone; CPU iPhone OS 12_4_1 like Mac OS X) AppleWebKit/605.1.15 (KHTML, like Gecko) Version/12.1.2 Mobile/15E148 Safari/604.1",,,,"cba93630-ea2c-4260-a756-04ac5c07c283","1571443200000","iPhone","panoplay.duckdns.org",,,"0","0","3","The media playback was aborted due to a corruption problem or because the media used features your browser did not support.","Festival of Lights - Demo","1571497200000","bbbbf329-0690-4a15-9084-122f35de27ab","193.175.2.0","false","true","true","Verein zur Foerderung eines Deutschen Forschungsne","en-US","./livestream/master.m3u8","1571500500000","1569888000000",,"iOS","12","4","0","1",,"0","0","videojs",,"0","html5","videojs-7.6.0",,"BE","667","375","0","WINDOW","0","error","hls","1571500512000","53582142-279d-47b0-86e1-617fe5390879","0",,"Horus Live","0","0","0","Horus Live","0","0","0","0",,,,,"web"
"v2.5.4","680","0",,"Mobile Safari","12","1","0",,"berlin","1571500512000","DE","5158498b-9959-406c-9f87-304993deeb4f","Mozilla/5.0 (iPhone; CPU iPhone OS 12_4_1 like Mac OS X) AppleWebKit/605.1.15 (KHTML, like Gecko) Version/12.1.2 Mobile/15E148 Safari/604.1",,,,"cba93630-ea2c-4260-a756-04ac5c07c283","1571443200000","iPhone","panoplay.duckdns.org",,,"0","32",,,"Festival of Lights - Demo","1571497200000","bbbbf329-0690-4a15-9084-122f35de27ab","193.175.2.0","false","false","true","Verein zur Foerderung eines Deutschen Forschungsne","en-US","./livestream/master.m3u8","1571500500000","1569888000000",,"iOS","12","4","273","1",,"0","0","videojs",,"32","html5","videojs-7.6.0",,"BE","667","375","0","WINDOW","0","setup","hls","1571500512000","53582142-279d-47b0-86e1-617fe5390879","0","0","Horus Live","0","0","0","Horus Live","0","0","0","0",,,,,"web"
"v2.5.4","680","0",,"Mobile Safari","12","1","0",,"berlin","1571500549000","DE","d8c5b27f-ac5d-409c-8b39-94ba4598f258","Mozilla/5.0 (iPhone; CPU iPhone OS 12_4_1 like Mac OS X) AppleWebKit/605.1.15 (KHTML, like Gecko) Version/12.1.2 Mobile/15E148 Safari/604.1",,,,"cba93630-ea2c-4260-a756-04ac5c07c283","1571443200000","iPhone","panoplay.duckdns.org",,,"0","40",,,"Festival of Lights - Demo","1571497200000","73222a2b-a90b-41fa-af9b-305c1d07db96","193.175.2.0","false","false","true","Verein zur Foerderung eines Deutschen Forschungsne","en-US","./livestream/master.m3u8","1571500500000","1569888000000",,"iOS","12","4","1073","1",,"0","0","videojs",,"40","html5","videojs-7.6.0",,"BE","667","375","0","WINDOW","0","setup","hls","1571500549000","53582142-279d-47b0-86e1-617fe5390879","0","0","Horus Live","0","0","0","Horus Live","0","0","0","0",,,,,"web"
"v2.5.4","680","0",,"Mobile Safari","12","1","0",,"berlin","1571500549000","DE","d8c5b27f-ac5d-409c-8b39-94ba4598f258","Mozilla/5.0 (iPhone; CPU iPhone OS 12_4_1 like Mac OS X) AppleWebKit/605.1.15 (KHTML, like Gecko) Version/12.1.2 Mobile/15E148 Safari/604.1",,,,"cba93630-ea2c-4260-a756-04ac5c07c283","1571443200000","iPhone","panoplay.duckdns.org",,,"0","0","3","The media playback was aborted due to a corruption problem or because the media used features your browser did not support.","Festival of Lights - Demo","1571497200000","73222a2b-a90b-41fa-af9b-305c1d07db96","193.175.2.0","false","true","true","Verein zur Foerderung eines Deutschen Forschungsne","en-US","./livestream/master.m3u8","1571500500000","1569888000000",,"iOS","12","4","0","1",,"0","0","videojs",,"0","html5","videojs-7.6.0",,"BE","667","375","0","WINDOW","0","error","hls","1571500549000","53582142-279d-47b0-86e1-617fe5390879","0",,"Horus Live","0","0","0","Horus Live","0","0","0","0",,,,,"web"
"v2.5.4","680","0",,"Mobile Safari","12","1","0",,"berlin","1571500578000","DE","0b0729ea-63d3-4db3-be41-608862698220","Mozilla/5.0 (iPhone; CPU iPhone OS 12_4_1 like Mac OS X) AppleWebKit/605.1.15 (KHTML, like Gecko) Version/12.1.2 Mobile/15E148 Safari/604.1",,,,"cba93630-ea2c-4260-a756-04ac5c07c283","1571443200000","iPhone","panoplay.duckdns.org",,,"0","0","3","The media playback was aborted due to a corruption problem or because the media used features your browser did not support.","Festival of Lights - Demo","1571497200000","a72997ac-1775-4b0a-bf17-4b5b0a94df70","193.175.2.0","false","true","true","Verein zur Foerderung eines Deutschen Forschungsne","en-US","./livestream/master.m3u8","1571500560000","1569888000000",,"iOS","12","4","0","1",,"0","0","videojs",,"0","html5","videojs-7.6.0",,"BE","667","375","0","WINDOW","0","error","hls","1571500578000","53582142-279d-47b0-86e1-617fe5390879","0",,"Horus Live","0","0","0","Horus Live","0","0","0","0",,,,,"web"
"v2.5.4","680","0",,"Mobile Safari","12","1","0",,"berlin","1571500578000","DE","0b0729ea-63d3-4db3-be41-608862698220","Mozilla/5.0 (iPhone; CPU iPhone OS 12_4_1 like Mac OS X) AppleWebKit/605.1.15 (KHTML, like Gecko) Version/12.1.2 Mobile/15E148 Safari/604.1",,,,"cba93630-ea2c-4260-a756-04ac5c07c283","1571443200000","iPhone","panoplay.duckdns.org",,,"0","60",,,"Festival of Lights - Demo","1571497200000","a72997ac-1775-4b0a-bf17-4b5b0a94df70","193.175.2.0","false","false","true","Verein zur Foerderung eines Deutschen Forschungsne","en-US","./livestream/master.m3u8","1571500560000","1569888000000",,"iOS","12","4","290","1",,"0","0","videojs",,"60","html5","videojs-7.6.0",,"BE","667","375","0","WINDOW","0","setup","hls","1571500578000","53582142-279d-47b0-86e1-617fe5390879","0","0","Horus Live","0","0","0","Horus Live","0","0","0","0",,,,,"web"
"v2.5.4","680","0",,"Mobile Safari","12","1","0",,"berlin","1571500606000","DE","81fcd4fe-8145-4edc-af2e-bfb5e7f344e8","Mozilla/5.0 (iPhone; CPU iPhone OS 12_4_1 like Mac OS X) AppleWebKit/605.1.15 (KHTML, like Gecko) Version/12.1.2 Mobile/15E148 Safari/604.1",,,,"cba93630-ea2c-4260-a756-04ac5c07c283","1571443200000","iPhone","panoplay.duckdns.org",,,"0","45",,,"Festival of Lights - Demo","1571497200000","557f47bb-297f-4626-997a-db15bb5cb1f0","193.175.2.0","false","false","true","Verein zur Foerderung eines Deutschen Forschungsne","en-US","./livestream/master.m3u8","1571500560000","1569888000000",,"iOS","12","4","748","1",,"0","0","videojs",,"45","html5","videojs-7.6.0",,"BE","667","375","0","WINDOW","0","setup","hls","1571500606000","53582142-279d-47b0-86e1-617fe5390879","0","0","Horus Live","0","0","0","Horus Live","0","0","0","0",,,,,"web"
"v2.5.4","680","0",,"Mobile Safari","12","1","0",,"berlin","1571500606000","DE","81fcd4fe-8145-4edc-af2e-bfb5e7f344e8","Mozilla/5.0 (iPhone; CPU iPhone OS 12_4_1 like Mac OS X) AppleWebKit/605.1.15 (KHTML, like Gecko) Version/12.1.2 Mobile/15E148 Safari/604.1",,,,"cba93630-ea2c-4260-a756-04ac5c07c283","1571443200000","iPhone","panoplay.duckdns.org",,,"0","0","3","The media playback was aborted due to a corruption problem or because the media used features your browser did not support.","Festival of Lights - Demo","1571497200000","557f47bb-297f-4626-997a-db15bb5cb1f0","193.175.2.0","false","true","true","Verein zur Foerderung eines Deutschen Forschungsne","en-US","./livestream/master.m3u8","1571500560000","1569888000000",,"iOS","12","4","0","1",,"0","0","videojs",,"0","html5","videojs-7.6.0",,"BE","667","375","0","WINDOW","0","error","hls","1571500606000","53582142-279d-47b0-86e1-617fe5390879","0",,"Horus Live","0","0","0","Horus Live","0","0","0","0",,,,,"web"
"v2.5.4","680","0",,"Firefox","69","0","0",,"berlin","1571500628000","DE","dbecf3c9-9d2d-47ce-a02a-eace6b8a8d78","Mozilla/5.0 (X11; Ubuntu; Linux x86_64; rv:69.0) Gecko/20100101 Firefox/69.0",,,,"8d4cd5fe-ad2c-4c31-aa92-d848cdb05351","1571443200000","Other","panoplay.duckdns.org",,,"0","0",,,"Festival of Lights - Demo","1571497200000","a10a81c9-8ae1-454e-ac48-62b42f832314","193.175.2.0","false","true","true","Verein zur Foerderung eines Deutschen Forschungsne","en-US","./livestream/master.m3u8","1571500620000","1569888000000",,"Ubuntu",,,"0","1",,"0","0","videojs",,"0","html5","videojs-7.6.0",,"BE","1200","1920","0","WINDOW","0","qualitychange","hls","1571500628000","c464a592-8340-49ee-b9a3-87493e6e6c3c","6600000",,"Horus Live","2816","2816","0","Horus Live","0","0","20020","20020",,,,,"web"
"v2.5.4","680","0","true","Firefox","69","0","0",,"berlin","1571500628000","DE","dbecf3c9-9d2d-47ce-a02a-eace6b8a8d78","Mozilla/5.0 (X11; Ubuntu; Linux x86_64; rv:69.0) Gecko/20100101 Firefox/69.0",,,,"8d4cd5fe-ad2c-4c31-aa92-d848cdb05351","1571443200000","Other","panoplay.duckdns.org",,,"0","390",,,"Festival of Lights - Demo","1571497200000","a10a81c9-8ae1-454e-ac48-62b42f832314","193.175.2.0","false","true","true","Verein zur Foerderung eines Deutschen Forschungsne","en-US","./livestream/master.m3u8","1571500620000","1569888000000",,"Ubuntu",,,"0","1",,"0","0","videojs",,"0","html5","videojs-7.6.0",,"BE","1200","1920","0","WINDOW","423","startup","hls","1571500628000","c464a592-8340-49ee-b9a3-87493e6e6c3c","0",,"Horus Live","2816","2816","390","Horus Live","0","0","20020","0",,,,,"web"
"v2.5.4","680","0",,"Firefox","69","0","0",,"berlin","1571500628000","DE","dbecf3c9-9d2d-47ce-a02a-eace6b8a8d78","Mozilla/5.0 (X11; Ubuntu; Linux x86_64; rv:69.0) Gecko/20100101 Firefox/69.0",,,,"8d4cd5fe-ad2c-4c31-aa92-d848cdb05351","1571443200000","Other","panoplay.duckdns.org",,,"0","33",,,"Festival of Lights - Demo","1571497200000","a10a81c9-8ae1-454e-ac48-62b42f832314","193.175.2.0","false","false","true","Verein zur Foerderung eines Deutschen Forschungsne","en-US","./livestream/master.m3u8","1571500620000","1569888000000",,"Ubuntu",,,"370","1",,"0","0","videojs",,"33","html5","videojs-7.6.0",,"BE","1200","1920","0","WINDOW","0","setup","hls","1571500628000","c464a592-8340-49ee-b9a3-87493e6e6c3c","0","0","Horus Live","0","0","0","Horus Live","0","0","0","0",,,,,"web"
"v2.5.4","680","0",,"Firefox","69","0","0",,"berlin","1571500628000","DE","dbecf3c9-9d2d-47ce-a02a-eace6b8a8d78","Mozilla/5.0 (X11; Ubuntu; Linux x86_64; rv:69.0) Gecko/20100101 Firefox/69.0",,,,"8d4cd5fe-ad2c-4c31-aa92-d848cdb05351","1571443200000","Other","panoplay.duckdns.org",,,"0","1",,,"Festival of Lights - Demo","1571497200000","a10a81c9-8ae1-454e-ac48-62b42f832314","193.175.2.0","false","true","true","Verein zur Foerderung eines Deutschen Forschungsne","en-US","./livestream/master.m3u8","1571500620000","1569888000000",,"Ubuntu",,,"0","1",,"0","1","videojs",,"0","html5","videojs-7.6.0",,"BE","1200","1920","0","WINDOW","0","playing","hls","1571500628000","c464a592-8340-49ee-b9a3-87493e6e6c3c","0",,"Horus Live","2816","2816","0","Horus Live","0","0","20020","20020",,,,,"web"
"v2.5.4","680","0",,"Firefox","69","0","0",,"berlin","1571500688000","DE","dbecf3c9-9d2d-47ce-a02a-eace6b8a8d78","Mozilla/5.0 (X11; Ubuntu; Linux x86_64; rv:69.0) Gecko/20100101 Firefox/69.0",,,,"8d4cd5fe-ad2c-4c31-aa92-d848cdb05351","1571443200000","Other","panoplay.duckdns.org",,,"0","59934",,,"Festival of Lights - Demo","1571497200000","a10a81c9-8ae1-454e-ac48-62b42f832314","193.175.2.0","false","true","true","Verein zur Foerderung eines Deutschen Forschungsne","en-US","./livestream/master.m3u8","1571500680000","1569888000000",,"Ubuntu",,,"0","1",,"0","59934","videojs",,"0","html5","videojs-7.6.0",,"BE","1200","1920","0","WINDOW","0","playing","hls","1571500688000","c464a592-8340-49ee-b9a3-87493e6e6c3c","6600000",,"Horus Live","2816","2816","0","Horus Live","0","0","79919","20020",,,,,"web"
"v2.5.4","680","0",,"Mobile Safari","12","1","0",,"berlin","1571500719000","DE","9a07fb2b-0937-4cf1-9807-7eecabc7e809","Mozilla/5.0 (iPhone; CPU iPhone OS 12_4_1 like Mac OS X) AppleWebKit/605.1.15 (KHTML, like Gecko) Version/12.1.2 Mobile/15E148 Safari/604.1",,,,"cba93630-ea2c-4260-a756-04ac5c07c283","1571443200000","iPhone","panoplay.duckdns.org",,,"0","94",,,"Festival of Lights - Demo","1571497200000","117fcf3b-10c5-4769-a4cd-6370b74d35c6","193.175.2.0","false","false","true","Verein zur Foerderung eines Deutschen Forschungsne","en-US","./livestream/master.m3u8","1571500680000","1569888000000",,"iOS","12","4","1406","1",,"0","0","videojs",,"94","html5","videojs-7.6.0",,"BE","667","375","0","WINDOW","0","setup","hls","1571500719000","a025570e-2ce0-44e3-a898-971661793bf1","0","0","Horus Live","0","0","0","Horus Live","0","0","0","0",,,,,"web"
"v2.5.4","680","0",,"Mobile Safari","12","1","0",,"berlin","1571500719000","DE","9a07fb2b-0937-4cf1-9807-7eecabc7e809","Mozilla/5.0 (iPhone; CPU iPhone OS 12_4_1 like Mac OS X) AppleWebKit/605.1.15 (KHTML, like Gecko) Version/12.1.2 Mobile/15E148 Safari/604.1",,,,"cba93630-ea2c-4260-a756-04ac5c07c283","1571443200000","iPhone","panoplay.duckdns.org",,,"0","0","3","The media playback was aborted due to a corruption problem or because the media used features your browser did not support.","Festival of Lights - Demo","1571497200000","117fcf3b-10c5-4769-a4cd-6370b74d35c6","193.175.2.0","false","true","true","Verein zur Foerderung eines Deutschen Forschungsne","en-US","./livestream/master.m3u8","1571500680000","1569888000000",,"iOS","12","4","0","1",,"0","0","videojs",,"0","html5","videojs-7.6.0",,"BE","667","375","0","WINDOW","0","error","hls","1571500719000","a025570e-2ce0-44e3-a898-971661793bf1","0",,"Horus Live","0","0","0","Horus Live","0","0","0","0",,,,,"web"
"v2.5.4","680","0",,"Mobile Safari","12","1","0",,"berlin","1571500722000","DE","fe2f31db-72b7-4786-acc6-acae8ab32cac","Mozilla/5.0 (iPhone; CPU iPhone OS 12_4_1 like Mac OS X) AppleWebKit/605.1.15 (KHTML, like Gecko) Version/12.1.2 Mobile/15E148 Safari/604.1",,,,"cba93630-ea2c-4260-a756-04ac5c07c283","1571443200000","iPhone","panoplay.duckdns.org",,,"0","79",,,"Festival of Lights - Demo","1571497200000","aa559376-b9aa-4355-b97a-e08e1a22bf84","193.175.2.0","false","false","true","Verein zur Foerderung eines Deutschen Forschungsne","en-US","./livestream/master.m3u8","1571500680000","1569888000000",,"iOS","12","4","309","1",,"0","0","videojs",,"79","html5","videojs-7.6.0",,"BE","667","375","0","WINDOW","0","setup","hls","1571500722000","a025570e-2ce0-44e3-a898-971661793bf1","0","0","Horus Live","0","0","0","Horus Live","0","0","0","0",,,,,"web"
"v2.5.4","680","0",,"Mobile Safari","12","1","0",,"berlin","1571500723000","DE","fe2f31db-72b7-4786-acc6-acae8ab32cac","Mozilla/5.0 (iPhone; CPU iPhone OS 12_4_1 like Mac OS X) AppleWebKit/605.1.15 (KHTML, like Gecko) Version/12.1.2 Mobile/15E148 Safari/604.1",,,,"cba93630-ea2c-4260-a756-04ac5c07c283","1571443200000","iPhone","panoplay.duckdns.org",,,"0","0","3","The media playback was aborted due to a corruption problem or because the media used features your browser did not support.","Festival of Lights - Demo","1571497200000","aa559376-b9aa-4355-b97a-e08e1a22bf84","193.175.2.0","false","true","true","Verein zur Foerderung eines Deutschen Forschungsne","en-US","./livestream/master.m3u8","1571500680000","1569888000000",,"iOS","12","4","0","1",,"0","0","videojs",,"0","html5","videojs-7.6.0",,"BE","667","375","0","WINDOW","0","error","hls","1571500723000","a025570e-2ce0-44e3-a898-971661793bf1","0",,"Horus Live","0","0","0","Horus Live","0","0","0","0",,,,,"web"
"v2.5.4","680","0",,"Mobile Safari","13","0","0",,"berlin","1571500734000","DE","7573bba1-1b9c-4b03-83cb-48623a06fe81","Mozilla/5.0 (iPhone; CPU iPhone OS 13_1_2 like Mac OS X) AppleWebKit/605.1.15 (KHTML, like Gecko) Version/13.0.1 Mobile/15E148 Safari/604.1",,,,"0509fbf9-8b7a-4388-87e5-ebac1beab9ce","1571443200000","iPhone","panoplay.duckdns.org",,,"0","39",,,"Festival of Lights - Demo","1571497200000","7ce5e6be-0e90-4b0a-b6d6-6ea17a6b082d","193.175.2.0","false","false","true","Verein zur Foerderung eines Deutschen Forschungsne","en-US","./livestream/master.m3u8","1571500680000","1569888000000",,"iOS","13","1","1167","1",,"0","0","videojs",,"39","html5","videojs-7.6.0",,"BE","667","375","0","WINDOW","0","setup","hls","1571500734000","7ad8d1c7-a762-4190-a9de-52b66ccae6c2","0","0","Horus Live","0","0","0","Horus Live","0","0","0","0",,,,,"web"
"v2.5.4","680","0",,"Mobile Safari","13","0","0",,"berlin","1571500738000","DE","7573bba1-1b9c-4b03-83cb-48623a06fe81","Mozilla/5.0 (iPhone; CPU iPhone OS 13_1_2 like Mac OS X) AppleWebKit/605.1.15 (KHTML, like Gecko) Version/13.0.1 Mobile/15E148 Safari/604.1",,,,"0509fbf9-8b7a-4388-87e5-ebac1beab9ce","1571443200000","iPhone","panoplay.duckdns.org",,,"0","3343",,,"Festival of Lights - Demo","1571497200000","7ce5e6be-0e90-4b0a-b6d6-6ea17a6b082d","193.175.2.0","false","true","true","Verein zur Foerderung eines Deutschen Forschungsne","en-US","./livestream/master.m3u8","1571500680000","1569888000000",,"iOS","13","1","0","1",,"0","3343","videojs",,"0","html5","videojs-7.6.0",,"BE","667","375","0","WINDOW","0","playing","hls","1571500738000","7ad8d1c7-a762-4190-a9de-52b66ccae6c2","0",,"Horus Live","2816","2816","250","Horus Live","0","0","23596","20253",,,,,"web"
"v2.5.4","680","0",,"Mobile Safari","13","0","181",,"berlin","1571500738000","DE","7573bba1-1b9c-4b03-83cb-48623a06fe81","Mozilla/5.0 (iPhone; CPU iPhone OS 13_1_2 like Mac OS X) AppleWebKit/605.1.15 (KHTML, like Gecko) Version/13.0.1 Mobile/15E148 Safari/604.1",,,,"0509fbf9-8b7a-4388-87e5-ebac1beab9ce","1571443200000","iPhone","panoplay.duckdns.org",,,"0","181",,,"Festival of Lights - Demo","1571497200000","7ce5e6be-0e90-4b0a-b6d6-6ea17a6b082d","193.175.2.0","false","true","true","Verein zur Foerderung eines Deutschen Forschungsne","en-US","./livestream/master.m3u8","1571500680000","1569888000000",,"iOS","13","1","0","1",,"0","0","videojs",,"0","html5","videojs-7.6.0",,"BE","667","375","0","WINDOW","0","rebuffering","hls","1571500738000","7ad8d1c7-a762-4190-a9de-52b66ccae6c2","0",,"Horus Live","2816","2816","0","Horus Live","0","0","23778","23596",,,,,"web"
"v2.5.4","680","0",,"Mobile Safari","13","0","0",,"berlin","1571500747000","DE","7573bba1-1b9c-4b03-83cb-48623a06fe81","Mozilla/5.0 (iPhone; CPU iPhone OS 13_1_2 like Mac OS X) AppleWebKit/605.1.15 (KHTML, like Gecko) Version/13.0.1 Mobile/15E148 Safari/604.1",,,,"0509fbf9-8b7a-4388-87e5-ebac1beab9ce","1571443200000","iPhone","panoplay.duckdns.org",,,"0","9291",,,"Festival of Lights - Demo","1571497200000","7ce5e6be-0e90-4b0a-b6d6-6ea17a6b082d","193.175.2.0","false","true","true","Verein zur Foerderung eines Deutschen Forschungsne","en-US","./livestream/master.m3u8","1571500740000","1569888000000",,"iOS","13","1","0","1",,"0","9291","videojs",,"0","html5","videojs-7.6.0",,"BE","667","375","0","WINDOW","0","playing","hls","1571500747000","7ad8d1c7-a762-4190-a9de-52b66ccae6c2","0",,"Horus Live","2816","2816","0","Horus Live","0","0","33069","23778",,,,,"web"
"v2.5.4","680","0",,"Mobile Safari","13","0","487",,"berlin","1571500748000","DE","7573bba1-1b9c-4b03-83cb-48623a06fe81","Mozilla/5.0 (iPhone; CPU iPhone OS 13_1_2 like Mac OS X) AppleWebKit/605.1.15 (KHTML, like Gecko) Version/13.0.1 Mobile/15E148 Safari/604.1",,,,"0509fbf9-8b7a-4388-87e5-ebac1beab9ce","1571443200000","iPhone","panoplay.duckdns.org",,,"0","487",,,"Festival of Lights - Demo","1571497200000","7ce5e6be-0e90-4b0a-b6d6-6ea17a6b082d","193.175.2.0","false","true","true","Verein zur Foerderung eines Deutschen Forschungsne","en-US","./livestream/master.m3u8","1571500740000","1569888000000",,"iOS","13","1","0","1",,"0","0","videojs",,"0","html5","videojs-7.6.0",,"BE","667","375","0","WINDOW","0","rebuffering","hls","1571500748000","7ad8d1c7-a762-4190-a9de-52b66ccae6c2","0",,"Horus Live","2816","2816","0","Horus Live","0","0","33555","33069",,,,,"web"
"v2.5.4","680","0",,"Firefox","69","0","0",,"berlin","1571500748000","DE","dbecf3c9-9d2d-47ce-a02a-eace6b8a8d78","Mozilla/5.0 (X11; Ubuntu; Linux x86_64; rv:69.0) Gecko/20100101 Firefox/69.0",,,,"8d4cd5fe-ad2c-4c31-aa92-d848cdb05351","1571443200000","Other","panoplay.duckdns.org",,,"0","59887",,,"Festival of Lights - Demo","1571497200000","a10a81c9-8ae1-454e-ac48-62b42f832314","193.175.2.0","false","true","true","Verein zur Foerderung eines Deutschen Forschungsne","en-US","./livestream/master.m3u8","1571500740000","1569888000000",,"Ubuntu",,,"0","1",,"0","59887","videojs",,"0","html5","videojs-7.6.0",,"BE","1200","1920","0","WINDOW","0","playing","hls","1571500748000","c464a592-8340-49ee-b9a3-87493e6e6c3c","6600000",,"Horus Live","2816","2816","0","Horus Live","0","0","139814","79919",,,,,"web"
"v2.5.4","680","0",,"Mobile Safari","13","0","0",,"berlin","1571500758000","DE","7573bba1-1b9c-4b03-83cb-48623a06fe81","Mozilla/5.0 (iPhone; CPU iPhone OS 13_1_2 like Mac OS X) AppleWebKit/605.1.15 (KHTML, like Gecko) Version/13.0.1 Mobile/15E148 Safari/604.1",,,,"0509fbf9-8b7a-4388-87e5-ebac1beab9ce","1571443200000","iPhone","panoplay.duckdns.org",,,"0","9687",,,"Festival of Lights - Demo","1571497200000","7ce5e6be-0e90-4b0a-b6d6-6ea17a6b082d","193.175.2.0","false","true","true","Verein zur Foerderung eines Deutschen Forschungsne","en-US","./livestream/master.m3u8","1571500740000","1569888000000",,"iOS","13","1","0","1",,"0","9687","videojs",,"0","html5","videojs-7.6.0",,"BE","667","375","0","WINDOW","0","playing","hls","1571500758000","7ad8d1c7-a762-4190-a9de-52b66ccae6c2","0",,"Horus Live","2816","2816","0","Horus Live","0","0","43242","33555",,,,,"web"
"v2.5.4","680","0",,"Mobile Safari","13","0","107",,"berlin","1571500758000","DE","7573bba1-1b9c-4b03-83cb-48623a06fe81","Mozilla/5.0 (iPhone; CPU iPhone OS 13_1_2 like Mac OS X) AppleWebKit/605.1.15 (KHTML, like Gecko) Version/13.0.1 Mobile/15E148 Safari/604.1",,,,"0509fbf9-8b7a-4388-87e5-ebac1beab9ce","1571443200000","iPhone","panoplay.duckdns.org",,,"0","107",,,"Festival of Lights - Demo","1571497200000","7ce5e6be-0e90-4b0a-b6d6-6ea17a6b082d","193.175.2.0","false","true","true","Verein zur Foerderung eines Deutschen Forschungsne","en-US","./livestream/master.m3u8","1571500740000","1569888000000",,"iOS","13","1","0","1",,"0","0","videojs",,"0","html5","videojs-7.6.0",,"BE","667","375","0","WINDOW","0","rebuffering","hls","1571500758000","7ad8d1c7-a762-4190-a9de-52b66ccae6c2","0",,"Horus Live","2816","2816","0","Horus Live","0","0","43349","43242",,,,,"web"
"v2.5.4","680","0",,"Mobile Safari","13","0","0",,"berlin","1571500767000","DE","7573bba1-1b9c-4b03-83cb-48623a06fe81","Mozilla/5.0 (iPhone; CPU iPhone OS 13_1_2 like Mac OS X) AppleWebKit/605.1.15 (KHTML, like Gecko) Version/13.0.1 Mobile/15E148 Safari/604.1",,,,"0509fbf9-8b7a-4388-87e5-ebac1beab9ce","1571443200000","iPhone","panoplay.duckdns.org",,,"0","9717",,,"Festival of Lights - Demo","1571497200000","7ce5e6be-0e90-4b0a-b6d6-6ea17a6b082d","193.175.2.0","false","true","true","Verein zur Foerderung eines Deutschen Forschungsne","en-US","./livestream/master.m3u8","1571500740000","1569888000000",,"iOS","13","1","0","1",,"0","9717","videojs",,"0","html5","videojs-7.6.0",,"BE","667","375","0","WINDOW","0","playing","hls","1571500767000","7ad8d1c7-a762-4190-a9de-52b66ccae6c2","0",,"Horus Live","2816","2816","0","Horus Live","0","0","53067","43349",,,,,"web"
"v2.5.4","680","0",,"Mobile Safari","13","0","66",,"berlin","1571500768000","DE","7573bba1-1b9c-4b03-83cb-48623a06fe81","Mozilla/5.0 (iPhone; CPU iPhone OS 13_1_2 like Mac OS X) AppleWebKit/605.1.15 (KHTML, like Gecko) Version/13.0.1 Mobile/15E148 Safari/604.1",,,,"0509fbf9-8b7a-4388-87e5-ebac1beab9ce","1571443200000","iPhone","panoplay.duckdns.org",,,"0","66",,,"Festival of Lights - Demo","1571497200000","7ce5e6be-0e90-4b0a-b6d6-6ea17a6b082d","193.175.2.0","false","true","true","Verein zur Foerderung eines Deutschen Forschungsne","en-US","./livestream/master.m3u8","1571500740000","1569888000000",,"iOS","13","1","0","1",,"0","0","videojs",,"0","html5","videojs-7.6.0",,"BE","667","375","0","WINDOW","0","rebuffering","hls","1571500768000","7ad8d1c7-a762-4190-a9de-52b66ccae6c2","0",,"Horus Live","2816","2816","0","Horus Live","0","0","53133","53067",,,,,"web"
"v2.5.4","680","0",,"Mobile Safari","13","0","0",,"berlin","1571500778000","DE","7573bba1-1b9c-4b03-83cb-48623a06fe81","Mozilla/5.0 (iPhone; CPU iPhone OS 13_1_2 like Mac OS X) AppleWebKit/605.1.15 (KHTML, like Gecko) Version/13.0.1 Mobile/15E148 Safari/604.1",,,,"0509fbf9-8b7a-4388-87e5-ebac1beab9ce","1571443200000","iPhone","panoplay.duckdns.org",,,"0","10108",,,"Festival of Lights - Demo","1571497200000","7ce5e6be-0e90-4b0a-b6d6-6ea17a6b082d","193.175.2.0","false","true","true","Verein zur Foerderung eines Deutschen Forschungsne","en-US","./livestream/master.m3u8","1571500740000","1569888000000",,"iOS","13","1","0","1",,"0","10108","videojs",,"0","html5","videojs-7.6.0",,"BE","667","375","0","WINDOW","0","playing","hls","1571500778000","7ad8d1c7-a762-4190-a9de-52b66ccae6c2","0",,"Horus Live","2816","2816","0","Horus Live","0","0","63241","53133",,,,,"web"
"v2.5.4","680","0",,"Mobile Safari","13","0","174",,"berlin","1571500778000","DE","7573bba1-1b9c-4b03-83cb-48623a06fe81","Mozilla/5.0 (iPhone; CPU iPhone OS 13_1_2 like Mac OS X) AppleWebKit/605.1.15 (KHTML, like Gecko) Version/13.0.1 Mobile/15E148 Safari/604.1",,,,"0509fbf9-8b7a-4388-87e5-ebac1beab9ce","1571443200000","iPhone","panoplay.duckdns.org",,,"0","174",,,"Festival of Lights - Demo","1571497200000","7ce5e6be-0e90-4b0a-b6d6-6ea17a6b082d","193.175.2.0","false","true","true","Verein zur Foerderung eines Deutschen Forschungsne","en-US","./livestream/master.m3u8","1571500740000","1569888000000",,"iOS","13","1","0","1",,"0","0","videojs",,"0","html5","videojs-7.6.0",,"BE","667","375","0","WINDOW","0","rebuffering","hls","1571500778000","7ad8d1c7-a762-4190-a9de-52b66ccae6c2","0",,"Horus Live","2816","2816","0","Horus Live","0","0","63414","63241",,,,,"web"
"v2.5.4","680","0",,"Mobile Safari","12","1","0",,"berlin","1571500785000","DE","6854830c-0327-4301-b9e9-f9c8b61fa7b9","Mozilla/5.0 (iPhone; CPU iPhone OS 12_4_1 like Mac OS X) AppleWebKit/605.1.15 (KHTML, like Gecko) Version/12.1.2 Mobile/15E148 Safari/604.1",,,,"cba93630-ea2c-4260-a756-04ac5c07c283","1571443200000","iPhone","panoplay.duckdns.org",,,"0","0","3","The media playback was aborted due to a corruption problem or because the media used features your browser did not support.","Festival of Lights - Demo","1571497200000","032d8abd-7a06-4183-b2cb-1d2c165a0d2a","193.175.2.0","false","true","true","Verein zur Foerderung eines Deutschen Forschungsne","en-US","./livestream/master.m3u8","1571500740000","1569888000000",,"iOS","12","4","0","1",,"0","0","videojs",,"0","html5","videojs-7.6.0",,"BE","667","375","0","WINDOW","0","error","hls","1571500785000","a025570e-2ce0-44e3-a898-971661793bf1","0",,"Horus Live","0","0","0","Horus Live","0","0","0","0",,,,,"web"
"v2.5.4","680","0",,"Mobile Safari","12","1","0",,"berlin","1571500785000","DE","6854830c-0327-4301-b9e9-f9c8b61fa7b9","Mozilla/5.0 (iPhone; CPU iPhone OS 12_4_1 like Mac OS X) AppleWebKit/605.1.15 (KHTML, like Gecko) Version/12.1.2 Mobile/15E148 Safari/604.1",,,,"cba93630-ea2c-4260-a756-04ac5c07c283","1571443200000","iPhone","panoplay.duckdns.org",,,"0","108",,,"Festival of Lights - Demo","1571497200000","032d8abd-7a06-4183-b2cb-1d2c165a0d2a","193.175.2.0","false","false","true","Verein zur Foerderung eines Deutschen Forschungsne","en-US","./livestream/master.m3u8","1571500740000","1569888000000",,"iOS","12","4","843","1",,"0","0","videojs",,"108","html5","videojs-7.6.0",,"BE","667","375","0","WINDOW","0","setup","hls","1571500785000","a025570e-2ce0-44e3-a898-971661793bf1","0","0","Horus Live","0","0","0","Horus Live","0","0","0","0",,,,,"web"
"v2.5.4","680","0",,"Mobile Safari","13","0","31",,"berlin","1571500788000","DE","7573bba1-1b9c-4b03-83cb-48623a06fe81","Mozilla/5.0 (iPhone; CPU iPhone OS 13_1_2 like Mac OS X) AppleWebKit/605.1.15 (KHTML, like Gecko) Version/13.0.1 Mobile/15E148 Safari/604.1",,,,"0509fbf9-8b7a-4388-87e5-ebac1beab9ce","1571443200000","iPhone","panoplay.duckdns.org",,,"0","31",,,"Festival of Lights - Demo","1571497200000","7ce5e6be-0e90-4b0a-b6d6-6ea17a6b082d","193.175.2.0","false","true","true","Verein zur Foerderung eines Deutschen Forschungsne","en-US","./livestream/master.m3u8","1571500740000","1569888000000",,"iOS","13","1","0","1",,"0","0","videojs",,"0","html5","videojs-7.6.0",,"BE","667","375","0","WINDOW","0","rebuffering","hls","1571500788000","7ad8d1c7-a762-4190-a9de-52b66ccae6c2","0",,"Horus Live","2816","2816","0","Horus Live","0","0","73446","73415",,,,,"web"
"v2.5.4","680","0",,"Mobile Safari","13","0","0",,"berlin","1571500788000","DE","7573bba1-1b9c-4b03-83cb-48623a06fe81","Mozilla/5.0 (iPhone; CPU iPhone OS 13_1_2 like Mac OS X) AppleWebKit/605.1.15 (KHTML, like Gecko) Version/13.0.1 Mobile/15E148 Safari/604.1",,,,"0509fbf9-8b7a-4388-87e5-ebac1beab9ce","1571443200000","iPhone","panoplay.duckdns.org",,,"0","10000",,,"Festival of Lights - Demo","1571497200000","7ce5e6be-0e90-4b0a-b6d6-6ea17a6b082d","193.175.2.0","false","true","true","Verein zur Foerderung eines Deutschen Forschungsne","en-US","./livestream/master.m3u8","1571500740000","1569888000000",,"iOS","13","1","0","1",,"0","10000","videojs",,"0","html5","videojs-7.6.0",,"BE","667","375","0","WINDOW","0","playing","hls","1571500788000","7ad8d1c7-a762-4190-a9de-52b66ccae6c2","0",,"Horus Live","2816","2816","0","Horus Live","0","0","73415","63414",,,,,"web"
"v2.5.4","680","0",,"Mobile Safari","12","1","0",,"berlin","1571500789000","DE","a019f360-3925-4832-8774-c7b6130eccab","Mozilla/5.0 (iPhone; CPU iPhone OS 12_4_1 like Mac OS X) AppleWebKit/605.1.15 (KHTML, like Gecko) Version/12.1.2 Mobile/15E148 Safari/604.1",,,,"cba93630-ea2c-4260-a756-04ac5c07c283","1571443200000","iPhone","panoplay.duckdns.org",,,"0","32",,,"Festival of Lights - Demo","1571497200000","8152fa9d-8a43-4384-bcc7-712632ff49b7","193.175.2.0","false","false","true","Verein zur Foerderung eines Deutschen Forschungsne","en-US","./livestream/master.m3u8","1571500740000","1569888000000",,"iOS","12","4","391","1",,"0","0","videojs",,"32","html5","videojs-7.6.0",,"BE","667","375","0","WINDOW","0","setup","hls","1571500789000","a025570e-2ce0-44e3-a898-971661793bf1","0","0","Horus Live","0","0","0","Horus Live","0","0","0","0",,,,,"web"
"v2.5.4","680","0",,"Mobile Safari","12","1","0",,"berlin","1571500789000","DE","a019f360-3925-4832-8774-c7b6130eccab","Mozilla/5.0 (iPhone; CPU iPhone OS 12_4_1 like Mac OS X) AppleWebKit/605.1.15 (KHTML, like Gecko) Version/12.1.2 Mobile/15E148 Safari/604.1",,,,"cba93630-ea2c-4260-a756-04ac5c07c283","1571443200000","iPhone","panoplay.duckdns.org",,,"0","0","3","The media playback was aborted due to a corruption problem or because the media used features your browser did not support.","Festival of Lights - Demo","1571497200000","8152fa9d-8a43-4384-bcc7-712632ff49b7","193.175.2.0","false","true","true","Verein zur Foerderung eines Deutschen Forschungsne","en-US","./livestream/master.m3u8","1571500740000","1569888000000",,"iOS","12","4","0","1",,"0","0","videojs",,"0","html5","videojs-7.6.0",,"BE","667","375","0","WINDOW","0","error","hls","1571500789000","a025570e-2ce0-44e3-a898-971661793bf1","0",,"Horus Live","0","0","0","Horus Live","0","0","0","0",,,,,"web"
"v2.5.4","680","0",,"Mobile Safari","13","0","239",,"berlin","1571500798000","DE","7573bba1-1b9c-4b03-83cb-48623a06fe81","Mozilla/5.0 (iPhone; CPU iPhone OS 13_1_2 like Mac OS X) AppleWebKit/605.1.15 (KHTML, like Gecko) Version/13.0.1 Mobile/15E148 Safari/604.1",,,,"0509fbf9-8b7a-4388-87e5-ebac1beab9ce","1571443200000","iPhone","panoplay.duckdns.org",,,"0","239",,,"Festival of Lights - Demo","1571497200000","7ce5e6be-0e90-4b0a-b6d6-6ea17a6b082d","193.175.2.0","false","true","true","Verein zur Foerderung eines Deutschen Forschungsne","en-US","./livestream/master.m3u8","1571500740000","1569888000000",,"iOS","13","1","0","1",,"0","0","videojs",,"0","html5","videojs-7.6.0",,"BE","667","375","0","WINDOW","0","rebuffering","hls","1571500798000","7ad8d1c7-a762-4190-a9de-52b66ccae6c2","0",,"Horus Live","2816","2816","0","Horus Live","0","0","83477","83238",,,,,"web"
"v2.5.4","680","0",,"Mobile Safari","13","0","0",,"berlin","1571500798000","DE","7573bba1-1b9c-4b03-83cb-48623a06fe81","Mozilla/5.0 (iPhone; CPU iPhone OS 13_1_2 like Mac OS X) AppleWebKit/605.1.15 (KHTML, like Gecko) Version/13.0.1 Mobile/15E148 Safari/604.1",,,,"0509fbf9-8b7a-4388-87e5-ebac1beab9ce","1571443200000","iPhone","panoplay.duckdns.org",,,"0","9792",,,"Festival of Lights - Demo","1571497200000","7ce5e6be-0e90-4b0a-b6d6-6ea17a6b082d","193.175.2.0","false","true","true","Verein zur Foerderung eines Deutschen Forschungsne","en-US","./livestream/master.m3u8","1571500740000","1569888000000",,"iOS","13","1","0","1",,"0","9792","videojs",,"0","html5","videojs-7.6.0",,"BE","667","375","0","WINDOW","0","playing","hls","1571500798000","7ad8d1c7-a762-4190-a9de-52b66ccae6c2","0",,"Horus Live","2816","2816","0","Horus Live","0","0","83238","73446",,,,,"web"
"v2.5.4","680","0",,"Mobile Safari","13","0","88",,"berlin","1571500808000","DE","7573bba1-1b9c-4b03-83cb-48623a06fe81","Mozilla/5.0 (iPhone; CPU iPhone OS 13_1_2 like Mac OS X) AppleWebKit/605.1.15 (KHTML, like Gecko) Version/13.0.1 Mobile/15E148 Safari/604.1",,,,"0509fbf9-8b7a-4388-87e5-ebac1beab9ce","1571443200000","iPhone","panoplay.duckdns.org",,,"0","88",,,"Festival of Lights - Demo","1571500800000","7ce5e6be-0e90-4b0a-b6d6-6ea17a6b082d","193.175.2.0","false","true","true","Verein zur Foerderung eines Deutschen Forschungsne","en-US","./livestream/master.m3u8","1571500800000","1569888000000",,"iOS","13","1","0","1",,"0","0","videojs",,"0","html5","videojs-7.6.0",,"BE","667","375","0","WINDOW","0","rebuffering","hls","1571500808000","7ad8d1c7-a762-4190-a9de-52b66ccae6c2","0",,"Horus Live","2816","2816","0","Horus Live","0","0","93508","93419",,,,,"web"
"v2.5.4","680","0",,"Mobile Safari","13","0","0",,"berlin","1571500808000","DE","7573bba1-1b9c-4b03-83cb-48623a06fe81","Mozilla/5.0 (iPhone; CPU iPhone OS 13_1_2 like Mac OS X) AppleWebKit/605.1.15 (KHTML, like Gecko) Version/13.0.1 Mobile/15E148 Safari/604.1",,,,"0509fbf9-8b7a-4388-87e5-ebac1beab9ce","1571443200000","iPhone","panoplay.duckdns.org",,,"0","9942",,,"Festival of Lights - Demo","1571500800000","7ce5e6be-0e90-4b0a-b6d6-6ea17a6b082d","193.175.2.0","false","true","true","Verein zur Foerderung eines Deutschen Forschungsne","en-US","./livestream/master.m3u8","1571500800000","1569888000000",,"iOS","13","1","0","1",,"0","9942","videojs",,"0","html5","videojs-7.6.0",,"BE","667","375","0","WINDOW","0","playing","hls","1571500808000","7ad8d1c7-a762-4190-a9de-52b66ccae6c2","0",,"Horus Live","2816","2816","0","Horus Live","0","0","93419","83477",,,,,"web"
"v2.5.4","680","0",,"Firefox","69","0","0",,"berlin","1571500808000","DE","dbecf3c9-9d2d-47ce-a02a-eace6b8a8d78","Mozilla/5.0 (X11; Ubuntu; Linux x86_64; rv:69.0) Gecko/20100101 Firefox/69.0",,,,"8d4cd5fe-ad2c-4c31-aa92-d848cdb05351","1571443200000","Other","panoplay.duckdns.org",,,"0","59979",,,"Festival of Lights - Demo","1571500800000","a10a81c9-8ae1-454e-ac48-62b42f832314","193.175.2.0","false","true","true","Verein zur Foerderung eines Deutschen Forschungsne","en-US","./livestream/master.m3u8","1571500800000","1569888000000",,"Ubuntu",,,"0","1",,"0","59979","videojs",,"0","html5","videojs-7.6.0",,"BE","1200","1920","0","WINDOW","0","playing","hls","1571500808000","c464a592-8340-49ee-b9a3-87493e6e6c3c","6600000",,"Horus Live","2816","2816","0","Horus Live","0","0","199791","139814",,,,,"web"
"v2.5.4","680","0",,"Mobile Safari","13","0","202",,"berlin","1571500818000","DE","7573bba1-1b9c-4b03-83cb-48623a06fe81","Mozilla/5.0 (iPhone; CPU iPhone OS 13_1_2 like Mac OS X) AppleWebKit/605.1.15 (KHTML, like Gecko) Version/13.0.1 Mobile/15E148 Safari/604.1",,,,"0509fbf9-8b7a-4388-87e5-ebac1beab9ce","1571443200000","iPhone","panoplay.duckdns.org",,,"0","202",,,"Festival of Lights - Demo","1571500800000","7ce5e6be-0e90-4b0a-b6d6-6ea17a6b082d","193.175.2.0","false","true","true","Verein zur Foerderung eines Deutschen Forschungsne","en-US","./livestream/master.m3u8","1571500800000","1569888000000",,"iOS","13","1","0","1",,"0","0","videojs",,"0","html5","videojs-7.6.0",,"BE","667","375","0","WINDOW","0","rebuffering","hls","1571500818000","7ad8d1c7-a762-4190-a9de-52b66ccae6c2","0",,"Horus Live","2816","2816","0","Horus Live","0","0","103798","103596",,,,,"web"
"v2.5.4","680","0",,"Mobile Safari","13","0","0",,"berlin","1571500818000","DE","7573bba1-1b9c-4b03-83cb-48623a06fe81","Mozilla/5.0 (iPhone; CPU iPhone OS 13_1_2 like Mac OS X) AppleWebKit/605.1.15 (KHTML, like Gecko) Version/13.0.1 Mobile/15E148 Safari/604.1",,,,"0509fbf9-8b7a-4388-87e5-ebac1beab9ce","1571443200000","iPhone","panoplay.duckdns.org",,,"0","10089",,,"Festival of Lights - Demo","1571500800000","7ce5e6be-0e90-4b0a-b6d6-6ea17a6b082d","193.175.2.0","false","true","true","Verein zur Foerderung eines Deutschen Forschungsne","en-US","./livestream/master.m3u8","1571500800000","1569888000000",,"iOS","13","1","0","1",,"0","10089","videojs",,"0","html5","videojs-7.6.0",,"BE","667","375","0","WINDOW","0","playing","hls","1571500818000","7ad8d1c7-a762-4190-a9de-52b66ccae6c2","0",,"Horus Live","2816","2816","0","Horus Live","0","0","103596","93508",,,,,"web"
"v2.5.4","680","0",,"Mobile Safari","12","1","0",,"berlin","1571500843000","DE","fe6659ee-9168-40eb-b333-75aa667c0c6f","Mozilla/5.0 (iPhone; CPU iPhone OS 12_4_1 like Mac OS X) AppleWebKit/605.1.15 (KHTML, like Gecko) Version/12.1.2 Mobile/15E148 Safari/604.1",,,,"cba93630-ea2c-4260-a756-04ac5c07c283","1571443200000","iPhone","panoplay.duckdns.org",,,"0","0","4","The media could not be loaded, either because the server or network failed or because the format is not supported.","Festival of Lights - Demo","1571500800000","25cca796-95ce-43d8-9ab2-d1a397bf23df","193.175.2.0","false","false","true","Verein zur Foerderung eines Deutschen Forschungsne","en-US","./livestream/master.m3u8","1571500800000","1569888000000",,"iOS","12","4","0","1",,"0","0","videojs",,"0","html5","videojs-7.6.0",,"BE","667","375","0","WINDOW","0","error","hls","1571500843000","a025570e-2ce0-44e3-a898-971661793bf1","0","0","Horus Live","0","0","0","Horus Live","0","0","0","0",,,,,"web"
"v2.5.4","680","0",,"Mobile Safari","12","1","0",,"berlin","1571500843000","DE","fe6659ee-9168-40eb-b333-75aa667c0c6f","Mozilla/5.0 (iPhone; CPU iPhone OS 12_4_1 like Mac OS X) AppleWebKit/605.1.15 (KHTML, like Gecko) Version/12.1.2 Mobile/15E148 Safari/604.1",,,,"cba93630-ea2c-4260-a756-04ac5c07c283","1571443200000","iPhone","panoplay.duckdns.org",,,"0","90",,,"Festival of Lights - Demo","1571500800000","25cca796-95ce-43d8-9ab2-d1a397bf23df","193.175.2.0","false","false","true","Verein zur Foerderung eines Deutschen Forschungsne","en-US","./livestream/master.m3u8","1571500800000","1569888000000",,"iOS","12","4","698","1",,"0","0","videojs",,"90","html5","videojs-7.6.0",,"BE","667","375","0","WINDOW","0","setup","hls","1571500843000","a025570e-2ce0-44e3-a898-971661793bf1","0","0","Horus Live","0","0","0","Horus Live","0","0","0","0",,,,,"web"
"v2.5.4","6805","0",,"Mobile Safari","13","0","0",,"berlin","1571500845000","DE","7573bba1-1b9c-4b03-83cb-48623a06fe81","Mozilla/5.0 (iPhone; CPU iPhone OS 13_1_2 like Mac OS X) AppleWebKit/605.1.15 (KHTML, like Gecko) Version/13.0.1 Mobile/15E148 Safari/604.1",,,,"0509fbf9-8b7a-4388-87e5-ebac1beab9ce","1571443200000","iPhone","panoplay.duckdns.org",,,"0","26199",,,"Festival of Lights - Demo","1571500800000","7ce5e6be-0e90-4b0a-b6d6-6ea17a6b082d","46.114.34.0","false","true","true","O2 Deutschland","en-US","./livestream/master.m3u8","1571500800000","1569888000000",,"iOS","13","1","0","1",,"0","26199","videojs",,"0","html5","videojs-7.6.0",,"BE","667","375","0","WINDOW","0","playing","hls","1571500845000","7ad8d1c7-a762-4190-a9de-52b66ccae6c2","0",,"Horus Live","2816","2816","0","Horus Live","0","0","130012","103798",,,,,"web"
"v2.5.4","6805","0",,"Mobile Safari","13","0","3780",,"berlin","1571500850000","DE","7573bba1-1b9c-4b03-83cb-48623a06fe81","Mozilla/5.0 (iPhone; CPU iPhone OS 13_1_2 like Mac OS X) AppleWebKit/605.1.15 (KHTML, like Gecko) Version/13.0.1 Mobile/15E148 Safari/604.1",,,,"0509fbf9-8b7a-4388-87e5-ebac1beab9ce","1571443200000","iPhone","panoplay.duckdns.org",,,"0","3780",,,"Festival of Lights - Demo","1571500800000","7ce5e6be-0e90-4b0a-b6d6-6ea17a6b082d","46.114.34.0","false","true","true","O2 Deutschland","en-US","./livestream/master.m3u8","1571500800000","1569888000000",,"iOS","13","1","0","1",,"0","0","videojs",,"0","html5","videojs-7.6.0",,"BE","667","375","0","WINDOW","0","rebuffering","hls","1571500850000","7ad8d1c7-a762-4190-a9de-52b66ccae6c2","0",,"Horus Live","2816","2816","0","Horus Live","0","0","130012","130012",,,,,"web"
"v2.5.4","680","0",,"Firefox","69","0","0",,"berlin","1571500852000","DE","dbecf3c9-9d2d-47ce-a02a-eace6b8a8d78","Mozilla/5.0 (X11; Ubuntu; Linux x86_64; rv:69.0) Gecko/20100101 Firefox/69.0",,,,"8d4cd5fe-ad2c-4c31-aa92-d848cdb05351","1571443200000","Other","panoplay.duckdns.org",,,"0","44554",,,"Festival of Lights - Demo","1571500800000","a10a81c9-8ae1-454e-ac48-62b42f832314","193.175.2.0","false","false","true","Verein zur Foerderung eines Deutschen Forschungsne","en-US","./livestream/master.m3u8","1571500800000","1569888000000",,"Ubuntu",,,"0","1",,"0","44554","videojs",,"0","html5","videojs-7.6.0",,"BE","1200","1920","0","WINDOW","0","playing","hls","1571500852000","c464a592-8340-49ee-b9a3-87493e6e6c3c","6600000","244344","Horus Live","2816","2816","0","Horus Live","0","0","244344","199791",,,,,"web"
"v2.5.4","680","0",,"Mobile Safari","12","1","0",,"berlin","1571500877000","DE","64a384bb-f1cb-4cf5-bf5a-373da20b09bb","Mozilla/5.0 (iPhone; CPU iPhone OS 12_4_1 like Mac OS X) AppleWebKit/605.1.15 (KHTML, like Gecko) Version/12.1.2 Mobile/15E148 Safari/604.1",,,,"cba93630-ea2c-4260-a756-04ac5c07c283","1571443200000","iPhone","panoplay.duckdns.org",,,"0","56",,,"Festival of Lights - Demo","1571500800000","1cd632fc-26cc-4720-a7a9-157bfab1514d","193.175.2.0","false","false","true","Verein zur Foerderung eines Deutschen Forschungsne","en-US","./livestream/master.m3u8","1571500860000","1569888000000",,"iOS","12","4","1312","1",,"0","0","videojs",,"56","html5","videojs-7.6.0",,"BE","667","375","0","WINDOW","0","setup","hls","1571500877000","30d97ce2-fade-4abf-98b4-7438472aa276","0","0","Horus Live","0","0","0","Horus Live","0","0","0","0",,,,,"web"
"v2.5.4","680","0",,"Mobile Safari","12","1","0",,"berlin","1571500877000","DE","64a384bb-f1cb-4cf5-bf5a-373da20b09bb","Mozilla/5.0 (iPhone; CPU iPhone OS 12_4_1 like Mac OS X) AppleWebKit/605.1.15 (KHTML, like Gecko) Version/12.1.2 Mobile/15E148 Safari/604.1",,,,"cba93630-ea2c-4260-a756-04ac5c07c283","1571443200000","iPhone","panoplay.duckdns.org",,,"0","0","4","The media could not be loaded, either because the server or network failed or because the format is not supported.","Festival of Lights - Demo","1571500800000","1cd632fc-26cc-4720-a7a9-157bfab1514d","193.175.2.0","false","false","true","Verein zur Foerderung eines Deutschen Forschungsne","en-US","./livestream/master.m3u8","1571500860000","1569888000000",,"iOS","12","4","0","1",,"0","0","videojs",,"0","html5","videojs-7.6.0",,"BE","667","375","0","WINDOW","0","error","hls","1571500877000","30d97ce2-fade-4abf-98b4-7438472aa276","0","0","Horus Live","0","0","0","Horus Live","0","0","0","0",,,,,"web"
"v2.5.4","680","0","true","Firefox Mobile","68","0","0",,"berlin","1571501390000","DE","b0f7a35e-d5bc-4b53-af40-f1db2f891b1d","Mozilla/5.0 (Android 9; Mobile; rv:68.0) Gecko/68.0 Firefox/68.0",,,,"02ba5b6c-9e37-41de-9a1b-0a2e0ec3248b","1571443200000","Generic Smartphone","panoplay.duckdns.org",,,"0","1596",,,"Festival of Lights - Demo","1571500800000","906f9411-e5de-4473-8356-91434d4524fe","193.175.2.0","false","false","true","Verein zur Foerderung eines Deutschen Forschungsne","en-US","./livestream/master.m3u8","1571501340000","1569888000000",,"Android","9",,"0","1",,"0","0","videojs",,"0","html5","videojs-7.6.0",,"BE","688","414","0","WINDOW","2104","startup","hls","1571501390000","17abd5ee-ff5a-4a33-97bf-1025284e6fed","0","0","Horus Live","0","0","1596","Horus Live","0","0","0","0",,,,,"web"
"v2.5.4","680","0",,"Firefox Mobile","68","0","0",,"berlin","1571501390000","DE","b0f7a35e-d5bc-4b53-af40-f1db2f891b1d","Mozilla/5.0 (Android 9; Mobile; rv:68.0) Gecko/68.0 Firefox/68.0",,,,"02ba5b6c-9e37-41de-9a1b-0a2e0ec3248b","1571443200000","Generic Smartphone","panoplay.duckdns.org",,,"0","508",,,"Festival of Lights - Demo","1571500800000","906f9411-e5de-4473-8356-91434d4524fe","193.175.2.0","false","false","true","Verein zur Foerderung eines Deutschen Forschungsne","en-US","./livestream/master.m3u8","1571501340000","1569888000000",,"Android","9",,"2342","1",,"0","0","videojs",,"508","html5","videojs-7.6.0",,"BE","688","414","0","WINDOW","0","setup","hls","1571501390000","17abd5ee-ff5a-4a33-97bf-1025284e6fed","0","0","Horus Live","0","0","0","Horus Live","0","0","0","0",,,,,"web"
"v2.5.4","680","0",,"Firefox Mobile","68","0","0",,"berlin","1571501390000","DE","b0f7a35e-d5bc-4b53-af40-f1db2f891b1d","Mozilla/5.0 (Android 9; Mobile; rv:68.0) Gecko/68.0 Firefox/68.0",,,,"02ba5b6c-9e37-41de-9a1b-0a2e0ec3248b","1571443200000","Generic Smartphone","panoplay.duckdns.org",,,"0","0","4","The media could not be loaded, either because the server or network failed or because the format is not supported.","Festival of Lights - Demo","1571500800000","906f9411-e5de-4473-8356-91434d4524fe","193.175.2.0","false","false","true","Verein zur Foerderung eines Deutschen Forschungsne","en-US","./livestream/master.m3u8","1571501340000","1569888000000",,"Android","9",,"0","1",,"0","0","videojs",,"0","html5","videojs-7.6.0",,"BE","688","414","0","WINDOW","0","error","hls","1571501390000","17abd5ee-ff5a-4a33-97bf-1025284e6fed","0","0","Horus Live","0","0","0","Horus Live","0","0","0","0",,,,,"web"
"v2.5.4","680","0",,"Firefox Mobile","68","0","0",,"berlin","1571501397000","DE","f1fbaf1e-750b-4dab-8de7-3460253877e2","Mozilla/5.0 (Android 9; Mobile; rv:68.0) Gecko/68.0 Firefox/68.0",,,,"02ba5b6c-9e37-41de-9a1b-0a2e0ec3248b","1571443200000","Generic Smartphone","panoplay.duckdns.org",,,"0","434",,,"Festival of Lights - Demo","1571500800000","03e092a9-ebca-4070-adea-e779e6095119","193.175.2.0","false","false","true","Verein zur Foerderung eines Deutschen Forschungsne","en-US","./livestream/master.m3u8","1571501340000","1569888000000",,"Android","9",,"2082","1",,"0","0","videojs",,"434","html5","videojs-7.6.0",,"BE","688","414","0","WINDOW","0","setup","hls","1571501397000","17abd5ee-ff5a-4a33-97bf-1025284e6fed","0","0","Horus Live","0","0","0","Horus Live","0","0","0","0",,,,,"web"
"v2.5.4","680","0","true","Firefox Mobile","68","0","0",,"berlin","1571501400000","DE","f1fbaf1e-750b-4dab-8de7-3460253877e2","Mozilla/5.0 (Android 9; Mobile; rv:68.0) Gecko/68.0 Firefox/68.0",,,,"02ba5b6c-9e37-41de-9a1b-0a2e0ec3248b","1571443200000","Generic Smartphone","panoplay.duckdns.org",,,"0","2590",,,"Festival of Lights - Demo","1571500800000","03e092a9-ebca-4070-adea-e779e6095119","193.175.2.0","false","true","true","Verein zur Foerderung eines Deutschen Forschungsne","en-US","./livestream/master.m3u8","1571501400000","1569888000000",,"Android","9",,"0","1",,"0","0","videojs",,"0","html5","videojs-7.6.0",,"BE","688","414","0","WINDOW","3024","startup","hls","1571501400000","17abd5ee-ff5a-4a33-97bf-1025284e6fed","0",,"Horus Live","720","720","2590","Horus Live","0","0","20020","0",,,,,"web"
"v2.5.4","680","0",,"Firefox Mobile","68","0","0",,"berlin","1571501400000","DE","f1fbaf1e-750b-4dab-8de7-3460253877e2","Mozilla/5.0 (Android 9; Mobile; rv:68.0) Gecko/68.0 Firefox/68.0",,,,"02ba5b6c-9e37-41de-9a1b-0a2e0ec3248b","1571443200000","Generic Smartphone","panoplay.duckdns.org",,,"0","0",,,"Festival of Lights - Demo","1571500800000","03e092a9-ebca-4070-adea-e779e6095119","193.175.2.0","false","true","true","Verein zur Foerderung eines Deutschen Forschungsne","en-US","./livestream/master.m3u8","1571501400000","1569888000000",,"Android","9",,"0","1",,"0","0","videojs",,"0","html5","videojs-7.6.0",,"BE","688","414","0","WINDOW","0","qualitychange","hls","1571501400000","17abd5ee-ff5a-4a33-97bf-1025284e6fed","6600000",,"Horus Live","720","720","0","Horus Live","0","0","20020","20020",,,,,"web"
"v2.5.4","680","0",,"Firefox Mobile","68","0","0",,"berlin","1571501400000","DE","f1fbaf1e-750b-4dab-8de7-3460253877e2","Mozilla/5.0 (Android 9; Mobile; rv:68.0) Gecko/68.0 Firefox/68.0",,,,"02ba5b6c-9e37-41de-9a1b-0a2e0ec3248b","1571443200000","Generic Smartphone","panoplay.duckdns.org",,,"0","16",,,"Festival of Lights - Demo","1571500800000","03e092a9-ebca-4070-adea-e779e6095119","193.175.2.0","false","true","true","Verein zur Foerderung eines Deutschen Forschungsne","en-US","./livestream/master.m3u8","1571501400000","1569888000000",,"Android","9",,"0","1",,"0","16","videojs",,"0","html5","videojs-7.6.0",,"BE","688","414","0","WINDOW","0","playing","hls","1571501400000","17abd5ee-ff5a-4a33-97bf-1025284e6fed","0",,"Horus Live","720","720","0","Horus Live","0","0","20020","20020",,,,,"web"
"v2.5.4","680","0",,"Chrome Mobile","77","0","0",,"berlin","1571501406000","DE","b65c0aeb-b9b7-48ac-bf46-a61e1bfb5d70","Mozilla/5.0 (Linux; Android 9; Nokia 6.1) AppleWebKit/537.36 (KHTML, like Gecko) Chrome/77.0.3865.116 Mobile Safari/537.36",,,,"8c887b3d-1218-4a5e-947c-4be12012c463","1571443200000","Nokia 6","panoplay.duckdns.org",,,"0","205",,,"Festival of Lights - Demo","1571500800000","bcd72ed9-a8ad-4eb7-b86b-3a05c000ee4d","193.175.2.0","false","false","true","Verein zur Foerderung eines Deutschen Forschungsne","en-US","./livestream/master.m3u8","1571501400000","1569888000000",,"Android","9",,"1864","1",,"0","0","videojs",,"205","html5","videojs-7.6.0",,"BE","732","412","0","WINDOW","0","setup","hls","1571501406000","426a0570-f483-4cc6-bf52-afe08c19cecd","0","0","Horus Live","0","0","0","Horus Live","0","0","0","0",,,,,"web"
"v2.5.4","680","0",,"Chrome Mobile","77","0","0",,"berlin","1571501410000","DE","b65c0aeb-b9b7-48ac-bf46-a61e1bfb5d70","Mozilla/5.0 (Linux; Android 9; Nokia 6.1) AppleWebKit/537.36 (KHTML, like Gecko) Chrome/77.0.3865.116 Mobile Safari/537.36",,,,"8c887b3d-1218-4a5e-947c-4be12012c463","1571443200000","Nokia 6","panoplay.duckdns.org",,,"0","0",,,"Festival of Lights - Demo","1571500800000","bcd72ed9-a8ad-4eb7-b86b-3a05c000ee4d","193.175.2.0","false","true","true","Verein zur Foerderung eines Deutschen Forschungsne","en-US","./livestream/master.m3u8","1571501400000","1569888000000",,"Android","9",,"0","1",,"0","0","videojs",,"0","html5","videojs-7.6.0",,"BE","732","412","0","WINDOW","0","qualitychange","hls","1571501410000","426a0570-f483-4cc6-bf52-afe08c19cecd","6600000",,"Horus Live","720","720","0","Horus Live","0","0","20776","20776",,,,,"web"
"v2.5.4","680","0",,"Chrome Mobile","77","0","0",,"berlin","1571501410000","DE","b65c0aeb-b9b7-48ac-bf46-a61e1bfb5d70","Mozilla/5.0 (Linux; Android 9; Nokia 6.1) AppleWebKit/537.36 (KHTML, like Gecko) Chrome/77.0.3865.116 Mobile Safari/537.36",,,,"8c887b3d-1218-4a5e-947c-4be12012c463","1571443200000","Nokia 6","panoplay.duckdns.org",,,"0","726",,,"Festival of Lights - Demo","1571500800000","bcd72ed9-a8ad-4eb7-b86b-3a05c000ee4d","193.175.2.0","false","true","true","Verein zur Foerderung eines Deutschen Forschungsne","en-US","./livestream/master.m3u8","1571501400000","1569888000000",,"Android","9",,"0","1",,"0","726","videojs",,"0","html5","videojs-7.6.0",,"BE","732","412","0","WINDOW","0","playing","hls","1571501410000","426a0570-f483-4cc6-bf52-afe08c19cecd","1100000",,"Horus Live","720","720","0","Horus Live","0","0","20776","20039",,,,,"web"
"v2.5.4","680","0",,"Chrome Mobile","77","0","0",,"berlin","1571501410000","DE","b65c0aeb-b9b7-48ac-bf46-a61e1bfb5d70","Mozilla/5.0 (Linux; Android 9; Nokia 6.1) AppleWebKit/537.36 (KHTML, like Gecko) Chrome/77.0.3865.116 Mobile Safari/537.36",,,,"8c887b3d-1218-4a5e-947c-4be12012c463","1571443200000","Nokia 6","panoplay.duckdns.org",,,"0","0",,,"Festival of Lights - Demo","1571500800000","bcd72ed9-a8ad-4eb7-b86b-3a05c000ee4d","193.175.2.0","false","true","true","Verein zur Foerderung eines Deutschen Forschungsne","en-US","./livestream/master.m3u8","1571501400000","1569888000000",,"Android","9",,"0","1",,"0","0","videojs",,"0","html5","videojs-7.6.0",,"BE","732","412","0","WINDOW","0","qualitychange","hls","1571501410000","426a0570-f483-4cc6-bf52-afe08c19cecd","1100000",,"Horus Live","720","720","0","Horus Live","0","0","20039","20039",,,,,"web"
"v2.5.4","680","0","true","Chrome Mobile","77","0","0",,"berlin","1571501410000","DE","b65c0aeb-b9b7-48ac-bf46-a61e1bfb5d70","Mozilla/5.0 (Linux; Android 9; Nokia 6.1) AppleWebKit/537.36 (KHTML, like Gecko) Chrome/77.0.3865.116 Mobile Safari/537.36",,,,"8c887b3d-1218-4a5e-947c-4be12012c463","1571443200000","Nokia 6","panoplay.duckdns.org",,,"0","3326",,,"Festival of Lights - Demo","1571500800000","bcd72ed9-a8ad-4eb7-b86b-3a05c000ee4d","193.175.2.0","false","true","true","Verein zur Foerderung eines Deutschen Forschungsne","en-US","./livestream/master.m3u8","1571501400000","1569888000000",,"Android","9",,"0","1",,"0","0","videojs",,"0","html5","videojs-7.6.0",,"BE","732","412","0","WINDOW","3531","startup","hls","1571501410000","426a0570-f483-4cc6-bf52-afe08c19cecd","0",,"Horus Live","720","720","3326","Horus Live","0","0","20039","0",,,,,"web"
"v2.5.4","680","0",,"Chrome Mobile","77","0","0",,"berlin","1571501410000","DE","b65c0aeb-b9b7-48ac-bf46-a61e1bfb5d70","Mozilla/5.0 (Linux; Android 9; Nokia 6.1) AppleWebKit/537.36 (KHTML, like Gecko) Chrome/77.0.3865.116 Mobile Safari/537.36",,,,"8c887b3d-1218-4a5e-947c-4be12012c463","1571443200000","Nokia 6","panoplay.duckdns.org",,,"0","7",,,"Festival of Lights - Demo","1571500800000","bcd72ed9-a8ad-4eb7-b86b-3a05c000ee4d","193.175.2.0","false","true","true","Verein zur Foerderung eines Deutschen Forschungsne","en-US","./livestream/master.m3u8","1571501400000","1569888000000",,"Android","9",,"0","1",,"0","7","videojs",,"0","html5","videojs-7.6.0",,"BE","732","412","0","WINDOW","0","playing","hls","1571501410000","426a0570-f483-4cc6-bf52-afe08c19cecd","0",,"Horus Live","720","720","0","Horus Live","0","0","20039","20039",,,,,"web"
"v2.5.4","680","0",,"Chrome Mobile","77","0","0",,"berlin","1571501444000","DE","b65c0aeb-b9b7-48ac-bf46-a61e1bfb5d70","Mozilla/5.0 (Linux; Android 9; Nokia 6.1) AppleWebKit/537.36 (KHTML, like Gecko) Chrome/77.0.3865.116 Mobile Safari/537.36",,,,"8c887b3d-1218-4a5e-947c-4be12012c463","1571443200000","Nokia 6","panoplay.duckdns.org",,,"0","27503",,,"Festival of Lights - Demo","1571500800000","bcd72ed9-a8ad-4eb7-b86b-3a05c000ee4d","193.175.2.0","false","true","true","Verein zur Foerderung eines Deutschen Forschungsne","en-US","./livestream/master.m3u8","1571501400000","1569888000000",,"Android","9",,"0","1",,"27503","0","videojs",,"0","html5","videojs-7.6.0",,"BE","732","412","0","WINDOW","0","pause","hls","1571501444000","426a0570-f483-4cc6-bf52-afe08c19cecd","6600000",,"Horus Live","720","720","0","Horus Live","0","0","27210","27209",,,,,"web"
"v2.5.4","680","0",,"Chrome Mobile","77","0","0",,"berlin","1571501444000","DE","b65c0aeb-b9b7-48ac-bf46-a61e1bfb5d70","Mozilla/5.0 (Linux; Android 9; Nokia 6.1) AppleWebKit/537.36 (KHTML, like Gecko) Chrome/77.0.3865.116 Mobile Safari/537.36",,,,"8c887b3d-1218-4a5e-947c-4be12012c463","1571443200000","Nokia 6","panoplay.duckdns.org",,,"0","6502",,,"Festival of Lights - Demo","1571500800000","bcd72ed9-a8ad-4eb7-b86b-3a05c000ee4d","193.175.2.0","false","true","true","Verein zur Foerderung eines Deutschen Forschungsne","en-US","./livestream/master.m3u8","1571501400000","1569888000000",,"Android","9",,"0","1",,"0","6502","videojs",,"0","html5","videojs-7.6.0",,"BE","732","412","0","WINDOW","0","playing","hls","1571501444000","426a0570-f483-4cc6-bf52-afe08c19cecd","6600000",,"Horus Live","720","720","0","Horus Live","0","0","27209","20776",,,,,"web"
"v2.5.4","680","0",,"Mobile Safari","12","1","0",,"berlin","1571501492000","DE","e8732bad-d796-4e12-9812-88f474b89d78","Mozilla/5.0 (iPhone; CPU iPhone OS 12_4_1 like Mac OS X) AppleWebKit/605.1.15 (KHTML, like Gecko) Version/12.1.2 Mobile/15E148 Safari/604.1",,,,"cba93630-ea2c-4260-a756-04ac5c07c283","1571443200000","iPhone","panoplay.duckdns.org",,,"0","88",,,"Festival of Lights - Demo","1571500800000","fe25eddd-cfb8-4e6a-87dc-cc33b06910ab","193.175.2.0","false","false","true","Verein zur Foerderung eines Deutschen Forschungsne","en-US","./livestream/master.m3u8","1571501460000","1569888000000",,"iOS","12","4","1487","1",,"0","0","videojs",,"88","html5","videojs-7.6.0",,"BE","667","375","0","WINDOW","0","setup","hls","1571501492000","30d97ce2-fade-4abf-98b4-7438472aa276","0","0","Horus Live","0","0","0","Horus Live","0","0","0","0",,,,,"web"
"v2.5.4","680","0",,"Mobile Safari","12","1","0",,"berlin","1571501499000","DE","e8732bad-d796-4e12-9812-88f474b89d78","Mozilla/5.0 (iPhone; CPU iPhone OS 12_4_1 like Mac OS X) AppleWebKit/605.1.15 (KHTML, like Gecko) Version/12.1.2 Mobile/15E148 Safari/604.1",,,,"cba93630-ea2c-4260-a756-04ac5c07c283","1571443200000","iPhone","panoplay.duckdns.org",,,"0","6618",,,"Festival of Lights - Demo","1571500800000","fe25eddd-cfb8-4e6a-87dc-cc33b06910ab","193.175.2.0","false","true","true","Verein zur Foerderung eines Deutschen Forschungsne","en-US","./livestream/master.m3u8","1571501460000","1569888000000",,"iOS","12","4","0","1",,"0","6618","videojs",,"0","html5","videojs-7.6.0",,"BE","667","375","0","WINDOW","0","playing","hls","1571501499000","30d97ce2-fade-4abf-98b4-7438472aa276","0",,"Horus Live","720","720","250","Horus Live","0","0","26870","20252",,,,,"web"
"v2.5.4","680","0",,"Mobile Safari","12","1","152",,"berlin","1571501499000","DE","e8732bad-d796-4e12-9812-88f474b89d78","Mozilla/5.0 (iPhone; CPU iPhone OS 12_4_1 like Mac OS X) AppleWebKit/605.1.15 (KHTML, like Gecko) Version/12.1.2 Mobile/15E148 Safari/604.1",,,,"cba93630-ea2c-4260-a756-04ac5c07c283","1571443200000","iPhone","panoplay.duckdns.org",,,"0","152",,,"Festival of Lights - Demo","1571500800000","fe25eddd-cfb8-4e6a-87dc-cc33b06910ab","193.175.2.0","false","true","true","Verein zur Foerderung eines Deutschen Forschungsne","en-US","./livestream/master.m3u8","1571501460000","1569888000000",,"iOS","12","4","0","1",,"0","0","videojs",,"0","html5","videojs-7.6.0",,"BE","667","375","0","WINDOW","0","rebuffering","hls","1571501499000","30d97ce2-fade-4abf-98b4-7438472aa276","0",,"Horus Live","720","720","0","Horus Live","0","0","27022","26870",,,,,"web"
"v2.5.4","680","0",,"Mobile Safari","12","1","159",,"berlin","1571501506000","DE","e8732bad-d796-4e12-9812-88f474b89d78","Mozilla/5.0 (iPhone; CPU iPhone OS 12_4_1 like Mac OS X) AppleWebKit/605.1.15 (KHTML, like Gecko) Version/12.1.2 Mobile/15E148 Safari/604.1",,,,"cba93630-ea2c-4260-a756-04ac5c07c283","1571443200000","iPhone","panoplay.duckdns.org",,,"0","159",,,"Festival of Lights - Demo","1571500800000","fe25eddd-cfb8-4e6a-87dc-cc33b06910ab","193.175.2.0","false","true","true","Verein zur Foerderung eines Deutschen Forschungsne","en-US","./livestream/master.m3u8","1571501460000","1569888000000",,"iOS","12","4","0","1",,"0","0","videojs",,"0","html5","videojs-7.6.0",,"BE","667","375","0","WINDOW","0","rebuffering","hls","1571501506000","30d97ce2-fade-4abf-98b4-7438472aa276","0",,"Horus Live","720","720","0","Horus Live","0","0","34048","33889",,,,,"web"
"v2.5.4","680","0",,"Mobile Safari","12","1","0",,"berlin","1571501506000","DE","e8732bad-d796-4e12-9812-88f474b89d78","Mozilla/5.0 (iPhone; CPU iPhone OS 12_4_1 like Mac OS X) AppleWebKit/605.1.15 (KHTML, like Gecko) Version/12.1.2 Mobile/15E148 Safari/604.1",,,,"cba93630-ea2c-4260-a756-04ac5c07c283","1571443200000","iPhone","panoplay.duckdns.org",,,"0","6866",,,"Festival of Lights - Demo","1571500800000","fe25eddd-cfb8-4e6a-87dc-cc33b06910ab","193.175.2.0","false","true","true","Verein zur Foerderung eines Deutschen Forschungsne","en-US","./livestream/master.m3u8","1571501460000","1569888000000",,"iOS","12","4","0","1",,"0","6866","videojs",,"0","html5","videojs-7.6.0",,"BE","667","375","0","WINDOW","0","playing","hls","1571501506000","30d97ce2-fade-4abf-98b4-7438472aa276","0",,"Horus Live","720","720","0","Horus Live","0","0","33889","27022",,,,,"web"
"v2.5.4","680","0",,"Mobile Safari","12","1","0",,"berlin","1571501516000","DE","e8732bad-d796-4e12-9812-88f474b89d78","Mozilla/5.0 (iPhone; CPU iPhone OS 12_4_1 like Mac OS X) AppleWebKit/605.1.15 (KHTML, like Gecko) Version/12.1.2 Mobile/15E148 Safari/604.1",,,,"cba93630-ea2c-4260-a756-04ac5c07c283","1571443200000","iPhone","panoplay.duckdns.org",,,"0","9666",,,"Festival of Lights - Demo","1571500800000","fe25eddd-cfb8-4e6a-87dc-cc33b06910ab","193.175.2.0","false","true","true","Verein zur Foerderung eines Deutschen Forschungsne","en-US","./livestream/master.m3u8","1571501460000","1569888000000",,"iOS","12","4","0","1",,"0","9666","videojs",,"0","html5","videojs-7.6.0",,"BE","667","375","0","WINDOW","0","playing","hls","1571501516000","30d97ce2-fade-4abf-98b4-7438472aa276","0",,"Horus Live","720","720","0","Horus Live","0","0","43714","34048",,,,,"web"
"v2.5.4","680","0",,"Mobile Safari","12","1","128",,"berlin","1571501516000","DE","e8732bad-d796-4e12-9812-88f474b89d78","Mozilla/5.0 (iPhone; CPU iPhone OS 12_4_1 like Mac OS X) AppleWebKit/605.1.15 (KHTML, like Gecko) Version/12.1.2 Mobile/15E148 Safari/604.1",,,,"cba93630-ea2c-4260-a756-04ac5c07c283","1571443200000","iPhone","panoplay.duckdns.org",,,"0","128",,,"Festival of Lights - Demo","1571500800000","fe25eddd-cfb8-4e6a-87dc-cc33b06910ab","193.175.2.0","false","true","true","Verein zur Foerderung eines Deutschen Forschungsne","en-US","./livestream/master.m3u8","1571501460000","1569888000000",,"iOS","12","4","0","1",,"0","0","videojs",,"0","html5","videojs-7.6.0",,"BE","667","375","0","WINDOW","0","rebuffering","hls","1571501516000","30d97ce2-fade-4abf-98b4-7438472aa276","0",,"Horus Live","720","720","0","Horus Live","0","0","43842","43714",,,,,"web"
"v2.5.4","680","0",,"Mobile Safari","12","1","0",,"berlin","1571501526000","DE","e8732bad-d796-4e12-9812-88f474b89d78","Mozilla/5.0 (iPhone; CPU iPhone OS 12_4_1 like Mac OS X) AppleWebKit/605.1.15 (KHTML, like Gecko) Version/12.1.2 Mobile/15E148 Safari/604.1",,,,"cba93630-ea2c-4260-a756-04ac5c07c283","1571443200000","iPhone","panoplay.duckdns.org",,,"0","10045",,,"Festival of Lights - Demo","1571500800000","fe25eddd-cfb8-4e6a-87dc-cc33b06910ab","193.175.2.0","false","true","true","Verein zur Foerderung eines Deutschen Forschungsne","en-US","./livestream/master.m3u8","1571501520000","1569888000000",,"iOS","12","4","0","1",,"0","10045","videojs",,"0","html5","videojs-7.6.0",,"BE","667","375","0","WINDOW","0","playing","hls","1571501526000","30d97ce2-fade-4abf-98b4-7438472aa276","0",,"Horus Live","720","720","0","Horus Live","0","0","53887","43842",,,,,"web"
"v2.5.4","680","0",,"Mobile Safari","12","1","237",,"berlin","1571501526000","DE","e8732bad-d796-4e12-9812-88f474b89d78","Mozilla/5.0 (iPhone; CPU iPhone OS 12_4_1 like Mac OS X) AppleWebKit/605.1.15 (KHTML, like Gecko) Version/12.1.2 Mobile/15E148 Safari/604.1",,,,"cba93630-ea2c-4260-a756-04ac5c07c283","1571443200000","iPhone","panoplay.duckdns.org",,,"0","237",,,"Festival of Lights - Demo","1571500800000","fe25eddd-cfb8-4e6a-87dc-cc33b06910ab","193.175.2.0","false","true","true","Verein zur Foerderung eines Deutschen Forschungsne","en-US","./livestream/master.m3u8","1571501520000","1569888000000",,"iOS","12","4","0","1",,"0","0","videojs",,"0","html5","videojs-7.6.0",,"BE","667","375","0","WINDOW","0","rebuffering","hls","1571501526000","30d97ce2-fade-4abf-98b4-7438472aa276","0",,"Horus Live","720","720","0","Horus Live","0","0","54124","53887",,,,,"web"
"v2.5.4","680","0",,"Mobile Safari","12","1","0",,"berlin","1571501531000","DE","e8732bad-d796-4e12-9812-88f474b89d78","Mozilla/5.0 (iPhone; CPU iPhone OS 12_4_1 like Mac OS X) AppleWebKit/605.1.15 (KHTML, like Gecko) Version/12.1.2 Mobile/15E148 Safari/604.1",,,,"cba93630-ea2c-4260-a756-04ac5c07c283","1571443200000","iPhone","panoplay.duckdns.org",,,"0","5082",,,"Festival of Lights - Demo","1571500800000","fe25eddd-cfb8-4e6a-87dc-cc33b06910ab","193.175.2.0","false","true","true","Verein zur Foerderung eines Deutschen Forschungsne","en-US","./livestream/master.m3u8","1571501520000","1569888000000",,"iOS","12","4","0","1",,"0","5082","videojs",,"0","html5","videojs-7.6.0",,"BE","667","375","0","WINDOW","0","playing","hls","1571501531000","30d97ce2-fade-4abf-98b4-7438472aa276","0",,"Horus Live","720","720","0","Horus Live","0","0","57201","54124",,,,,"web"
"v2.5.4","680","0",,"Mobile Safari","12","1","0",,"berlin","1571501531000","DE","e8732bad-d796-4e12-9812-88f474b89d78","Mozilla/5.0 (iPhone; CPU iPhone OS 12_4_1 like Mac OS X) AppleWebKit/605.1.15 (KHTML, like Gecko) Version/12.1.2 Mobile/15E148 Safari/604.1",,,,"cba93630-ea2c-4260-a756-04ac5c07c283","1571443200000","iPhone","panoplay.duckdns.org",,,"0","125",,,"Festival of Lights - Demo","1571500800000","fe25eddd-cfb8-4e6a-87dc-cc33b06910ab","193.175.2.0","false","true","true","Verein zur Foerderung eines Deutschen Forschungsne","en-US","./livestream/master.m3u8","1571501520000","1569888000000",,"iOS","12","4","0","1",,"125","0","videojs",,"0","html5","videojs-7.6.0",,"BE","667","375","0","WINDOW","0","pause","hls","1571501531000","30d97ce2-fade-4abf-98b4-7438472aa276","0",,"Horus Live","720","720","0","Horus Live","0","0","50070","57201",,,,,"web"
"v2.5.4","680","0",,"Mobile Safari","12","1","0",,"berlin","1571501532000","DE","e8732bad-d796-4e12-9812-88f474b89d78","Mozilla/5.0 (iPhone; CPU iPhone OS 12_4_1 like Mac OS X) AppleWebKit/605.1.15 (KHTML, like Gecko) Version/12.1.2 Mobile/15E148 Safari/604.1",,,,"cba93630-ea2c-4260-a756-04ac5c07c283","1571443200000","iPhone","panoplay.duckdns.org",,,"0","57",,,"Festival of Lights - Demo","1571500800000","fe25eddd-cfb8-4e6a-87dc-cc33b06910ab","193.175.2.0","false","true","true","Verein zur Foerderung eines Deutschen Forschungsne","en-US","./livestream/master.m3u8","1571501520000","1569888000000",,"iOS","12","4","0","1",,"0","57","videojs",,"0","html5","videojs-7.6.0",,"BE","667","375","0","WINDOW","0","playing","hls","1571501532000","30d97ce2-fade-4abf-98b4-7438472aa276","0",,"Horus Live","720","720","0","Horus Live","0","0","57834","50070",,,,,"web"
"v2.5.4","680","0",,"Mobile Safari","12","1","0",,"berlin","1571501532000","DE","e8732bad-d796-4e12-9812-88f474b89d78","Mozilla/5.0 (iPhone; CPU iPhone OS 12_4_1 like Mac OS X) AppleWebKit/605.1.15 (KHTML, like Gecko) Version/12.1.2 Mobile/15E148 Safari/604.1",,,,"cba93630-ea2c-4260-a756-04ac5c07c283","1571443200000","iPhone","panoplay.duckdns.org",,,"0","39",,,"Festival of Lights - Demo","1571500800000","fe25eddd-cfb8-4e6a-87dc-cc33b06910ab","193.175.2.0","false","true","true","Verein zur Foerderung eines Deutschen Forschungsne","en-US","./livestream/master.m3u8","1571501520000","1569888000000",,"iOS","12","4","0","1",,"0","39","videojs",,"0","html5","videojs-7.6.0",,"BE","667","375","0","WINDOW","0","playing","hls","1571501532000","30d97ce2-fade-4abf-98b4-7438472aa276","0",,"Horus Live","720","720","0","Horus Live","0","0","58249","50070",,,,,"web"
"v2.5.4","680","0",,"Mobile Safari","12","1","0",,"berlin","1571501532000","DE","e8732bad-d796-4e12-9812-88f474b89d78","Mozilla/5.0 (iPhone; CPU iPhone OS 12_4_1 like Mac OS X) AppleWebKit/605.1.15 (KHTML, like Gecko) Version/12.1.2 Mobile/15E148 Safari/604.1",,,,"cba93630-ea2c-4260-a756-04ac5c07c283","1571443200000","iPhone","panoplay.duckdns.org",,,"0","9",,,"Festival of Lights - Demo","1571500800000","fe25eddd-cfb8-4e6a-87dc-cc33b06910ab","193.175.2.0","false","true","true","Verein zur Foerderung eines Deutschen Forschungsne","en-US","./livestream/master.m3u8","1571501520000","1569888000000",,"iOS","12","4","0","1",,"0","9","videojs",,"0","html5","videojs-7.6.0",,"BE","667","375","0","WINDOW","0","playing","hls","1571501532000","30d97ce2-fade-4abf-98b4-7438472aa276","0",,"Horus Live","720","720","0","Horus Live","0","0","57834","57834",,,,,"web"
"v2.5.4","680","0",,"Mobile Safari","12","1","0",,"berlin","1571501532000","DE","e8732bad-d796-4e12-9812-88f474b89d78","Mozilla/5.0 (iPhone; CPU iPhone OS 12_4_1 like Mac OS X) AppleWebKit/605.1.15 (KHTML, like Gecko) Version/12.1.2 Mobile/15E148 Safari/604.1",,,,"cba93630-ea2c-4260-a756-04ac5c07c283","1571443200000","iPhone","panoplay.duckdns.org",,,"0","5",,,"Festival of Lights - Demo","1571500800000","fe25eddd-cfb8-4e6a-87dc-cc33b06910ab","193.175.2.0","false","true","true","Verein zur Foerderung eines Deutschen Forschungsne","en-US","./livestream/master.m3u8","1571501520000","1569888000000",,"iOS","12","4","0","1",,"5","0","videojs",,"0","html5","videojs-7.6.0",,"BE","667","375","0","WINDOW","0","pause","hls","1571501532000","30d97ce2-fade-4abf-98b4-7438472aa276","0",,"Horus Live","720","720","0","Horus Live","0","0","50070","58249",,,,,"web"
"v2.5.4","680","0",,"Mobile Safari","12","1","0",,"berlin","1571501532000","DE","e8732bad-d796-4e12-9812-88f474b89d78","Mozilla/5.0 (iPhone; CPU iPhone OS 12_4_1 like Mac OS X) AppleWebKit/605.1.15 (KHTML, like Gecko) Version/12.1.2 Mobile/15E148 Safari/604.1",,,,"cba93630-ea2c-4260-a756-04ac5c07c283","1571443200000","iPhone","panoplay.duckdns.org",,,"0","5",,,"Festival of Lights - Demo","1571500800000","fe25eddd-cfb8-4e6a-87dc-cc33b06910ab","193.175.2.0","false","true","true","Verein zur Foerderung eines Deutschen Forschungsne","en-US","./livestream/master.m3u8","1571501520000","1569888000000",,"iOS","12","4","0","1",,"5","0","videojs",,"0","html5","videojs-7.6.0",,"BE","667","375","0","WINDOW","0","pause","hls","1571501532000","30d97ce2-fade-4abf-98b4-7438472aa276","0",,"Horus Live","720","720","0","Horus Live","0","0","57834","57834",,,,,"web"
"v2.5.4","680","0",,"Mobile Safari","12","1","0",,"berlin","1571501532000","DE","e8732bad-d796-4e12-9812-88f474b89d78","Mozilla/5.0 (iPhone; CPU iPhone OS 12_4_1 like Mac OS X) AppleWebKit/605.1.15 (KHTML, like Gecko) Version/12.1.2 Mobile/15E148 Safari/604.1",,,,"cba93630-ea2c-4260-a756-04ac5c07c283","1571443200000","iPhone","panoplay.duckdns.org",,,"0","119",,,"Festival of Lights - Demo","1571500800000","fe25eddd-cfb8-4e6a-87dc-cc33b06910ab","193.175.2.0","false","true","true","Verein zur Foerderung eines Deutschen Forschungsne","en-US","./livestream/master.m3u8","1571501520000","1569888000000",,"iOS","12","4","0","1",,"119","0","videojs",,"0","html5","videojs-7.6.0",,"BE","667","375","0","WINDOW","0","pause","hls","1571501532000","30d97ce2-fade-4abf-98b4-7438472aa276","0",,"Horus Live","720","720","0","Horus Live","0","0","50070","57834",,,,,"web"
"v2.5.4","680","0",,"Mobile Safari","12","1","0",,"berlin","1571501532000","DE","e8732bad-d796-4e12-9812-88f474b89d78","Mozilla/5.0 (iPhone; CPU iPhone OS 12_4_1 like Mac OS X) AppleWebKit/605.1.15 (KHTML, like Gecko) Version/12.1.2 Mobile/15E148 Safari/604.1",,,,"cba93630-ea2c-4260-a756-04ac5c07c283","1571443200000","iPhone","panoplay.duckdns.org",,,"0","73",,,"Festival of Lights - Demo","1571500800000","fe25eddd-cfb8-4e6a-87dc-cc33b06910ab","193.175.2.0","false","true","true","Verein zur Foerderung eines Deutschen Forschungsne","en-US","./livestream/master.m3u8","1571501520000","1569888000000",,"iOS","12","4","0","1",,"0","73","videojs",,"0","html5","videojs-7.6.0",,"BE","667","375","0","WINDOW","0","playing","hls","1571501532000","30d97ce2-fade-4abf-98b4-7438472aa276","0",,"Horus Live","720","720","0","Horus Live","0","0","50070","50070",,,,,"web"
"v2.5.4","680","0",,"Mobile Safari","12","1","421",,"berlin","1571501532000","DE","e8732bad-d796-4e12-9812-88f474b89d78","Mozilla/5.0 (iPhone; CPU iPhone OS 12_4_1 like Mac OS X) AppleWebKit/605.1.15 (KHTML, like Gecko) Version/12.1.2 Mobile/15E148 Safari/604.1",,,,"cba93630-ea2c-4260-a756-04ac5c07c283","1571443200000","iPhone","panoplay.duckdns.org",,,"0","421",,,"Festival of Lights - Demo","1571500800000","fe25eddd-cfb8-4e6a-87dc-cc33b06910ab","193.175.2.0","false","true","true","Verein zur Foerderung eines Deutschen Forschungsne","en-US","./livestream/master.m3u8","1571501520000","1569888000000",,"iOS","12","4","0","1",,"0","0","videojs",,"0","html5","videojs-7.6.0",,"BE","667","375","0","WINDOW","0","rebuffering","hls","1571501532000","30d97ce2-fade-4abf-98b4-7438472aa276","0",,"Horus Live","720","720","0","Horus Live","0","0","50474","50070",,,,,"web"
"v2.5.4","680","0",,"Mobile Safari","12","1","0",,"berlin","1571501532000","DE","e8732bad-d796-4e12-9812-88f474b89d78","Mozilla/5.0 (iPhone; CPU iPhone OS 12_4_1 like Mac OS X) AppleWebKit/605.1.15 (KHTML, like Gecko) Version/12.1.2 Mobile/15E148 Safari/604.1",,,,"cba93630-ea2c-4260-a756-04ac5c07c283","1571443200000","iPhone","panoplay.duckdns.org",,,"0","40",,,"Festival of Lights - Demo","1571500800000","fe25eddd-cfb8-4e6a-87dc-cc33b06910ab","193.175.2.0","false","true","true","Verein zur Foerderung eines Deutschen Forschungsne","en-US","./livestream/master.m3u8","1571501520000","1569888000000",,"iOS","12","4","0","1",,"0","40","videojs",,"0","html5","videojs-7.6.0",,"BE","667","375","0","WINDOW","0","playing","hls","1571501532000","30d97ce2-fade-4abf-98b4-7438472aa276","0",,"Horus Live","720","720","0","Horus Live","0","0","43685","50474",,,,,"web"
"v2.5.4","680","0",,"Mobile Safari","12","1","0",,"berlin","1571501533000","DE","e8732bad-d796-4e12-9812-88f474b89d78","Mozilla/5.0 (iPhone; CPU iPhone OS 12_4_1 like Mac OS X) AppleWebKit/605.1.15 (KHTML, like Gecko) Version/12.1.2 Mobile/15E148 Safari/604.1",,,,"cba93630-ea2c-4260-a756-04ac5c07c283","1571443200000","iPhone","panoplay.duckdns.org",,,"0","282",,,"Festival of Lights - Demo","1571500800000","fe25eddd-cfb8-4e6a-87dc-cc33b06910ab","193.175.2.0","false","true","true","Verein zur Foerderung eines Deutschen Forschungsne","en-US","./livestream/master.m3u8","1571501520000","1569888000000",,"iOS","12","4","0","1",,"282","0","videojs",,"0","html5","videojs-7.6.0",,"BE","667","375","0","WINDOW","0","pause","hls","1571501533000","30d97ce2-fade-4abf-98b4-7438472aa276","0",,"Horus Live","720","720","0","Horus Live","0","0","46989","43685",,,,,"web"
"v2.5.4","680","0",,"Mobile Safari","12","1","0",,"berlin","1571501533000","DE","e8732bad-d796-4e12-9812-88f474b89d78","Mozilla/5.0 (iPhone; CPU iPhone OS 12_4_1 like Mac OS X) AppleWebKit/605.1.15 (KHTML, like Gecko) Version/12.1.2 Mobile/15E148 Safari/604.1",,,,"cba93630-ea2c-4260-a756-04ac5c07c283","1571443200000","iPhone","panoplay.duckdns.org",,,"0","76",,,"Festival of Lights - Demo","1571500800000","fe25eddd-cfb8-4e6a-87dc-cc33b06910ab","193.175.2.0","false","true","true","Verein zur Foerderung eines Deutschen Forschungsne","en-US","./livestream/master.m3u8","1571501520000","1569888000000",,"iOS","12","4","0","1",,"0","76","videojs",,"0","html5","videojs-7.6.0",,"BE","667","375","0","WINDOW","0","playing","hls","1571501533000","30d97ce2-fade-4abf-98b4-7438472aa276","0",,"Horus Live","720","720","0","Horus Live","0","0","49281","49276",,,,,"web"
"v2.5.4","680","0",,"Mobile Safari","12","1","0",,"berlin","1571501533000","DE","e8732bad-d796-4e12-9812-88f474b89d78","Mozilla/5.0 (iPhone; CPU iPhone OS 12_4_1 like Mac OS X) AppleWebKit/605.1.15 (KHTML, like Gecko) Version/12.1.2 Mobile/15E148 Safari/604.1",,,,"cba93630-ea2c-4260-a756-04ac5c07c283","1571443200000","iPhone","panoplay.duckdns.org",,,"0","10",,,"Festival of Lights - Demo","1571500800000","fe25eddd-cfb8-4e6a-87dc-cc33b06910ab","193.175.2.0","false","true","true","Verein zur Foerderung eines Deutschen Forschungsne","en-US","./livestream/master.m3u8","1571501520000","1569888000000",,"iOS","12","4","0","1",,"10","0","videojs",,"0","html5","videojs-7.6.0",,"BE","667","375","0","WINDOW","0","pause","hls","1571501533000","30d97ce2-fade-4abf-98b4-7438472aa276","0",,"Horus Live","720","720","0","Horus Live","0","0","49276","49276",,,,,"web"
"v2.5.4","680","0",,"Mobile Safari","12","1","419",,"berlin","1571501533000","DE","e8732bad-d796-4e12-9812-88f474b89d78","Mozilla/5.0 (iPhone; CPU iPhone OS 12_4_1 like Mac OS X) AppleWebKit/605.1.15 (KHTML, like Gecko) Version/12.1.2 Mobile/15E148 Safari/604.1",,,,"cba93630-ea2c-4260-a756-04ac5c07c283","1571443200000","iPhone","panoplay.duckdns.org",,,"0","419",,,"Festival of Lights - Demo","1571500800000","fe25eddd-cfb8-4e6a-87dc-cc33b06910ab","193.175.2.0","false","true","false","Verein zur Foerderung eines Deutschen Forschungsne","en-US","./livestream/master.m3u8","1571501520000","1569888000000",,"iOS","12","4","0","1",,"0","0","videojs",,"0","html5","videojs-7.6.0",,"BE","667","375","0","FULLSCREEN","0","rebuffering","hls","1571501533000","30d97ce2-fade-4abf-98b4-7438472aa276","0",,"Horus Live","720","720","0","Horus Live","0","0","49700","49281",,,,,"web"
"v2.5.4","680","0",,"Mobile Safari","12","1","0",,"berlin","1571501533000","DE","e8732bad-d796-4e12-9812-88f474b89d78","Mozilla/5.0 (iPhone; CPU iPhone OS 12_4_1 like Mac OS X) AppleWebKit/605.1.15 (KHTML, like Gecko) Version/12.1.2 Mobile/15E148 Safari/604.1",,,,"cba93630-ea2c-4260-a756-04ac5c07c283","1571443200000","iPhone","panoplay.duckdns.org",,,"0","1",,,"Festival of Lights - Demo","1571500800000","fe25eddd-cfb8-4e6a-87dc-cc33b06910ab","193.175.2.0","false","true","true","Verein zur Foerderung eines Deutschen Forschungsne","en-US","./livestream/master.m3u8","1571501520000","1569888000000",,"iOS","12","4","0","1",,"0","1","videojs",,"0","html5","videojs-7.6.0",,"BE","667","375","0","WINDOW","0","playing","hls","1571501533000","30d97ce2-fade-4abf-98b4-7438472aa276","0",,"Horus Live","720","720","0","Horus Live","0","0","49276","49276",,,,,"web"
"v2.5.4","680","0",,"Mobile Safari","12","1","2",,"berlin","1571501533000","DE","e8732bad-d796-4e12-9812-88f474b89d78","Mozilla/5.0 (iPhone; CPU iPhone OS 12_4_1 like Mac OS X) AppleWebKit/605.1.15 (KHTML, like Gecko) Version/12.1.2 Mobile/15E148 Safari/604.1",,,,"cba93630-ea2c-4260-a756-04ac5c07c283","1571443200000","iPhone","panoplay.duckdns.org",,,"0","2",,,"Festival of Lights - Demo","1571500800000","fe25eddd-cfb8-4e6a-87dc-cc33b06910ab","193.175.2.0","false","true","true","Verein zur Foerderung eines Deutschen Forschungsne","en-US","./livestream/master.m3u8","1571501520000","1569888000000",,"iOS","12","4","0","1",,"0","0","videojs",,"0","html5","videojs-7.6.0",,"BE","667","375","0","WINDOW","0","rebuffering","hls","1571501533000","30d97ce2-fade-4abf-98b4-7438472aa276","0",,"Horus Live","720","720","0","Horus Live","0","0","49276","49276",,,,,"web"
"v2.5.4","680","0",,"Mobile Safari","12","1","0",,"berlin","1571501533000","DE","e8732bad-d796-4e12-9812-88f474b89d78","Mozilla/5.0 (iPhone; CPU iPhone OS 12_4_1 like Mac OS X) AppleWebKit/605.1.15 (KHTML, like Gecko) Version/12.1.2 Mobile/15E148 Safari/604.1",,,,"cba93630-ea2c-4260-a756-04ac5c07c283","1571443200000","iPhone","panoplay.duckdns.org",,,"0","98",,,"Festival of Lights - Demo","1571500800000","fe25eddd-cfb8-4e6a-87dc-cc33b06910ab","193.175.2.0","false","true","true","Verein zur Foerderung eines Deutschen Forschungsne","en-US","./livestream/master.m3u8","1571501520000","1569888000000",,"iOS","12","4","0","1",,"0","98","videojs",,"0","html5","videojs-7.6.0",,"BE","667","375","0","WINDOW","0","playing","hls","1571501533000","30d97ce2-fade-4abf-98b4-7438472aa276","0",,"Horus Live","720","720","0","Horus Live","0","0","49276","46989",,,,,"web"
"v2.5.4","680","0",,"Mobile Safari","12","1","171",,"berlin","1571501536000","DE","e8732bad-d796-4e12-9812-88f474b89d78","Mozilla/5.0 (iPhone; CPU iPhone OS 12_4_1 like Mac OS X) AppleWebKit/605.1.15 (KHTML, like Gecko) Version/12.1.2 Mobile/15E148 Safari/604.1",,,,"cba93630-ea2c-4260-a756-04ac5c07c283","1571443200000","iPhone","panoplay.duckdns.org",,,"0","171",,,"Festival of Lights - Demo","1571500800000","fe25eddd-cfb8-4e6a-87dc-cc33b06910ab","193.175.2.0","false","true","false","Verein zur Foerderung eines Deutschen Forschungsne","en-US","./livestream/master.m3u8","1571501520000","1569888000000",,"iOS","12","4","0","1",,"0","0","videojs",,"0","html5","videojs-7.6.0",,"BE","667","375","0","FULLSCREEN","0","rebuffering","hls","1571501536000","30d97ce2-fade-4abf-98b4-7438472aa276","0",,"Horus Live","720","720","0","Horus Live","0","0","52960","52790",,,,,"web"
"v2.5.4","680","0",,"Mobile Safari","12","1","0",,"berlin","1571501536000","DE","e8732bad-d796-4e12-9812-88f474b89d78","Mozilla/5.0 (iPhone; CPU iPhone OS 12_4_1 like Mac OS X) AppleWebKit/605.1.15 (KHTML, like Gecko) Version/12.1.2 Mobile/15E148 Safari/604.1",,,,"cba93630-ea2c-4260-a756-04ac5c07c283","1571443200000","iPhone","panoplay.duckdns.org",,,"0","3090",,,"Festival of Lights - Demo","1571500800000","fe25eddd-cfb8-4e6a-87dc-cc33b06910ab","193.175.2.0","false","true","false","Verein zur Foerderung eines Deutschen Forschungsne","en-US","./livestream/master.m3u8","1571501520000","1569888000000",,"iOS","12","4","0","1",,"0","3090","videojs",,"0","html5","videojs-7.6.0",,"BE","667","375","0","FULLSCREEN","0","playing","hls","1571501536000","30d97ce2-fade-4abf-98b4-7438472aa276","0",,"Horus Live","720","720","0","Horus Live","0","0","52790","49700",,,,,"web"
"v2.5.4","680","0",,"Mobile Safari","12","1","0",,"berlin","1571501546000","DE","e8732bad-d796-4e12-9812-88f474b89d78","Mozilla/5.0 (iPhone; CPU iPhone OS 12_4_1 like Mac OS X) AppleWebKit/605.1.15 (KHTML, like Gecko) Version/12.1.2 Mobile/15E148 Safari/604.1",,,,"cba93630-ea2c-4260-a756-04ac5c07c283","1571443200000","iPhone","panoplay.duckdns.org",,,"0","9657",,,"Festival of Lights - Demo","1571500800000","fe25eddd-cfb8-4e6a-87dc-cc33b06910ab","193.175.2.0","false","true","false","Verein zur Foerderung eines Deutschen Forschungsne","en-US","./livestream/master.m3u8","1571501520000","1569888000000",,"iOS","12","4","0","1",,"0","9657","videojs",,"0","html5","videojs-7.6.0",,"BE","667","375","0","FULLSCREEN","0","playing","hls","1571501546000","30d97ce2-fade-4abf-98b4-7438472aa276","0",,"Horus Live","720","720","0","Horus Live","0","0","62618","52960",,,,,"web"
"v2.5.4","680","0",,"Mobile Safari","12","1","134",,"berlin","1571501546000","DE","e8732bad-d796-4e12-9812-88f474b89d78","Mozilla/5.0 (iPhone; CPU iPhone OS 12_4_1 like Mac OS X) AppleWebKit/605.1.15 (KHTML, like Gecko) Version/12.1.2 Mobile/15E148 Safari/604.1",,,,"cba93630-ea2c-4260-a756-04ac5c07c283","1571443200000","iPhone","panoplay.duckdns.org",,,"0","134",,,"Festival of Lights - Demo","1571500800000","fe25eddd-cfb8-4e6a-87dc-cc33b06910ab","193.175.2.0","false","true","false","Verein zur Foerderung eines Deutschen Forschungsne","en-US","./livestream/master.m3u8","1571501520000","1569888000000",,"iOS","12","4","0","1",,"0","0","videojs",,"0","html5","videojs-7.6.0",,"BE","667","375","0","FULLSCREEN","0","rebuffering","hls","1571501546000","30d97ce2-fade-4abf-98b4-7438472aa276","0",,"Horus Live","720","720","0","Horus Live","0","0","62752","62618",,,,,"web"
"v2.5.4","680","0",,"Mobile Safari","12","1","0",,"berlin","1571501548000","DE","e8732bad-d796-4e12-9812-88f474b89d78","Mozilla/5.0 (iPhone; CPU iPhone OS 12_4_1 like Mac OS X) AppleWebKit/605.1.15 (KHTML, like Gecko) Version/12.1.2 Mobile/15E148 Safari/604.1",,,,"cba93630-ea2c-4260-a756-04ac5c07c283","1571443200000","iPhone","panoplay.duckdns.org",,,"0","1319",,,"Festival of Lights - Demo","1571500800000","fe25eddd-cfb8-4e6a-87dc-cc33b06910ab","193.175.2.0","false","true","false","Verein zur Foerderung eines Deutschen Forschungsne","en-US","./livestream/master.m3u8","1571501520000","1569888000000",,"iOS","12","4","0","1",,"0","1319","videojs",,"0","html5","videojs-7.6.0",,"BE","667","375","0","WINDOW","0","playing","hls","1571501548000","30d97ce2-fade-4abf-98b4-7438472aa276","0",,"Horus Live","720","720","0","Horus Live","0","0","64069","62752",,,,,"web"
"v2.5.4","680","0",,"Chrome Mobile","77","0","274",,"berlin","1571501550000","DE","b65c0aeb-b9b7-48ac-bf46-a61e1bfb5d70","Mozilla/5.0 (Linux; Android 9; Nokia 6.1) AppleWebKit/537.36 (KHTML, like Gecko) Chrome/77.0.3865.116 Mobile Safari/537.36",,,,"8c887b3d-1218-4a5e-947c-4be12012c463","1571443200000","Nokia 6","panoplay.duckdns.org",,,"0","274",,,"Festival of Lights - Demo","1571500800000","bcd72ed9-a8ad-4eb7-b86b-3a05c000ee4d","193.175.2.0","false","true","true","Verein zur Foerderung eines Deutschen Forschungsne","en-US","./livestream/master.m3u8","1571501520000","1569888000000",,"Android","9",,"0","1",,"0","0","videojs",,"0","html5","videojs-7.6.0",,"BE","732","412","0","WINDOW","0","rebuffering","hls","1571501550000","426a0570-f483-4cc6-bf52-afe08c19cecd","6600000",,"Horus Live","720","720","0","Horus Live","0","0","90092","90090",,,,,"web"
"v2.5.4","680","0",,"Chrome Mobile","77","0","0",,"berlin","1571501550000","DE","b65c0aeb-b9b7-48ac-bf46-a61e1bfb5d70","Mozilla/5.0 (Linux; Android 9; Nokia 6.1) AppleWebKit/537.36 (KHTML, like Gecko) Chrome/77.0.3865.116 Mobile Safari/537.36",,,,"8c887b3d-1218-4a5e-947c-4be12012c463","1571443200000","Nokia 6","panoplay.duckdns.org",,,"0","66221",,,"Festival of Lights - Demo","1571500800000","bcd72ed9-a8ad-4eb7-b86b-3a05c000ee4d","193.175.2.0","false","true","true","Verein zur Foerderung eines Deutschen Forschungsne","en-US","./livestream/master.m3u8","1571501520000","1569888000000",,"Android","9",,"0","1",,"66221","0","videojs",,"0","html5","videojs-7.6.0",,"BE","732","412","0","WINDOW","0","pause","hls","1571501550000","426a0570-f483-4cc6-bf52-afe08c19cecd","6600000",,"Horus Live","720","720","0","Horus Live","0","0","90090","65943",,,,,"web"
"v2.5.4","680","0",,"Chrome Mobile","77","0","0",,"berlin","1571501550000","DE","b65c0aeb-b9b7-48ac-bf46-a61e1bfb5d70","Mozilla/5.0 (Linux; Android 9; Nokia 6.1) AppleWebKit/537.36 (KHTML, like Gecko) Chrome/77.0.3865.116 Mobile Safari/537.36",,,,"8c887b3d-1218-4a5e-947c-4be12012c463","1571443200000","Nokia 6","panoplay.duckdns.org",,,"0","49",,,"Festival of Lights - Demo","1571500800000","bcd72ed9-a8ad-4eb7-b86b-3a05c000ee4d","193.175.2.0","false","true","true","Verein zur Foerderung eines Deutschen Forschungsne","en-US","./livestream/master.m3u8","1571501520000","1569888000000",,"Android","9",,"0","1",,"0","49","videojs",,"0","html5","videojs-7.6.0",,"BE","732","412","0","WINDOW","0","playing","hls","1571501550000","426a0570-f483-4cc6-bf52-afe08c19cecd","6600000",,"Horus Live","720","720","0","Horus Live","0","0","90090","90090",,,,,"web"
"v2.5.4","680","0",,"Mobile Safari","12","1","0",,"berlin","1571501550000","DE","e8732bad-d796-4e12-9812-88f474b89d78","Mozilla/5.0 (iPhone; CPU iPhone OS 12_4_1 like Mac OS X) AppleWebKit/605.1.15 (KHTML, like Gecko) Version/12.1.2 Mobile/15E148 Safari/604.1",,,,"cba93630-ea2c-4260-a756-04ac5c07c283","1571443200000","iPhone","panoplay.duckdns.org",,,"0","2755",,,"Festival of Lights - Demo","1571500800000","fe25eddd-cfb8-4e6a-87dc-cc33b06910ab","193.175.2.0","false","true","false","Verein zur Foerderung eines Deutschen Forschungsne","en-US","./livestream/master.m3u8","1571501520000","1569888000000",,"iOS","12","4","0","1",,"2755","0","videojs",,"0","html5","videojs-7.6.0",,"BE","667","375","0","WINDOW","0","pause","hls","1571501550000","30d97ce2-fade-4abf-98b4-7438472aa276","0",,"Horus Live","720","720","0","Horus Live","0","0","64109","64069",,,,,"web"
"v2.5.4","680","0",,"Chrome Mobile","77","0","0",,"berlin","1571501551000","DE","b65c0aeb-b9b7-48ac-bf46-a61e1bfb5d70","Mozilla/5.0 (Linux; Android 9; Nokia 6.1) AppleWebKit/537.36 (KHTML, like Gecko) Chrome/77.0.3865.116 Mobile Safari/537.36",,,,"8c887b3d-1218-4a5e-947c-4be12012c463","1571443200000","Nokia 6","panoplay.duckdns.org",,,"0","497",,,"Festival of Lights - Demo","1571500800000","bcd72ed9-a8ad-4eb7-b86b-3a05c000ee4d","193.175.2.0","false","true","true","Verein zur Foerderung eines Deutschen Forschungsne","en-US","./livestream/master.m3u8","1571501520000","1569888000000",,"Android","9",,"0","1",,"0","497","videojs",,"0","html5","videojs-7.6.0",,"BE","732","412","0","WINDOW","0","playing","hls","1571501551000","426a0570-f483-4cc6-bf52-afe08c19cecd","6600000",,"Horus Live","720","720","0","Horus Live","0","0","90591","90092",,,,,"web"
"v2.5.4","680","0",,"Chrome Mobile","77","0","0",,"berlin","1571501551000","DE","b65c0aeb-b9b7-48ac-bf46-a61e1bfb5d70","Mozilla/5.0 (Linux; Android 9; Nokia 6.1) AppleWebKit/537.36 (KHTML, like Gecko) Chrome/77.0.3865.116 Mobile Safari/537.36",,,,"8c887b3d-1218-4a5e-947c-4be12012c463","1571443200000","Nokia 6","panoplay.duckdns.org",,,"0","0",,,"Festival of Lights - Demo","1571500800000","bcd72ed9-a8ad-4eb7-b86b-3a05c000ee4d","193.175.2.0","false","true","true","Verein zur Foerderung eines Deutschen Forschungsne","en-US","./livestream/master.m3u8","1571501520000","1569888000000",,"Android","9",,"0","1",,"0","0","videojs",,"0","html5","videojs-7.6.0",,"BE","732","412","0","WINDOW","0","qualitychange","hls","1571501551000","426a0570-f483-4cc6-bf52-afe08c19cecd","1100000",,"Horus Live","720","720","0","Horus Live","0","0","90591","90591",,,,,"web"
"v2.5.4","680","0",,"Mobile Safari","12","1","0",,"berlin","1571501554000","DE","e8732bad-d796-4e12-9812-88f474b89d78","Mozilla/5.0 (iPhone; CPU iPhone OS 12_4_1 like Mac OS X) AppleWebKit/605.1.15 (KHTML, like Gecko) Version/12.1.2 Mobile/15E148 Safari/604.1",,,,"cba93630-ea2c-4260-a756-04ac5c07c283","1571443200000","iPhone","panoplay.duckdns.org",,,"0","3835",,,"Festival of Lights - Demo","1571500800000","fe25eddd-cfb8-4e6a-87dc-cc33b06910ab","193.175.2.0","false","true","false","Verein zur Foerderung eines Deutschen Forschungsne","en-US","./livestream/master.m3u8","1571501520000","1569888000000",,"iOS","12","4","0","1",,"0","3835","videojs",,"0","html5","videojs-7.6.0",,"BE","667","375","0","WINDOW","0","playing","hls","1571501554000","30d97ce2-fade-4abf-98b4-7438472aa276","0",,"Horus Live","720","720","0","Horus Live","0","0","67916","64109",,,,,"web"
"v2.5.4","680","0",,"Mobile Safari","12","1","0",,"berlin","1571501555000","DE","14a1413b-89e4-494c-a1e9-e398b01c8d4d","Mozilla/5.0 (iPhone; CPU iPhone OS 12_4_1 like Mac OS X) AppleWebKit/605.1.15 (KHTML, like Gecko) Version/12.1.2 Mobile/15E148 Safari/604.1",,,,"cba93630-ea2c-4260-a756-04ac5c07c283","1571443200000","iPhone","panoplay.duckdns.org",,,"0","58",,,"Festival of Lights - Demo","1571500800000","db080f57-416b-4073-8efe-8832961873af","193.175.2.0","false","false","true","Verein zur Foerderung eines Deutschen Forschungsne","en-US","./livestream/master.m3u8","1571501520000","1569888000000",,"iOS","12","4","572","1",,"0","0","videojs",,"58","html5","videojs-7.6.0",,"BE","667","375","0","WINDOW","0","setup","hls","1571501555000","30d97ce2-fade-4abf-98b4-7438472aa276","0","0","Horus Live","0","0","0","Horus Live","0","0","0","0",,,,,"web"
"v2.5.4","680","0",,"Mobile Safari","12","1","126",,"berlin","1571501562000","DE","14a1413b-89e4-494c-a1e9-e398b01c8d4d","Mozilla/5.0 (iPhone; CPU iPhone OS 12_4_1 like Mac OS X) AppleWebKit/605.1.15 (KHTML, like Gecko) Version/12.1.2 Mobile/15E148 Safari/604.1",,,,"cba93630-ea2c-4260-a756-04ac5c07c283","1571443200000","iPhone","panoplay.duckdns.org",,,"0","126",,,"Festival of Lights - Demo","1571500800000","db080f57-416b-4073-8efe-8832961873af","193.175.2.0","false","true","true","Verein zur Foerderung eines Deutschen Forschungsne","en-US","./livestream/master.m3u8","1571501520000","1569888000000",,"iOS","12","4","0","1",,"0","0","videojs",,"0","html5","videojs-7.6.0",,"BE","667","375","0","WINDOW","0","rebuffering","hls","1571501562000","30d97ce2-fade-4abf-98b4-7438472aa276","0",,"Horus Live","720","720","0","Horus Live","0","0","27035","26909",,,,,"web"
"v2.5.4","680","0",,"Mobile Safari","12","1","0",,"berlin","1571501562000","DE","14a1413b-89e4-494c-a1e9-e398b01c8d4d","Mozilla/5.0 (iPhone; CPU iPhone OS 12_4_1 like Mac OS X) AppleWebKit/605.1.15 (KHTML, like Gecko) Version/12.1.2 Mobile/15E148 Safari/604.1",,,,"cba93630-ea2c-4260-a756-04ac5c07c283","1571443200000","iPhone","panoplay.duckdns.org",,,"0","6640",,,"Festival of Lights - Demo","1571500800000","db080f57-416b-4073-8efe-8832961873af","193.175.2.0","false","true","true","Verein zur Foerderung eines Deutschen Forschungsne","en-US","./livestream/master.m3u8","1571501520000","1569888000000",,"iOS","12","4","0","1",,"0","6640","videojs",,"0","html5","videojs-7.6.0",,"BE","667","375","0","WINDOW","0","playing","hls","1571501562000","30d97ce2-fade-4abf-98b4-7438472aa276","0",,"Horus Live","720","720","249","Horus Live","0","0","26909","20269",,,,,"web"
"v2.5.4","680","0",,"Mobile Safari","12","1","0",,"berlin","1571501566000","DE","14a1413b-89e4-494c-a1e9-e398b01c8d4d","Mozilla/5.0 (iPhone; CPU iPhone OS 12_4_1 like Mac OS X) AppleWebKit/605.1.15 (KHTML, like Gecko) Version/12.1.2 Mobile/15E148 Safari/604.1",,,,"cba93630-ea2c-4260-a756-04ac5c07c283","1571443200000","iPhone","panoplay.duckdns.org",,,"0","4142",,,"Festival of Lights - Demo","1571500800000","db080f57-416b-4073-8efe-8832961873af","193.175.2.0","false","true","true","Verein zur Foerderung eines Deutschen Forschungsne","en-US","./livestream/master.m3u8","1571501520000","1569888000000",,"iOS","12","4","0","1",,"0","4142","videojs",,"0","html5","videojs-7.6.0",,"BE","667","375","0","WINDOW","0","playing","hls","1571501566000","30d97ce2-fade-4abf-98b4-7438472aa276","0",,"Horus Live","720","720","0","Horus Live","0","0","15345","27035",,,,,"web"
"v2.5.4","680","0",,"Mobile Safari","12","1","88",,"berlin","1571501567000","DE","14a1413b-89e4-494c-a1e9-e398b01c8d4d","Mozilla/5.0 (iPhone; CPU iPhone OS 12_4_1 like Mac OS X) AppleWebKit/605.1.15 (KHTML, like Gecko) Version/12.1.2 Mobile/15E148 Safari/604.1",,,,"cba93630-ea2c-4260-a756-04ac5c07c283","1571443200000","iPhone","panoplay.duckdns.org",,,"0","88",,,"Festival of Lights - Demo","1571500800000","db080f57-416b-4073-8efe-8832961873af","193.175.2.0","false","true","true","Verein zur Foerderung eines Deutschen Forschungsne","en-US","./livestream/master.m3u8","1571501520000","1569888000000",,"iOS","12","4","0","1",,"0","0","videojs",,"0","html5","videojs-7.6.0",,"BE","667","375","0","WINDOW","0","rebuffering","hls","1571501567000","30d97ce2-fade-4abf-98b4-7438472aa276","0",,"Horus Live","720","720","0","Horus Live","0","0","13594","13443",,,,,"web"
"v2.5.4","680","0",,"Mobile Safari","12","1","0",,"berlin","1571501567000","DE","14a1413b-89e4-494c-a1e9-e398b01c8d4d","Mozilla/5.0 (iPhone; CPU iPhone OS 12_4_1 like Mac OS X) AppleWebKit/605.1.15 (KHTML, like Gecko) Version/12.1.2 Mobile/15E148 Safari/604.1",,,,"cba93630-ea2c-4260-a756-04ac5c07c283","1571443200000","iPhone","panoplay.duckdns.org",,,"0","443",,,"Festival of Lights - Demo","1571500800000","db080f57-416b-4073-8efe-8832961873af","193.175.2.0","false","true","true","Verein zur Foerderung eines Deutschen Forschungsne","en-US","./livestream/master.m3u8","1571501520000","1569888000000",,"iOS","12","4","0","1",,"443","0","videojs",,"0","html5","videojs-7.6.0",,"BE","667","375","0","WINDOW","0","pause","hls","1571501567000","30d97ce2-fade-4abf-98b4-7438472aa276","0",,"Horus Live","720","720","0","Horus Live","0","0","13443","15345",,,,,"web"
"v2.5.4","680","0",,"Mobile Safari","12","1","0",,"berlin","1571501567000","DE","14a1413b-89e4-494c-a1e9-e398b01c8d4d","Mozilla/5.0 (iPhone; CPU iPhone OS 12_4_1 like Mac OS X) AppleWebKit/605.1.15 (KHTML, like Gecko) Version/12.1.2 Mobile/15E148 Safari/604.1",,,,"cba93630-ea2c-4260-a756-04ac5c07c283","1571443200000","iPhone","panoplay.duckdns.org",,,"0","138",,,"Festival of Lights - Demo","1571500800000","db080f57-416b-4073-8efe-8832961873af","193.175.2.0","false","true","true","Verein zur Foerderung eines Deutschen Forschungsne","en-US","./livestream/master.m3u8","1571501520000","1569888000000",,"iOS","12","4","0","1",,"0","138","videojs",,"0","html5","videojs-7.6.0",,"BE","667","375","0","WINDOW","0","playing","hls","1571501567000","30d97ce2-fade-4abf-98b4-7438472aa276","0",,"Horus Live","720","720","0","Horus Live","0","0","13443","13443",,,,,"web"
"v2.5.4","680","0",,"Mobile Safari","12","1","0",,"berlin","1571501568000","DE","14a1413b-89e4-494c-a1e9-e398b01c8d4d","Mozilla/5.0 (iPhone; CPU iPhone OS 12_4_1 like Mac OS X) AppleWebKit/605.1.15 (KHTML, like Gecko) Version/12.1.2 Mobile/15E148 Safari/604.1",,,,"cba93630-ea2c-4260-a756-04ac5c07c283","1571443200000","iPhone","panoplay.duckdns.org",,,"0","633",,,"Festival of Lights - Demo","1571500800000","db080f57-416b-4073-8efe-8832961873af","193.175.2.0","false","true","true","Verein zur Foerderung eines Deutschen Forschungsne","en-US","./livestream/master.m3u8","1571501520000","1569888000000",,"iOS","12","4","0","1",,"0","633","videojs",,"0","html5","videojs-7.6.0",,"BE","667","375","0","WINDOW","0","playing","hls","1571501568000","30d97ce2-fade-4abf-98b4-7438472aa276","0",,"Horus Live","720","720","0","Horus Live","0","0","12055","13594",,,,,"web"
"v2.5.4","680","0",,"Mobile Safari","12","1","0",,"berlin","1571501572000","DE","14a1413b-89e4-494c-a1e9-e398b01c8d4d","Mozilla/5.0 (iPhone; CPU iPhone OS 12_4_1 like Mac OS X) AppleWebKit/605.1.15 (KHTML, like Gecko) Version/12.1.2 Mobile/15E148 Safari/604.1",,,,"cba93630-ea2c-4260-a756-04ac5c07c283","1571443200000","iPhone","panoplay.duckdns.org",,,"0","4329",,,"Festival of Lights - Demo","1571500800000","db080f57-416b-4073-8efe-8832961873af","193.175.2.0","false","true","true","Verein zur Foerderung eines Deutschen Forschungsne","en-US","./livestream/master.m3u8","1571501520000","1569888000000",,"iOS","12","4","0","1",,"4329","0","videojs",,"0","html5","videojs-7.6.0",,"BE","667","375","0","WINDOW","0","pause","hls","1571501572000","30d97ce2-fade-4abf-98b4-7438472aa276","0",,"Horus Live","720","720","0","Horus Live","0","0","13172","12055",,,,,"web"
"v2.5.4","680","0",,"Mobile Safari","12","1","156",,"berlin","1571501575000","DE","14a1413b-89e4-494c-a1e9-e398b01c8d4d","Mozilla/5.0 (iPhone; CPU iPhone OS 12_4_1 like Mac OS X) AppleWebKit/605.1.15 (KHTML, like Gecko) Version/12.1.2 Mobile/15E148 Safari/604.1",,,,"cba93630-ea2c-4260-a756-04ac5c07c283","1571443200000","iPhone","panoplay.duckdns.org",,,"0","156",,,"Festival of Lights - Demo","1571500800000","db080f57-416b-4073-8efe-8832961873af","193.175.2.0","false","true","true","Verein zur Foerderung eines Deutschen Forschungsne","en-US","./livestream/master.m3u8","1571501520000","1569888000000",,"iOS","12","4","0","1",,"0","0","videojs",,"0","html5","videojs-7.6.0",,"BE","667","375","0","FULLSCREEN","0","rebuffering","hls","1571501575000","30d97ce2-fade-4abf-98b4-7438472aa276","0",,"Horus Live","720","720","0","Horus Live","0","0","16418","16262",,,,,"web"
"v2.5.4","680","0",,"Mobile Safari","12","1","0",,"berlin","1571501575000","DE","14a1413b-89e4-494c-a1e9-e398b01c8d4d","Mozilla/5.0 (iPhone; CPU iPhone OS 12_4_1 like Mac OS X) AppleWebKit/605.1.15 (KHTML, like Gecko) Version/12.1.2 Mobile/15E148 Safari/604.1",,,,"cba93630-ea2c-4260-a756-04ac5c07c283","1571443200000","iPhone","panoplay.duckdns.org",,,"0","3103",,,"Festival of Lights - Demo","1571500800000","db080f57-416b-4073-8efe-8832961873af","193.175.2.0","false","true","true","Verein zur Foerderung eines Deutschen Forschungsne","en-US","./livestream/master.m3u8","1571501520000","1569888000000",,"iOS","12","4","0","1",,"0","3103","videojs",,"0","html5","videojs-7.6.0",,"BE","667","375","0","FULLSCREEN","0","playing","hls","1571501575000","30d97ce2-fade-4abf-98b4-7438472aa276","0",,"Horus Live","720","720","0","Horus Live","0","0","16262","13172",,,,,"web"
"v2.5.4","680","0",,"Mobile Safari","12","1","0",,"berlin","1571501583000","DE","14a1413b-89e4-494c-a1e9-e398b01c8d4d","Mozilla/5.0 (iPhone; CPU iPhone OS 12_4_1 like Mac OS X) AppleWebKit/605.1.15 (KHTML, like Gecko) Version/12.1.2 Mobile/15E148 Safari/604.1",,,,"cba93630-ea2c-4260-a756-04ac5c07c283","1571443200000","iPhone","panoplay.duckdns.org",,,"0","7562",,,"Festival of Lights - Demo","1571500800000","db080f57-416b-4073-8efe-8832961873af","193.175.2.0","false","true","true","Verein zur Foerderung eines Deutschen Forschungsne","en-US","./livestream/master.m3u8","1571501580000","1569888000000",,"iOS","12","4","0","1",,"0","7562","videojs",,"0","html5","videojs-7.6.0",,"BE","667","375","0","FULLSCREEN","0","playing","hls","1571501583000","30d97ce2-fade-4abf-98b4-7438472aa276","0",,"Horus Live","720","720","0","Horus Live","0","0","23980","16418",,,,,"web"
"v2.5.4","680","0",,"Mobile Safari","12","1","218",,"berlin","1571501583000","DE","14a1413b-89e4-494c-a1e9-e398b01c8d4d","Mozilla/5.0 (iPhone; CPU iPhone OS 12_4_1 like Mac OS X) AppleWebKit/605.1.15 (KHTML, like Gecko) Version/12.1.2 Mobile/15E148 Safari/604.1",,,,"cba93630-ea2c-4260-a756-04ac5c07c283","1571443200000","iPhone","panoplay.duckdns.org",,,"0","218",,,"Festival of Lights - Demo","1571500800000","db080f57-416b-4073-8efe-8832961873af","193.175.2.0","false","true","true","Verein zur Foerderung eines Deutschen Forschungsne","en-US","./livestream/master.m3u8","1571501580000","1569888000000",,"iOS","12","4","0","1",,"0","0","videojs",,"0","html5","videojs-7.6.0",,"BE","667","375","0","FULLSCREEN","0","rebuffering","hls","1571501583000","30d97ce2-fade-4abf-98b4-7438472aa276","0",,"Horus Live","720","720","0","Horus Live","0","0","24198","23980",,,,,"web"
"v2.5.4","680","0",,"Mobile Safari","12","1","0",,"berlin","1571501584000","DE","14a1413b-89e4-494c-a1e9-e398b01c8d4d","Mozilla/5.0 (iPhone; CPU iPhone OS 12_4_1 like Mac OS X) AppleWebKit/605.1.15 (KHTML, like Gecko) Version/12.1.2 Mobile/15E148 Safari/604.1",,,,"cba93630-ea2c-4260-a756-04ac5c07c283","1571443200000","iPhone","panoplay.duckdns.org",,,"0","931",,,"Festival of Lights - Demo","1571500800000","db080f57-416b-4073-8efe-8832961873af","193.175.2.0","false","true","true","Verein zur Foerderung eines Deutschen Forschungsne","en-US","./livestream/master.m3u8","1571501580000","1569888000000",,"iOS","12","4","0","1",,"0","931","videojs",,"0","html5","videojs-7.6.0",,"BE","667","375","0","WINDOW","0","playing","hls","1571501584000","30d97ce2-fade-4abf-98b4-7438472aa276","0",,"Horus Live","720","720","0","Horus Live","0","0","25128","24198",,,,,"web"
"v2.5.4","680","0",,"Chrome Mobile","77","0","0",,"berlin","1571501585000","DE","b65c0aeb-b9b7-48ac-bf46-a61e1bfb5d70","Mozilla/5.0 (Linux; Android 9; Nokia 6.1) AppleWebKit/537.36 (KHTML, like Gecko) Chrome/77.0.3865.116 Mobile Safari/537.36",,,,"8c887b3d-1218-4a5e-947c-4be12012c463","1571443200000","Nokia 6","panoplay.duckdns.org",,,"0","258",,,"Festival of Lights - Demo","1571500800000","bcd72ed9-a8ad-4eb7-b86b-3a05c000ee4d","193.175.2.0","false","true","true","Verein zur Foerderung eines Deutschen Forschungsne","en-US","./livestream/master.m3u8","1571501580000","1569888000000",,"Android","9",,"0","1",,"258","0","videojs",,"0","html5","videojs-7.6.0",,"BE","732","412","0","WINDOW","0","pause","hls","1571501585000","426a0570-f483-4cc6-bf52-afe08c19cecd","1100000",,"Horus Live","720","720","0","Horus Live","0","0","190157","125044",,,,,"web"
"v2.5.4","680","0",,"Chrome Mobile","77","0","0",,"berlin","1571501585000","DE","b65c0aeb-b9b7-48ac-bf46-a61e1bfb5d70","Mozilla/5.0 (Linux; Android 9; Nokia 6.1) AppleWebKit/537.36 (KHTML, like Gecko) Chrome/77.0.3865.116 Mobile Safari/537.36",,,,"8c887b3d-1218-4a5e-947c-4be12012c463","1571443200000","Nokia 6","panoplay.duckdns.org",,,"0","25",,,"Festival of Lights - Demo","1571500800000","bcd72ed9-a8ad-4eb7-b86b-3a05c000ee4d","193.175.2.0","false","true","true","Verein zur Foerderung eines Deutschen Forschungsne","en-US","./livestream/master.m3u8","1571501580000","1569888000000",,"Android","9",,"0","1",,"0","25","videojs",,"0","html5","videojs-7.6.0",,"BE","732","412","0","WINDOW","0","playing","hls","1571501585000","426a0570-f483-4cc6-bf52-afe08c19cecd","1100000",,"Horus Live","720","720","0","Horus Live","0","0","190157","190157",,,,,"web"
"v2.5.4","680","0",,"Chrome Mobile","77","0","0",,"berlin","1571501585000","DE","b65c0aeb-b9b7-48ac-bf46-a61e1bfb5d70","Mozilla/5.0 (Linux; Android 9; Nokia 6.1) AppleWebKit/537.36 (KHTML, like Gecko) Chrome/77.0.3865.116 Mobile Safari/537.36",,,,"8c887b3d-1218-4a5e-947c-4be12012c463","1571443200000","Nokia 6","panoplay.duckdns.org",,,"0","34460",,,"Festival of Lights - Demo","1571500800000","bcd72ed9-a8ad-4eb7-b86b-3a05c000ee4d","193.175.2.0","false","true","true","Verein zur Foerderung eines Deutschen Forschungsne","en-US","./livestream/master.m3u8","1571501580000","1569888000000",,"Android","9",,"0","1",,"0","34460","videojs",,"0","html5","videojs-7.6.0",,"BE","732","412","0","WINDOW","0","playing","hls","1571501585000","426a0570-f483-4cc6-bf52-afe08c19cecd","1100000",,"Horus Live","720","720","0","Horus Live","0","0","125044","90591",,,,,"web"
"v2.5.4","680","0",,"Mobile Safari","12","1","0",,"berlin","1571501586000","DE","14a1413b-89e4-494c-a1e9-e398b01c8d4d","Mozilla/5.0 (iPhone; CPU iPhone OS 12_4_1 like Mac OS X) AppleWebKit/605.1.15 (KHTML, like Gecko) Version/12.1.2 Mobile/15E148 Safari/604.1",,,,"cba93630-ea2c-4260-a756-04ac5c07c283","1571443200000","iPhone","panoplay.duckdns.org",,,"0","2292",,,"Festival of Lights - Demo","1571500800000","db080f57-416b-4073-8efe-8832961873af","193.175.2.0","false","true","true","Verein zur Foerderung eines Deutschen Forschungsne","en-US","./livestream/master.m3u8","1571501580000","1569888000000",,"iOS","12","4","0","1",,"2292","0","videojs",,"0","html5","videojs-7.6.0",,"BE","667","375","0","WINDOW","0","pause","hls","1571501586000","30d97ce2-fade-4abf-98b4-7438472aa276","0",,"Horus Live","720","720","0","Horus Live","0","0","25186","25128",,,,,"web"
"v2.5.4","680","0",,"Mobile Safari","12","1","0",,"berlin","1571501588000","DE","14a1413b-89e4-494c-a1e9-e398b01c8d4d","Mozilla/5.0 (iPhone; CPU iPhone OS 12_4_1 like Mac OS X) AppleWebKit/605.1.15 (KHTML, like Gecko) Version/12.1.2 Mobile/15E148 Safari/604.1",,,,"cba93630-ea2c-4260-a756-04ac5c07c283","1571443200000","iPhone","panoplay.duckdns.org",,,"0","1575",,,"Festival of Lights - Demo","1571500800000","db080f57-416b-4073-8efe-8832961873af","193.175.2.0","false","true","false","Verein zur Foerderung eines Deutschen Forschungsne","en-US","./livestream/master.m3u8","1571501580000","1569888000000",,"iOS","12","4","0","1",,"0","1575","videojs",,"0","html5","videojs-7.6.0",,"BE","667","375","0","WINDOW","0","playing","hls","1571501588000","30d97ce2-fade-4abf-98b4-7438472aa276","0",,"Horus Live","720","720","0","Horus Live","0","0","26748","25186",,,,,"web"
"v2.5.4","680","0",,"Chrome Mobile","77","0","3683",,"berlin","1571501589000","DE","b65c0aeb-b9b7-48ac-bf46-a61e1bfb5d70","Mozilla/5.0 (Linux; Android 9; Nokia 6.1) AppleWebKit/537.36 (KHTML, like Gecko) Chrome/77.0.3865.116 Mobile Safari/537.36",,,,"8c887b3d-1218-4a5e-947c-4be12012c463","1571443200000","Nokia 6","panoplay.duckdns.org",,,"0","3683",,,"Festival of Lights - Demo","1571500800000","bcd72ed9-a8ad-4eb7-b86b-3a05c000ee4d","193.175.2.0","false","true","true","Verein zur Foerderung eines Deutschen Forschungsne","en-US","./livestream/master.m3u8","1571501580000","1569888000000",,"Android","9",,"0","1",,"0","0","videojs",,"0","html5","videojs-7.6.0",,"BE","732","412","0","WINDOW","0","rebuffering","hls","1571501589000","426a0570-f483-4cc6-bf52-afe08c19cecd","1100000",,"Horus Live","720","720","0","Horus Live","0","0","170270","190157",,,,,"web"
"v2.5.4","680","0",,"Chrome Mobile","77","0","0",,"berlin","1571501589000","DE","b65c0aeb-b9b7-48ac-bf46-a61e1bfb5d70","Mozilla/5.0 (Linux; Android 9; Nokia 6.1) AppleWebKit/537.36 (KHTML, like Gecko) Chrome/77.0.3865.116 Mobile Safari/537.36",,,,"8c887b3d-1218-4a5e-947c-4be12012c463","1571443200000","Nokia 6","panoplay.duckdns.org",,,"0","6",,,"Festival of Lights - Demo","1571500800000","bcd72ed9-a8ad-4eb7-b86b-3a05c000ee4d","193.175.2.0","false","true","true","Verein zur Foerderung eines Deutschen Forschungsne","en-US","./livestream/master.m3u8","1571501580000","1569888000000",,"Android","9",,"0","1",,"0","6","videojs",,"0","html5","videojs-7.6.0",,"BE","732","412","0","WINDOW","0","playing","hls","1571501589000","426a0570-f483-4cc6-bf52-afe08c19cecd","1100000",,"Horus Live","720","720","0","Horus Live","0","0","170270","170270",,,,,"web"
"v2.5.4","680","0",,"Chrome Mobile","77","0","0",,"berlin","1571501589000","DE","b65c0aeb-b9b7-48ac-bf46-a61e1bfb5d70","Mozilla/5.0 (Linux; Android 9; Nokia 6.1) AppleWebKit/537.36 (KHTML, like Gecko) Chrome/77.0.3865.116 Mobile Safari/537.36",,,,"8c887b3d-1218-4a5e-947c-4be12012c463","1571443200000","Nokia 6","panoplay.duckdns.org",,,"0","4",,,"Festival of Lights - Demo","1571500800000","bcd72ed9-a8ad-4eb7-b86b-3a05c000ee4d","193.175.2.0","false","true","true","Verein zur Foerderung eines Deutschen Forschungsne","en-US","./livestream/master.m3u8","1571501580000","1569888000000",,"Android","9",,"0","1",,"0","4","videojs",,"0","html5","videojs-7.6.0",,"BE","732","412","0","WINDOW","0","playing","hls","1571501589000","426a0570-f483-4cc6-bf52-afe08c19cecd","1100000",,"Horus Live","720","720","0","Horus Live","0","0","170270","170270",,,,,"web"
"v2.5.4","680","0",,"Chrome Mobile","77","0","0",,"berlin","1571501589000","DE","b65c0aeb-b9b7-48ac-bf46-a61e1bfb5d70","Mozilla/5.0 (Linux; Android 9; Nokia 6.1) AppleWebKit/537.36 (KHTML, like Gecko) Chrome/77.0.3865.116 Mobile Safari/537.36",,,,"8c887b3d-1218-4a5e-947c-4be12012c463","1571443200000","Nokia 6","panoplay.duckdns.org",,,"0","5",,,"Festival of Lights - Demo","1571500800000","bcd72ed9-a8ad-4eb7-b86b-3a05c000ee4d","193.175.2.0","false","true","true","Verein zur Foerderung eines Deutschen Forschungsne","en-US","./livestream/master.m3u8","1571501580000","1569888000000",,"Android","9",,"0","1",,"0","5","videojs",,"0","html5","videojs-7.6.0",,"BE","732","412","0","WINDOW","0","playing","hls","1571501589000","426a0570-f483-4cc6-bf52-afe08c19cecd","1100000",,"Horus Live","720","720","0","Horus Live","0","0","170270","170270",,,,,"web"
"v2.5.4","680","0",,"Chrome Mobile","77","0","0",,"berlin","1571501589000","DE","b65c0aeb-b9b7-48ac-bf46-a61e1bfb5d70","Mozilla/5.0 (Linux; Android 9; Nokia 6.1) AppleWebKit/537.36 (KHTML, like Gecko) Chrome/77.0.3865.116 Mobile Safari/537.36",,,,"8c887b3d-1218-4a5e-947c-4be12012c463","1571443200000","Nokia 6","panoplay.duckdns.org",,,"0","51",,,"Festival of Lights - Demo","1571500800000","bcd72ed9-a8ad-4eb7-b86b-3a05c000ee4d","193.175.2.0","false","true","true","Verein zur Foerderung eines Deutschen Forschungsne","en-US","./livestream/master.m3u8","1571501580000","1569888000000",,"Android","9",,"0","1",,"51","0","videojs",,"0","html5","videojs-7.6.0",,"BE","732","412","0","WINDOW","0","pause","hls","1571501589000","426a0570-f483-4cc6-bf52-afe08c19cecd","1100000",,"Horus Live","720","720","0","Horus Live","0","0","170270","170270",,,,,"web"
"v2.5.4","680","0",,"Chrome Mobile","77","0","23",,"berlin","1571501589000","DE","b65c0aeb-b9b7-48ac-bf46-a61e1bfb5d70","Mozilla/5.0 (Linux; Android 9; Nokia 6.1) AppleWebKit/537.36 (KHTML, like Gecko) Chrome/77.0.3865.116 Mobile Safari/537.36",,,,"8c887b3d-1218-4a5e-947c-4be12012c463","1571443200000","Nokia 6","panoplay.duckdns.org",,,"0","23",,,"Festival of Lights - Demo","1571500800000","bcd72ed9-a8ad-4eb7-b86b-3a05c000ee4d","193.175.2.0","false","true","true","Verein zur Foerderung eines Deutschen Forschungsne","en-US","./livestream/master.m3u8","1571501580000","1569888000000",,"Android","9",,"0","1",,"0","0","videojs",,"0","html5","videojs-7.6.0",,"BE","732","412","0","WINDOW","0","rebuffering","hls","1571501589000","426a0570-f483-4cc6-bf52-afe08c19cecd","1100000",,"Horus Live","720","720","0","Horus Live","0","0","170270","170270",,,,,"web"
"v2.5.4","680","0",,"Mobile Safari","12","1","0",,"berlin","1571501589000","DE","14a1413b-89e4-494c-a1e9-e398b01c8d4d","Mozilla/5.0 (iPhone; CPU iPhone OS 12_4_1 like Mac OS X) AppleWebKit/605.1.15 (KHTML, like Gecko) Version/12.1.2 Mobile/15E148 Safari/604.1",,,,"cba93630-ea2c-4260-a756-04ac5c07c283","1571443200000","iPhone","panoplay.duckdns.org",,,"0","869",,,"Festival of Lights - Demo","1571500800000","db080f57-416b-4073-8efe-8832961873af","193.175.2.0","false","true","false","Verein zur Foerderung eines Deutschen Forschungsne","en-US","./livestream/master.m3u8","1571501580000","1569888000000",,"iOS","12","4","0","1",,"869","0","videojs",,"0","html5","videojs-7.6.0",,"BE","667","375","0","WINDOW","0","pause","hls","1571501589000","30d97ce2-fade-4abf-98b4-7438472aa276","0",,"Horus Live","720","720","0","Horus Live","0","0","40059","25884",,,,,"web"
"v2.5.4","680","0",,"Mobile Safari","12","1","0",,"berlin","1571501589000","DE","14a1413b-89e4-494c-a1e9-e398b01c8d4d","Mozilla/5.0 (iPhone; CPU iPhone OS 12_4_1 like Mac OS X) AppleWebKit/605.1.15 (KHTML, like Gecko) Version/12.1.2 Mobile/15E148 Safari/604.1",,,,"cba93630-ea2c-4260-a756-04ac5c07c283","1571443200000","iPhone","panoplay.duckdns.org",,,"0","745",,,"Festival of Lights - Demo","1571500800000","db080f57-416b-4073-8efe-8832961873af","193.175.2.0","false","true","false","Verein zur Foerderung eines Deutschen Forschungsne","en-US","./livestream/master.m3u8","1571501580000","1569888000000",,"iOS","12","4","0","1",,"0","745","videojs",,"0","html5","videojs-7.6.0",,"BE","667","375","0","WINDOW","0","playing","hls","1571501589000","30d97ce2-fade-4abf-98b4-7438472aa276","0",,"Horus Live","720","720","0","Horus Live","0","0","25884","26748",,,,,"web"
"v2.5.4","680","0",,"Mobile Safari","12","1","0",,"berlin","1571501593000","DE","14a1413b-89e4-494c-a1e9-e398b01c8d4d","Mozilla/5.0 (iPhone; CPU iPhone OS 12_4_1 like Mac OS X) AppleWebKit/605.1.15 (KHTML, like Gecko) Version/12.1.2 Mobile/15E148 Safari/604.1",,,,"cba93630-ea2c-4260-a756-04ac5c07c283","1571443200000","iPhone","panoplay.duckdns.org",,,"0","3898",,,"Festival of Lights - Demo","1571500800000","db080f57-416b-4073-8efe-8832961873af","193.175.2.0","false","true","false","Verein zur Foerderung eines Deutschen Forschungsne","en-US","./livestream/master.m3u8","1571501580000","1569888000000",,"iOS","12","4","0","1",,"0","3898","videojs",,"0","html5","videojs-7.6.0",,"BE","667","375","0","FULLSCREEN","0","playing","hls","1571501593000","30d97ce2-fade-4abf-98b4-7438472aa276","0",,"Horus Live","720","720","0","Horus Live","0","0","43939","40059",,,,,"web"
"v2.5.4","680","0",,"Mobile Safari","12","1","111",,"berlin","1571501593000","DE","14a1413b-89e4-494c-a1e9-e398b01c8d4d","Mozilla/5.0 (iPhone; CPU iPhone OS 12_4_1 like Mac OS X) AppleWebKit/605.1.15 (KHTML, like Gecko) Version/12.1.2 Mobile/15E148 Safari/604.1",,,,"cba93630-ea2c-4260-a756-04ac5c07c283","1571443200000","iPhone","panoplay.duckdns.org",,,"0","111",,,"Festival of Lights - Demo","1571500800000","db080f57-416b-4073-8efe-8832961873af","193.175.2.0","false","true","false","Verein zur Foerderung eines Deutschen Forschungsne","en-US","./livestream/master.m3u8","1571501580000","1569888000000",,"iOS","12","4","0","1",,"0","0","videojs",,"0","html5","videojs-7.6.0",,"BE","667","375","0","FULLSCREEN","0","rebuffering","hls","1571501593000","30d97ce2-fade-4abf-98b4-7438472aa276","0",,"Horus Live","720","720","0","Horus Live","0","0","44051","43939",,,,,"web"
"v2.5.4","680","0",,"Mobile Safari","12","1","0",,"berlin","1571501595000","DE","14a1413b-89e4-494c-a1e9-e398b01c8d4d","Mozilla/5.0 (iPhone; CPU iPhone OS 12_4_1 like Mac OS X) AppleWebKit/605.1.15 (KHTML, like Gecko) Version/12.1.2 Mobile/15E148 Safari/604.1",,,,"cba93630-ea2c-4260-a756-04ac5c07c283","1571443200000","iPhone","panoplay.duckdns.org",,,"0","1364",,,"Festival of Lights - Demo","1571500800000","db080f57-416b-4073-8efe-8832961873af","193.175.2.0","false","true","false","Verein zur Foerderung eines Deutschen Forschungsne","en-US","./livestream/master.m3u8","1571501580000","1569888000000",,"iOS","12","4","0","1",,"0","1364","videojs",,"0","html5","videojs-7.6.0",,"BE","667","375","0","WINDOW","0","playing","hls","1571501595000","30d97ce2-fade-4abf-98b4-7438472aa276","0",,"Horus Live","720","720","0","Horus Live","0","0","45412","44051",,,,,"web"
"v2.5.4","680","0",,"Mobile Safari","12","1","0",,"berlin","1571501638000","DE","14a1413b-89e4-494c-a1e9-e398b01c8d4d","Mozilla/5.0 (iPhone; CPU iPhone OS 12_4_1 like Mac OS X) AppleWebKit/605.1.15 (KHTML, like Gecko) Version/12.1.2 Mobile/15E148 Safari/604.1",,,,"cba93630-ea2c-4260-a756-04ac5c07c283","1571443200000","iPhone","panoplay.duckdns.org",,,"0","43603",,,"Festival of Lights - Demo","1571500800000","db080f57-416b-4073-8efe-8832961873af","193.175.2.0","false","true","false","Verein zur Foerderung eines Deutschen Forschungsne","en-US","./livestream/master.m3u8","1571501580000","1569888000000",,"iOS","12","4","0","1",,"43603","0","videojs",,"0","html5","videojs-7.6.0",,"BE","667","375","0","WINDOW","0","pause","hls","1571501638000","30d97ce2-fade-4abf-98b4-7438472aa276","0",,"Horus Live","720","720","0","Horus Live","0","0","45451","45412",,,,,"web"
"v2.5.4","680","0",,"Mobile Safari","12","1","0",,"berlin","1571501643000","DE","14a1413b-89e4-494c-a1e9-e398b01c8d4d","Mozilla/5.0 (iPhone; CPU iPhone OS 12_4_1 like Mac OS X) AppleWebKit/605.1.15 (KHTML, like Gecko) Version/12.1.2 Mobile/15E148 Safari/604.1",,,,"cba93630-ea2c-4260-a756-04ac5c07c283","1571443200000","iPhone","panoplay.duckdns.org",,,"0","4748",,,"Festival of Lights - Demo","1571500800000","db080f57-416b-4073-8efe-8832961873af","193.175.2.0","false","true","false","Verein zur Foerderung eines Deutschen Forschungsne","en-US","./livestream/master.m3u8","1571501640000","1569888000000",,"iOS","12","4","0","1",,"0","4748","videojs",,"0","html5","videojs-7.6.0",,"BE","667","375","0","WINDOW","0","playing","hls","1571501643000","30d97ce2-fade-4abf-98b4-7438472aa276","0",,"Horus Live","720","720","0","Horus Live","0","0","50171","45451",,,,,"web"
"v2.5.4","680","0",,"Mobile Safari","12","1","4",,"berlin","1571501643000","DE","14a1413b-89e4-494c-a1e9-e398b01c8d4d","Mozilla/5.0 (iPhone; CPU iPhone OS 12_4_1 like Mac OS X) AppleWebKit/605.1.15 (KHTML, like Gecko) Version/12.1.2 Mobile/15E148 Safari/604.1",,,,"cba93630-ea2c-4260-a756-04ac5c07c283","1571443200000","iPhone","panoplay.duckdns.org",,,"0","4",,,"Festival of Lights - Demo","1571500800000","db080f57-416b-4073-8efe-8832961873af","193.175.2.0","false","true","false","Verein zur Foerderung eines Deutschen Forschungsne","en-US","./livestream/master.m3u8","1571501640000","1569888000000",,"iOS","12","4","0","1",,"0","0","videojs",,"0","html5","videojs-7.6.0",,"BE","667","375","0","WINDOW","0","rebuffering","hls","1571501643000","30d97ce2-fade-4abf-98b4-7438472aa276","0",,"Horus Live","720","720","0","Horus Live","0","0","50175","50171",,,,,"web"
"v2.5.4","680","0",,"Mobile Safari","12","1","124",,"berlin","1571501653000","DE","14a1413b-89e4-494c-a1e9-e398b01c8d4d","Mozilla/5.0 (iPhone; CPU iPhone OS 12_4_1 like Mac OS X) AppleWebKit/605.1.15 (KHTML, like Gecko) Version/12.1.2 Mobile/15E148 Safari/604.1",,,,"cba93630-ea2c-4260-a756-04ac5c07c283","1571443200000","iPhone","panoplay.duckdns.org",,,"0","124",,,"Festival of Lights - Demo","1571500800000","db080f57-416b-4073-8efe-8832961873af","193.175.2.0","false","true","false","Verein zur Foerderung eines Deutschen Forschungsne","en-US","./livestream/master.m3u8","1571501640000","1569888000000",,"iOS","12","4","0","1",,"0","0","videojs",,"0","html5","videojs-7.6.0",,"BE","667","375","0","WINDOW","0","rebuffering","hls","1571501653000","30d97ce2-fade-4abf-98b4-7438472aa276","0",,"Horus Live","720","720","0","Horus Live","0","0","60468","60344",,,,,"web"
"v2.5.4","680","0",,"Mobile Safari","12","1","0",,"berlin","1571501653000","DE","14a1413b-89e4-494c-a1e9-e398b01c8d4d","Mozilla/5.0 (iPhone; CPU iPhone OS 12_4_1 like Mac OS X) AppleWebKit/605.1.15 (KHTML, like Gecko) Version/12.1.2 Mobile/15E148 Safari/604.1",,,,"cba93630-ea2c-4260-a756-04ac5c07c283","1571443200000","iPhone","panoplay.duckdns.org",,,"0","10169",,,"Festival of Lights - Demo","1571500800000","db080f57-416b-4073-8efe-8832961873af","193.175.2.0","false","true","false","Verein zur Foerderung eines Deutschen Forschungsne","en-US","./livestream/master.m3u8","1571501640000","1569888000000",,"iOS","12","4","0","1",,"0","10169","videojs",,"0","html5","videojs-7.6.0",,"BE","667","375","0","WINDOW","0","playing","hls","1571501653000","30d97ce2-fade-4abf-98b4-7438472aa276","0",,"Horus Live","720","720","0","Horus Live","0","0","60344","50175",,,,,"web"
"v2.5.4","680","0",,"Mobile Safari","12","1","80",,"berlin","1571501663000","DE","14a1413b-89e4-494c-a1e9-e398b01c8d4d","Mozilla/5.0 (iPhone; CPU iPhone OS 12_4_1 like Mac OS X) AppleWebKit/605.1.15 (KHTML, like Gecko) Version/12.1.2 Mobile/15E148 Safari/604.1",,,,"cba93630-ea2c-4260-a756-04ac5c07c283","1571443200000","iPhone","panoplay.duckdns.org",,,"0","80",,,"Festival of Lights - Demo","1571500800000","db080f57-416b-4073-8efe-8832961873af","193.175.2.0","false","true","false","Verein zur Foerderung eines Deutschen Forschungsne","en-US","./livestream/master.m3u8","1571501640000","1569888000000",,"iOS","12","4","0","1",,"0","0","videojs",,"0","html5","videojs-7.6.0",,"BE","667","375","0","WINDOW","0","rebuffering","hls","1571501663000","30d97ce2-fade-4abf-98b4-7438472aa276","0",,"Horus Live","720","720","0","Horus Live","0","0","70251","70171",,,,,"web"
"v2.5.4","680","0",,"Mobile Safari","12","1","0",,"berlin","1571501663000","DE","14a1413b-89e4-494c-a1e9-e398b01c8d4d","Mozilla/5.0 (iPhone; CPU iPhone OS 12_4_1 like Mac OS X) AppleWebKit/605.1.15 (KHTML, like Gecko) Version/12.1.2 Mobile/15E148 Safari/604.1",,,,"cba93630-ea2c-4260-a756-04ac5c07c283","1571443200000","iPhone","panoplay.duckdns.org",,,"0","9703",,,"Festival of Lights - Demo","1571500800000","db080f57-416b-4073-8efe-8832961873af","193.175.2.0","false","true","false","Verein zur Foerderung eines Deutschen Forschungsne","en-US","./livestream/master.m3u8","1571501640000","1569888000000",,"iOS","12","4","0","1",,"0","9703","videojs",,"0","html5","videojs-7.6.0",,"BE","667","375","0","WINDOW","0","playing","hls","1571501663000","30d97ce2-fade-4abf-98b4-7438472aa276","0",,"Horus Live","720","720","0","Horus Live","0","0","70171","60468",,,,,"web"
"v2.5.4","680","0",,"Mobile Safari","12","1","0",,"berlin","1571501673000","DE","14a1413b-89e4-494c-a1e9-e398b01c8d4d","Mozilla/5.0 (iPhone; CPU iPhone OS 12_4_1 like Mac OS X) AppleWebKit/605.1.15 (KHTML, like Gecko) Version/12.1.2 Mobile/15E148 Safari/604.1",,,,"cba93630-ea2c-4260-a756-04ac5c07c283","1571443200000","iPhone","panoplay.duckdns.org",,,"0","10097",,,"Festival of Lights - Demo","1571500800000","db080f57-416b-4073-8efe-8832961873af","193.175.2.0","false","true","false","Verein zur Foerderung eines Deutschen Forschungsne","en-US","./livestream/master.m3u8","1571501640000","1569888000000",,"iOS","12","4","0","1",,"0","10097","videojs",,"0","html5","videojs-7.6.0",,"BE","667","375","0","WINDOW","0","playing","hls","1571501673000","30d97ce2-fade-4abf-98b4-7438472aa276","0",,"Horus Live","720","720","0","Horus Live","0","0","80348","70251",,,,,"web"
"v2.5.4","680","0",,"Mobile Safari","12","1","188",,"berlin","1571501673000","DE","14a1413b-89e4-494c-a1e9-e398b01c8d4d","Mozilla/5.0 (iPhone; CPU iPhone OS 12_4_1 like Mac OS X) AppleWebKit/605.1.15 (KHTML, like Gecko) Version/12.1.2 Mobile/15E148 Safari/604.1",,,,"cba93630-ea2c-4260-a756-04ac5c07c283","1571443200000","iPhone","panoplay.duckdns.org",,,"0","188",,,"Festival of Lights - Demo","1571500800000","db080f57-416b-4073-8efe-8832961873af","193.175.2.0","false","true","false","Verein zur Foerderung eines Deutschen Forschungsne","en-US","./livestream/master.m3u8","1571501640000","1569888000000",,"iOS","12","4","0","1",,"0","0","videojs",,"0","html5","videojs-7.6.0",,"BE","667","375","0","WINDOW","0","rebuffering","hls","1571501673000","30d97ce2-fade-4abf-98b4-7438472aa276","0",,"Horus Live","720","720","0","Horus Live","0","0","80536","80348",,,,,"web"
"v2.5.4","680","0",,"Mobile Safari","12","1","0",,"berlin","1571501675000","DE","14a1413b-89e4-494c-a1e9-e398b01c8d4d","Mozilla/5.0 (iPhone; CPU iPhone OS 12_4_1 like Mac OS X) AppleWebKit/605.1.15 (KHTML, like Gecko) Version/12.1.2 Mobile/15E148 Safari/604.1",,,,"cba93630-ea2c-4260-a756-04ac5c07c283","1571443200000","iPhone","panoplay.duckdns.org",,,"0","1941",,,"Festival of Lights - Demo","1571500800000","db080f57-416b-4073-8efe-8832961873af","193.175.2.0","false","true","false","Verein zur Foerderung eines Deutschen Forschungsne","en-US","./livestream/master.m3u8","1571501640000","1569888000000",,"iOS","12","4","0","1",,"0","1941","videojs",,"0","html5","videojs-7.6.0",,"BE","667","375","0","WINDOW","0","playing","hls","1571501675000","30d97ce2-fade-4abf-98b4-7438472aa276","0",,"Horus Live","720","720","0","Horus Live","0","0","82477","80536",,,,,"web"
"v2.5.4","680","0",,"Mobile Safari","12","1","0",,"berlin","1571501676000","DE","04270026-67b1-48ec-84de-ddbdfbb6d74f","Mozilla/5.0 (iPhone; CPU iPhone OS 12_4_1 like Mac OS X) AppleWebKit/605.1.15 (KHTML, like Gecko) Version/12.1.2 Mobile/15E148 Safari/604.1",,,,"cba93630-ea2c-4260-a756-04ac5c07c283","1571443200000","iPhone","panoplay.duckdns.org",,,"0","87",,,"Festival of Lights - Demo","1571500800000","e934b2db-9261-4b64-9920-213d5d84c6b1","193.175.2.0","false","false","true","Verein zur Foerderung eines Deutschen Forschungsne","en-US","./livestream/master.m3u8","1571501640000","1569888000000",,"iOS","12","4","600","1",,"0","0","videojs",,"87","html5","videojs-7.6.0",,"BE","667","375","0","WINDOW","0","setup","hls","1571501676000","30d97ce2-fade-4abf-98b4-7438472aa276","0","0","Horus Live","0","0","0","Horus Live","0","0","0","0",,,,,"web"
"v2.5.4","680","0",,"Mobile Safari","12","1","0",,"berlin","1571501682000","DE","04270026-67b1-48ec-84de-ddbdfbb6d74f","Mozilla/5.0 (iPhone; CPU iPhone OS 12_4_1 like Mac OS X) AppleWebKit/605.1.15 (KHTML, like Gecko) Version/12.1.2 Mobile/15E148 Safari/604.1",,,,"cba93630-ea2c-4260-a756-04ac5c07c283","1571443200000","iPhone","panoplay.duckdns.org",,,"0","5774",,,"Festival of Lights - Demo","1571500800000","e934b2db-9261-4b64-9920-213d5d84c6b1","193.175.2.0","false","true","true","Verein zur Foerderung eines Deutschen Forschungsne","en-US","./livestream/master.m3u8","1571501640000","1569888000000",,"iOS","12","4","0","1",,"0","5774","videojs",,"0","html5","videojs-7.6.0",,"BE","667","375","0","WINDOW","0","playing","hls","1571501682000","30d97ce2-fade-4abf-98b4-7438472aa276","0",,"Horus Live","720","720","79","Horus Live","0","0","26060","20286",,,,,"web"
"v2.5.4","680","0",,"Mobile Safari","12","1","177",,"berlin","1571501683000","DE","04270026-67b1-48ec-84de-ddbdfbb6d74f","Mozilla/5.0 (iPhone; CPU iPhone OS 12_4_1 like Mac OS X) AppleWebKit/605.1.15 (KHTML, like Gecko) Version/12.1.2 Mobile/15E148 Safari/604.1",,,,"cba93630-ea2c-4260-a756-04ac5c07c283","1571443200000","iPhone","panoplay.duckdns.org",,,"0","177",,,"Festival of Lights - Demo","1571500800000","e934b2db-9261-4b64-9920-213d5d84c6b1","193.175.2.0","false","true","true","Verein zur Foerderung eines Deutschen Forschungsne","en-US","./livestream/master.m3u8","1571501640000","1569888000000",,"iOS","12","4","0","1",,"0","0","videojs",,"0","html5","videojs-7.6.0",,"BE","667","375","0","WINDOW","0","rebuffering","hls","1571501683000","30d97ce2-fade-4abf-98b4-7438472aa276","0",,"Horus Live","720","720","0","Horus Live","0","0","26237","26060",,,,,"web"
"v2.5.4","680","0",,"Mobile Safari","12","1","0",,"berlin","1571501690000","DE","04270026-67b1-48ec-84de-ddbdfbb6d74f","Mozilla/5.0 (iPhone; CPU iPhone OS 12_4_1 like Mac OS X) AppleWebKit/605.1.15 (KHTML, like Gecko) Version/12.1.2 Mobile/15E148 Safari/604.1",,,,"cba93630-ea2c-4260-a756-04ac5c07c283","1571443200000","iPhone","panoplay.duckdns.org",,,"0","7629",,,"Festival of Lights - Demo","1571500800000","e934b2db-9261-4b64-9920-213d5d84c6b1","193.175.2.0","false","true","true","Verein zur Foerderung eines Deutschen Forschungsne","en-US","./livestream/master.m3u8","1571501640000","1569888000000",,"iOS","12","4","0","1",,"0","7629","videojs",,"0","html5","videojs-7.6.0",,"BE","667","375","0","WINDOW","0","playing","hls","1571501690000","30d97ce2-fade-4abf-98b4-7438472aa276","0",,"Horus Live","720","720","0","Horus Live","0","0","33866","26237",,,,,"web"
"v2.5.4","680","0",,"Mobile Safari","12","1","88",,"berlin","1571501690000","DE","04270026-67b1-48ec-84de-ddbdfbb6d74f","Mozilla/5.0 (iPhone; CPU iPhone OS 12_4_1 like Mac OS X) AppleWebKit/605.1.15 (KHTML, like Gecko) Version/12.1.2 Mobile/15E148 Safari/604.1",,,,"cba93630-ea2c-4260-a756-04ac5c07c283","1571443200000","iPhone","panoplay.duckdns.org",,,"0","88",,,"Festival of Lights - Demo","1571500800000","e934b2db-9261-4b64-9920-213d5d84c6b1","193.175.2.0","false","true","true","Verein zur Foerderung eines Deutschen Forschungsne","en-US","./livestream/master.m3u8","1571501640000","1569888000000",,"iOS","12","4","0","1",,"0","0","videojs",,"0","html5","videojs-7.6.0",,"BE","667","375","0","WINDOW","0","rebuffering","hls","1571501690000","30d97ce2-fade-4abf-98b4-7438472aa276","0",,"Horus Live","720","720","0","Horus Live","0","0","33954","33866",,,,,"web"
"v2.5.4","680","0",,"Mobile Safari","12","1","0",,"berlin","1571501691000","DE","04270026-67b1-48ec-84de-ddbdfbb6d74f","Mozilla/5.0 (iPhone; CPU iPhone OS 12_4_1 like Mac OS X) AppleWebKit/605.1.15 (KHTML, like Gecko) Version/12.1.2 Mobile/15E148 Safari/604.1",,,,"cba93630-ea2c-4260-a756-04ac5c07c283","1571443200000","iPhone","panoplay.duckdns.org",,,"0","51",,,"Festival of Lights - Demo","1571500800000","e934b2db-9261-4b64-9920-213d5d84c6b1","193.175.2.0","false","true","true","Verein zur Foerderung eines Deutschen Forschungsne","en-US","./livestream/master.m3u8","1571501640000","1569888000000",,"iOS","12","4","0","1",,"0","51","videojs",,"0","html5","videojs-7.6.0",,"BE","667","375","0","WINDOW","0","playing","hls","1571501691000","30d97ce2-fade-4abf-98b4-7438472aa276","0",,"Horus Live","720","720","0","Horus Live","0","0","27643","27384",,,,,"web"
"v2.5.4","680","0",,"Mobile Safari","12","1","386",,"berlin","1571501691000","DE","04270026-67b1-48ec-84de-ddbdfbb6d74f","Mozilla/5.0 (iPhone; CPU iPhone OS 12_4_1 like Mac OS X) AppleWebKit/605.1.15 (KHTML, like Gecko) Version/12.1.2 Mobile/15E148 Safari/604.1",,,,"cba93630-ea2c-4260-a756-04ac5c07c283","1571443200000","iPhone","panoplay.duckdns.org",,,"0","386",,,"Festival of Lights - Demo","1571500800000","e934b2db-9261-4b64-9920-213d5d84c6b1","193.175.2.0","false","true","true","Verein zur Foerderung eines Deutschen Forschungsne","en-US","./livestream/master.m3u8","1571501640000","1569888000000",,"iOS","12","4","0","1",,"0","0","videojs",,"0","html5","videojs-7.6.0",,"BE","667","375","0","WINDOW","0","rebuffering","hls","1571501691000","30d97ce2-fade-4abf-98b4-7438472aa276","0",,"Horus Live","720","720","0","Horus Live","0","0","28063","27677",,,,,"web"
"v2.5.4","680","0",,"Mobile Safari","12","1","0",,"berlin","1571501691000","DE","04270026-67b1-48ec-84de-ddbdfbb6d74f","Mozilla/5.0 (iPhone; CPU iPhone OS 12_4_1 like Mac OS X) AppleWebKit/605.1.15 (KHTML, like Gecko) Version/12.1.2 Mobile/15E148 Safari/604.1",,,,"cba93630-ea2c-4260-a756-04ac5c07c283","1571443200000","iPhone","panoplay.duckdns.org",,,"0","204",,,"Festival of Lights - Demo","1571500800000","e934b2db-9261-4b64-9920-213d5d84c6b1","193.175.2.0","false","true","true","Verein zur Foerderung eines Deutschen Forschungsne","en-US","./livestream/master.m3u8","1571501640000","1569888000000",,"iOS","12","4","0","1",,"0","204","videojs",,"0","html5","videojs-7.6.0",,"BE","667","375","0","WINDOW","0","playing","hls","1571501691000","30d97ce2-fade-4abf-98b4-7438472aa276","0",,"Horus Live","720","720","0","Horus Live","0","0","27384","33954",,,,,"web"
"v2.5.4","680","0",,"Mobile Safari","12","1","0",,"berlin","1571501691000","DE","04270026-67b1-48ec-84de-ddbdfbb6d74f","Mozilla/5.0 (iPhone; CPU iPhone OS 12_4_1 like Mac OS X) AppleWebKit/605.1.15 (KHTML, like Gecko) Version/12.1.2 Mobile/15E148 Safari/604.1",,,,"cba93630-ea2c-4260-a756-04ac5c07c283","1571443200000","iPhone","panoplay.duckdns.org",,,"0","123",,,"Festival of Lights - Demo","1571500800000","e934b2db-9261-4b64-9920-213d5d84c6b1","193.175.2.0","false","true","true","Verein zur Foerderung eines Deutschen Forschungsne","en-US","./livestream/master.m3u8","1571501640000","1569888000000",,"iOS","12","4","0","1",,"123","0","videojs",,"0","html5","videojs-7.6.0",,"BE","667","375","0","WINDOW","0","pause","hls","1571501691000","30d97ce2-fade-4abf-98b4-7438472aa276","0",,"Horus Live","720","720","0","Horus Live","0","0","27384","27384",,,,,"web"
"v2.5.4","680","0",,"Mobile Safari","12","1","0",,"berlin","1571501691000","DE","04270026-67b1-48ec-84de-ddbdfbb6d74f","Mozilla/5.0 (iPhone; CPU iPhone OS 12_4_1 like Mac OS X) AppleWebKit/605.1.15 (KHTML, like Gecko) Version/12.1.2 Mobile/15E148 Safari/604.1",,,,"cba93630-ea2c-4260-a756-04ac5c07c283","1571443200000","iPhone","panoplay.duckdns.org",,,"0","96",,,"Festival of Lights - Demo","1571500800000","e934b2db-9261-4b64-9920-213d5d84c6b1","193.175.2.0","false","true","true","Verein zur Foerderung eines Deutschen Forschungsne","en-US","./livestream/master.m3u8","1571501640000","1569888000000",,"iOS","12","4","0","1",,"0","96","videojs",,"0","html5","videojs-7.6.0",,"BE","667","375","0","WINDOW","0","playing","hls","1571501691000","30d97ce2-fade-4abf-98b4-7438472aa276","0",,"Horus Live","720","720","0","Horus Live","0","0","27677","27643",,,,,"web"
"v2.5.4","680","0",,"Mobile Safari","12","1","0",,"berlin","1571501691000","DE","04270026-67b1-48ec-84de-ddbdfbb6d74f","Mozilla/5.0 (iPhone; CPU iPhone OS 12_4_1 like Mac OS X) AppleWebKit/605.1.15 (KHTML, like Gecko) Version/12.1.2 Mobile/15E148 Safari/604.1",,,,"cba93630-ea2c-4260-a756-04ac5c07c283","1571443200000","iPhone","panoplay.duckdns.org",,,"0","6",,,"Festival of Lights - Demo","1571500800000","e934b2db-9261-4b64-9920-213d5d84c6b1","193.175.2.0","false","true","true","Verein zur Foerderung eines Deutschen Forschungsne","en-US","./livestream/master.m3u8","1571501640000","1569888000000",,"iOS","12","4","0","1",,"6","0","videojs",,"0","html5","videojs-7.6.0",,"BE","667","375","0","WINDOW","0","pause","hls","1571501691000","30d97ce2-fade-4abf-98b4-7438472aa276","0",,"Horus Live","720","720","0","Horus Live","0","0","27643","27643",,,,,"web"
"v2.5.4","680","0",,"Mobile Safari","12","1","100",,"berlin","1571501701000","DE","04270026-67b1-48ec-84de-ddbdfbb6d74f","Mozilla/5.0 (iPhone; CPU iPhone OS 12_4_1 like Mac OS X) AppleWebKit/605.1.15 (KHTML, like Gecko) Version/12.1.2 Mobile/15E148 Safari/604.1",,,,"cba93630-ea2c-4260-a756-04ac5c07c283","1571443200000","iPhone","panoplay.duckdns.org",,,"0","100",,,"Festival of Lights - Demo","1571500800000","e934b2db-9261-4b64-9920-213d5d84c6b1","193.175.2.0","false","true","true","Verein zur Foerderung eines Deutschen Forschungsne","en-US","./livestream/master.m3u8","1571501700000","1569888000000",,"iOS","12","4","0","1",,"0","0","videojs",,"0","html5","videojs-7.6.0",,"BE","667","375","0","WINDOW","0","rebuffering","hls","1571501701000","30d97ce2-fade-4abf-98b4-7438472aa276","0",,"Horus Live","720","720","0","Horus Live","0","0","37483","37383",,,,,"web"
"v2.5.4","680","0",,"Mobile Safari","12","1","0",,"berlin","1571501701000","DE","04270026-67b1-48ec-84de-ddbdfbb6d74f","Mozilla/5.0 (iPhone; CPU iPhone OS 12_4_1 like Mac OS X) AppleWebKit/605.1.15 (KHTML, like Gecko) Version/12.1.2 Mobile/15E148 Safari/604.1",,,,"cba93630-ea2c-4260-a756-04ac5c07c283","1571443200000","iPhone","panoplay.duckdns.org",,,"0","9320",,,"Festival of Lights - Demo","1571500800000","e934b2db-9261-4b64-9920-213d5d84c6b1","193.175.2.0","false","true","true","Verein zur Foerderung eines Deutschen Forschungsne","en-US","./livestream/master.m3u8","1571501700000","1569888000000",,"iOS","12","4","0","1",,"0","9320","videojs",,"0","html5","videojs-7.6.0",,"BE","667","375","0","WINDOW","0","playing","hls","1571501701000","30d97ce2-fade-4abf-98b4-7438472aa276","0",,"Horus Live","720","720","0","Horus Live","0","0","37383","28063",,,,,"web"
"v2.5.4","680","0",,"Mobile Safari","12","1","0",,"berlin","1571501710000","DE","04270026-67b1-48ec-84de-ddbdfbb6d74f","Mozilla/5.0 (iPhone; CPU iPhone OS 12_4_1 like Mac OS X) AppleWebKit/605.1.15 (KHTML, like Gecko) Version/12.1.2 Mobile/15E148 Safari/604.1",,,,"cba93630-ea2c-4260-a756-04ac5c07c283","1571443200000","iPhone","panoplay.duckdns.org",,,"0","9505",,,"Festival of Lights - Demo","1571500800000","e934b2db-9261-4b64-9920-213d5d84c6b1","193.175.2.0","false","true","true","Verein zur Foerderung eines Deutschen Forschungsne","en-US","./livestream/master.m3u8","1571501700000","1569888000000",,"iOS","12","4","0","1",,"0","9505","videojs",,"0","html5","videojs-7.6.0",,"BE","667","375","0","WINDOW","0","playing","hls","1571501710000","30d97ce2-fade-4abf-98b4-7438472aa276","0",,"Horus Live","720","720","0","Horus Live","0","0","46989","37483",,,,,"web"
"v2.5.4","680","0",,"Mobile Safari","12","1","221",,"berlin","1571501710000","DE","04270026-67b1-48ec-84de-ddbdfbb6d74f","Mozilla/5.0 (iPhone; CPU iPhone OS 12_4_1 like Mac OS X) AppleWebKit/605.1.15 (KHTML, like Gecko) Version/12.1.2 Mobile/15E148 Safari/604.1",,,,"cba93630-ea2c-4260-a756-04ac5c07c283","1571443200000","iPhone","panoplay.duckdns.org",,,"0","221",,,"Festival of Lights - Demo","1571500800000","e934b2db-9261-4b64-9920-213d5d84c6b1","193.175.2.0","false","true","true","Verein zur Foerderung eines Deutschen Forschungsne","en-US","./livestream/master.m3u8","1571501700000","1569888000000",,"iOS","12","4","0","1",,"0","0","videojs",,"0","html5","videojs-7.6.0",,"BE","667","375","0","WINDOW","0","rebuffering","hls","1571501710000","30d97ce2-fade-4abf-98b4-7438472aa276","0",,"Horus Live","720","720","0","Horus Live","0","0","47209","46989",,,,,"web"
"v2.5.4","680","0",,"Mobile Safari","12","1","0",,"berlin","1571501720000","DE","04270026-67b1-48ec-84de-ddbdfbb6d74f","Mozilla/5.0 (iPhone; CPU iPhone OS 12_4_1 like Mac OS X) AppleWebKit/605.1.15 (KHTML, like Gecko) Version/12.1.2 Mobile/15E148 Safari/604.1",,,,"cba93630-ea2c-4260-a756-04ac5c07c283","1571443200000","iPhone","panoplay.duckdns.org",,,"0","10044",,,"Festival of Lights - Demo","1571500800000","e934b2db-9261-4b64-9920-213d5d84c6b1","193.175.2.0","false","true","true","Verein zur Foerderung eines Deutschen Forschungsne","en-US","./livestream/master.m3u8","1571501700000","1569888000000",,"iOS","12","4","0","1",,"0","10044","videojs",,"0","html5","videojs-7.6.0",,"BE","667","375","0","WINDOW","0","playing","hls","1571501720000","30d97ce2-fade-4abf-98b4-7438472aa276","0",,"Horus Live","720","720","0","Horus Live","0","0","57253","47209",,,,,"web"
"v2.5.4","680","0",,"Mobile Safari","12","1","105",,"berlin","1571501721000","DE","04270026-67b1-48ec-84de-ddbdfbb6d74f","Mozilla/5.0 (iPhone; CPU iPhone OS 12_4_1 like Mac OS X) AppleWebKit/605.1.15 (KHTML, like Gecko) Version/12.1.2 Mobile/15E148 Safari/604.1",,,,"cba93630-ea2c-4260-a756-04ac5c07c283","1571443200000","iPhone","panoplay.duckdns.org",,,"0","105",,,"Festival of Lights - Demo","1571500800000","e934b2db-9261-4b64-9920-213d5d84c6b1","193.175.2.0","false","true","true","Verein zur Foerderung eines Deutschen Forschungsne","en-US","./livestream/master.m3u8","1571501700000","1569888000000",,"iOS","12","4","0","1",,"0","0","videojs",,"0","html5","videojs-7.6.0",,"BE","667","375","0","WINDOW","0","rebuffering","hls","1571501721000","30d97ce2-fade-4abf-98b4-7438472aa276","0",,"Horus Live","720","720","0","Horus Live","0","0","57358","57253",,,,,"web"
"v2.5.4","680","0",,"Mobile Safari","12","1","102",,"berlin","1571501730000","DE","04270026-67b1-48ec-84de-ddbdfbb6d74f","Mozilla/5.0 (iPhone; CPU iPhone OS 12_4_1 like Mac OS X) AppleWebKit/605.1.15 (KHTML, like Gecko) Version/12.1.2 Mobile/15E148 Safari/604.1",,,,"cba93630-ea2c-4260-a756-04ac5c07c283","1571443200000","iPhone","panoplay.duckdns.org",,,"0","102",,,"Festival of Lights - Demo","1571500800000","e934b2db-9261-4b64-9920-213d5d84c6b1","193.175.2.0","false","true","true","Verein zur Foerderung eines Deutschen Forschungsne","en-US","./livestream/master.m3u8","1571501700000","1569888000000",,"iOS","12","4","0","1",,"0","0","videojs",,"0","html5","videojs-7.6.0",,"BE","667","375","0","WINDOW","0","rebuffering","hls","1571501730000","30d97ce2-fade-4abf-98b4-7438472aa276","0",,"Horus Live","720","720","0","Horus Live","0","0","67327","67225",,,,,"web"
"v2.5.4","680","0",,"Mobile Safari","12","1","0",,"berlin","1571501730000","DE","04270026-67b1-48ec-84de-ddbdfbb6d74f","Mozilla/5.0 (iPhone; CPU iPhone OS 12_4_1 like Mac OS X) AppleWebKit/605.1.15 (KHTML, like Gecko) Version/12.1.2 Mobile/15E148 Safari/604.1",,,,"cba93630-ea2c-4260-a756-04ac5c07c283","1571443200000","iPhone","panoplay.duckdns.org",,,"0","9867",,,"Festival of Lights - Demo","1571500800000","e934b2db-9261-4b64-9920-213d5d84c6b1","193.175.2.0","false","true","true","Verein zur Foerderung eines Deutschen Forschungsne","en-US","./livestream/master.m3u8","1571501700000","1569888000000",,"iOS","12","4","0","1",,"0","9867","videojs",,"0","html5","videojs-7.6.0",,"BE","667","375","0","WINDOW","0","playing","hls","1571501730000","30d97ce2-fade-4abf-98b4-7438472aa276","0",,"Horus Live","720","720","0","Horus Live","0","0","67225","57358",,,,,"web"
"v2.5.4","680","0",,"Mobile Safari","12","1","75",,"berlin","1571501740000","DE","04270026-67b1-48ec-84de-ddbdfbb6d74f","Mozilla/5.0 (iPhone; CPU iPhone OS 12_4_1 like Mac OS X) AppleWebKit/605.1.15 (KHTML, like Gecko) Version/12.1.2 Mobile/15E148 Safari/604.1",,,,"cba93630-ea2c-4260-a756-04ac5c07c283","1571443200000","iPhone","panoplay.duckdns.org",,,"0","75",,,"Festival of Lights - Demo","1571500800000","e934b2db-9261-4b64-9920-213d5d84c6b1","193.175.2.0","false","true","true","Verein zur Foerderung eines Deutschen Forschungsne","en-US","./livestream/master.m3u8","1571501700000","1569888000000",,"iOS","12","4","0","1",,"0","0","videojs",,"0","html5","videojs-7.6.0",,"BE","667","375","0","WINDOW","0","rebuffering","hls","1571501740000","30d97ce2-fade-4abf-98b4-7438472aa276","0",,"Horus Live","720","720","0","Horus Live","0","0","77243","77168",,,,,"web"
"v2.5.4","680","0",,"Mobile Safari","12","1","0",,"berlin","1571501740000","DE","04270026-67b1-48ec-84de-ddbdfbb6d74f","Mozilla/5.0 (iPhone; CPU iPhone OS 12_4_1 like Mac OS X) AppleWebKit/605.1.15 (KHTML, like Gecko) Version/12.1.2 Mobile/15E148 Safari/604.1",,,,"cba93630-ea2c-4260-a756-04ac5c07c283","1571443200000","iPhone","panoplay.duckdns.org",,,"0","9841",,,"Festival of Lights - Demo","1571500800000","e934b2db-9261-4b64-9920-213d5d84c6b1","193.175.2.0","false","true","true","Verein zur Foerderung eines Deutschen Forschungsne","en-US","./livestream/master.m3u8","1571501700000","1569888000000",,"iOS","12","4","0","1",,"0","9841","videojs",,"0","html5","videojs-7.6.0",,"BE","667","375","0","WINDOW","0","playing","hls","1571501740000","30d97ce2-fade-4abf-98b4-7438472aa276","0",,"Horus Live","720","720","0","Horus Live","0","0","77168","67327",,,,,"web"
"v2.5.4","680","0",,"Mobile Safari","12","1","0",,"berlin","1571501751000","DE","04270026-67b1-48ec-84de-ddbdfbb6d74f","Mozilla/5.0 (iPhone; CPU iPhone OS 12_4_1 like Mac OS X) AppleWebKit/605.1.15 (KHTML, like Gecko) Version/12.1.2 Mobile/15E148 Safari/604.1",,,,"cba93630-ea2c-4260-a756-04ac5c07c283","1571443200000","iPhone","panoplay.duckdns.org",,,"0","10534",,,"Festival of Lights - Demo","1571500800000","e934b2db-9261-4b64-9920-213d5d84c6b1","193.175.2.0","false","true","true","Verein zur Foerderung eines Deutschen Forschungsne","en-US","./livestream/master.m3u8","1571501700000","1569888000000",,"iOS","12","4","0","1",,"0","10534","videojs",,"0","html5","videojs-7.6.0",,"BE","667","375","0","WINDOW","0","playing","hls","1571501751000","30d97ce2-fade-4abf-98b4-7438472aa276","0",,"Horus Live","720","720","0","Horus Live","0","0","87778","77243",,,,,"web"
"v2.5.4","680","0",,"Mobile Safari","12","1","94",,"berlin","1571501751000","DE","04270026-67b1-48ec-84de-ddbdfbb6d74f","Mozilla/5.0 (iPhone; CPU iPhone OS 12_4_1 like Mac OS X) AppleWebKit/605.1.15 (KHTML, like Gecko) Version/12.1.2 Mobile/15E148 Safari/604.1",,,,"cba93630-ea2c-4260-a756-04ac5c07c283","1571443200000","iPhone","panoplay.duckdns.org",,,"0","94",,,"Festival of Lights - Demo","1571500800000","e934b2db-9261-4b64-9920-213d5d84c6b1","193.175.2.0","false","true","true","Verein zur Foerderung eines Deutschen Forschungsne","en-US","./livestream/master.m3u8","1571501700000","1569888000000",,"iOS","12","4","0","1",,"0","0","videojs",,"0","html5","videojs-7.6.0",,"BE","667","375","0","WINDOW","0","rebuffering","hls","1571501751000","30d97ce2-fade-4abf-98b4-7438472aa276","0",,"Horus Live","720","720","0","Horus Live","0","0","87872","87778",,,,,"web"
"v2.5.4","680","0",,"Mobile Safari","12","1","0",,"berlin","1571501761000","DE","04270026-67b1-48ec-84de-ddbdfbb6d74f","Mozilla/5.0 (iPhone; CPU iPhone OS 12_4_1 like Mac OS X) AppleWebKit/605.1.15 (KHTML, like Gecko) Version/12.1.2 Mobile/15E148 Safari/604.1",,,,"cba93630-ea2c-4260-a756-04ac5c07c283","1571443200000","iPhone","panoplay.duckdns.org",,,"0","9880",,,"Festival of Lights - Demo","1571500800000","e934b2db-9261-4b64-9920-213d5d84c6b1","193.175.2.0","false","true","true","Verein zur Foerderung eines Deutschen Forschungsne","en-US","./livestream/master.m3u8","1571501760000","1569888000000",,"iOS","12","4","0","1",,"0","9880","videojs",,"0","html5","videojs-7.6.0",,"BE","667","375","0","WINDOW","0","playing","hls","1571501761000","30d97ce2-fade-4abf-98b4-7438472aa276","0",,"Horus Live","720","720","0","Horus Live","0","0","97752","87872",,,,,"web"
"v2.5.4","680","0",,"Mobile Safari","12","1","107",,"berlin","1571501761000","DE","04270026-67b1-48ec-84de-ddbdfbb6d74f","Mozilla/5.0 (iPhone; CPU iPhone OS 12_4_1 like Mac OS X) AppleWebKit/605.1.15 (KHTML, like Gecko) Version/12.1.2 Mobile/15E148 Safari/604.1",,,,"cba93630-ea2c-4260-a756-04ac5c07c283","1571443200000","iPhone","panoplay.duckdns.org",,,"0","107",,,"Festival of Lights - Demo","1571500800000","e934b2db-9261-4b64-9920-213d5d84c6b1","193.175.2.0","false","true","true","Verein zur Foerderung eines Deutschen Forschungsne","en-US","./livestream/master.m3u8","1571501760000","1569888000000",,"iOS","12","4","0","1",,"0","0","videojs",,"0","html5","videojs-7.6.0",,"BE","667","375","0","WINDOW","0","rebuffering","hls","1571501761000","30d97ce2-fade-4abf-98b4-7438472aa276","0",,"Horus Live","720","720","0","Horus Live","0","0","97858","97752",,,,,"web"
"v2.5.4","680","0",,"Mobile Safari","12","1","0",,"berlin","1571501770000","DE","04270026-67b1-48ec-84de-ddbdfbb6d74f","Mozilla/5.0 (iPhone; CPU iPhone OS 12_4_1 like Mac OS X) AppleWebKit/605.1.15 (KHTML, like Gecko) Version/12.1.2 Mobile/15E148 Safari/604.1",,,,"cba93630-ea2c-4260-a756-04ac5c07c283","1571443200000","iPhone","panoplay.duckdns.org",,,"0","9504",,,"Festival of Lights - Demo","1571500800000","e934b2db-9261-4b64-9920-213d5d84c6b1","193.175.2.0","false","true","true","Verein zur Foerderung eines Deutschen Forschungsne","en-US","./livestream/master.m3u8","1571501760000","1569888000000",,"iOS","12","4","0","1",,"0","9504","videojs",,"0","html5","videojs-7.6.0",,"BE","667","375","0","WINDOW","0","playing","hls","1571501770000","30d97ce2-fade-4abf-98b4-7438472aa276","0",,"Horus Live","720","720","0","Horus Live","0","0","107363","97858",,,,,"web"
"v2.5.4","680","0",,"Mobile Safari","12","1","213",,"berlin","1571501771000","DE","04270026-67b1-48ec-84de-ddbdfbb6d74f","Mozilla/5.0 (iPhone; CPU iPhone OS 12_4_1 like Mac OS X) AppleWebKit/605.1.15 (KHTML, like Gecko) Version/12.1.2 Mobile/15E148 Safari/604.1",,,,"cba93630-ea2c-4260-a756-04ac5c07c283","1571443200000","iPhone","panoplay.duckdns.org",,,"0","213",,,"Festival of Lights - Demo","1571500800000","e934b2db-9261-4b64-9920-213d5d84c6b1","193.175.2.0","false","true","true","Verein zur Foerderung eines Deutschen Forschungsne","en-US","./livestream/master.m3u8","1571501760000","1569888000000",,"iOS","12","4","0","1",,"0","0","videojs",,"0","html5","videojs-7.6.0",,"BE","667","375","0","WINDOW","0","rebuffering","hls","1571501771000","30d97ce2-fade-4abf-98b4-7438472aa276","0",,"Horus Live","720","720","0","Horus Live","0","0","107576","107363",,,,,"web"
"v2.5.4","680","0",,"Mobile Safari","12","1","0",,"berlin","1571501781000","DE","04270026-67b1-48ec-84de-ddbdfbb6d74f","Mozilla/5.0 (iPhone; CPU iPhone OS 12_4_1 like Mac OS X) AppleWebKit/605.1.15 (KHTML, like Gecko) Version/12.1.2 Mobile/15E148 Safari/604.1",,,,"cba93630-ea2c-4260-a756-04ac5c07c283","1571443200000","iPhone","panoplay.duckdns.org",,,"0","10044",,,"Festival of Lights - Demo","1571500800000","e934b2db-9261-4b64-9920-213d5d84c6b1","193.175.2.0","false","true","true","Verein zur Foerderung eines Deutschen Forschungsne","en-US","./livestream/master.m3u8","1571501760000","1569888000000",,"iOS","12","4","0","1",,"0","10044","videojs",,"0","html5","videojs-7.6.0",,"BE","667","375","0","WINDOW","0","playing","hls","1571501781000","30d97ce2-fade-4abf-98b4-7438472aa276","0",,"Horus Live","720","720","0","Horus Live","0","0","117620","107576",,,,,"web"
"v2.5.4","680","0",,"Mobile Safari","12","1","106",,"berlin","1571501781000","DE","04270026-67b1-48ec-84de-ddbdfbb6d74f","Mozilla/5.0 (iPhone; CPU iPhone OS 12_4_1 like Mac OS X) AppleWebKit/605.1.15 (KHTML, like Gecko) Version/12.1.2 Mobile/15E148 Safari/604.1",,,,"cba93630-ea2c-4260-a756-04ac5c07c283","1571443200000","iPhone","panoplay.duckdns.org",,,"0","106",,,"Festival of Lights - Demo","1571500800000","e934b2db-9261-4b64-9920-213d5d84c6b1","193.175.2.0","false","true","true","Verein zur Foerderung eines Deutschen Forschungsne","en-US","./livestream/master.m3u8","1571501760000","1569888000000",,"iOS","12","4","0","1",,"0","0","videojs",,"0","html5","videojs-7.6.0",,"BE","667","375","0","WINDOW","0","rebuffering","hls","1571501781000","30d97ce2-fade-4abf-98b4-7438472aa276","0",,"Horus Live","720","720","0","Horus Live","0","0","117726","117620",,,,,"web"
"v2.5.4","680","0",,"Chrome Mobile","77","0","0",,"berlin","1571501782000","DE","b65c0aeb-b9b7-48ac-bf46-a61e1bfb5d70","Mozilla/5.0 (Linux; Android 9; Nokia 6.1) AppleWebKit/537.36 (KHTML, like Gecko) Chrome/77.0.3865.116 Mobile Safari/537.36",,,,"8c887b3d-1218-4a5e-947c-4be12012c463","1571443200000","Nokia 6","panoplay.duckdns.org",,,"0","192530",,,"Festival of Lights - Demo","1571500800000","bcd72ed9-a8ad-4eb7-b86b-3a05c000ee4d","193.175.2.0","false","true","true","Verein zur Foerderung eines Deutschen Forschungsne","en-US","./livestream/master.m3u8","1571501760000","1569888000000",,"Android","9",,"0","1",,"192530","0","videojs",,"0","html5","videojs-7.6.0",,"BE","732","412","0","WINDOW","0","pause","hls","1571501782000","426a0570-f483-4cc6-bf52-afe08c19cecd","1100000",,"Horus Live","720","720","0","Horus Live","0","0","170270","170270",,,,,"web"
"v2.5.4","680","0",,"Chrome Mobile","77","0","0",,"berlin","1571501783000","DE","e3c557af-bd90-4dd9-ba5c-78b63e9dd7c4","Mozilla/5.0 (Linux; Android 9; Nokia 6.1) AppleWebKit/537.36 (KHTML, like Gecko) Chrome/77.0.3865.116 Mobile Safari/537.36",,,,"8c887b3d-1218-4a5e-947c-4be12012c463","1571443200000","Nokia 6","panoplay.duckdns.org",,,"0","177",,,"Festival of Lights - Demo","1571500800000","ae0c255a-b9eb-414b-a240-a99948c17de6","193.175.2.0","false","false","true","Verein zur Foerderung eines Deutschen Forschungsne","en-US","./livestream/master.m3u8","1571501760000","1569888000000",,"Android","9",,"1146","1",,"0","0","videojs",,"177","html5","videojs-7.6.0",,"BE","732","412","0","WINDOW","0","setup","hls","1571501783000","426a0570-f483-4cc6-bf52-afe08c19cecd","0","0","Horus Live","0","0","0","Horus Live","0","0","0","0",,,,,"web"
"v2.5.4","680","0","true","Chrome Mobile","77","0","0",,"berlin","1571501786000","DE","e3c557af-bd90-4dd9-ba5c-78b63e9dd7c4","Mozilla/5.0 (Linux; Android 9; Nokia 6.1) AppleWebKit/537.36 (KHTML, like Gecko) Chrome/77.0.3865.116 Mobile Safari/537.36",,,,"8c887b3d-1218-4a5e-947c-4be12012c463","1571443200000","Nokia 6","panoplay.duckdns.org",,,"0","3111",,,"Festival of Lights - Demo","1571500800000","ae0c255a-b9eb-414b-a240-a99948c17de6","193.175.2.0","false","true","true","Verein zur Foerderung eines Deutschen Forschungsne","en-US","./livestream/master.m3u8","1571501760000","1569888000000",,"Android","9",,"0","1",,"0","0","videojs",,"0","html5","videojs-7.6.0",,"BE","732","412","0","WINDOW","3288","startup","hls","1571501786000","426a0570-f483-4cc6-bf52-afe08c19cecd","0",,"Horus Live","720","720","3111","Horus Live","0","0","20023","0",,,,,"web"
"v2.5.4","680","0",,"Chrome Mobile","77","0","0",,"berlin","1571501786000","DE","e3c557af-bd90-4dd9-ba5c-78b63e9dd7c4","Mozilla/5.0 (Linux; Android 9; Nokia 6.1) AppleWebKit/537.36 (KHTML, like Gecko) Chrome/77.0.3865.116 Mobile Safari/537.36",,,,"8c887b3d-1218-4a5e-947c-4be12012c463","1571443200000","Nokia 6","panoplay.duckdns.org",,,"0","6",,,"Festival of Lights - Demo","1571500800000","ae0c255a-b9eb-414b-a240-a99948c17de6","193.175.2.0","false","true","true","Verein zur Foerderung eines Deutschen Forschungsne","en-US","./livestream/master.m3u8","1571501760000","1569888000000",,"Android","9",,"0","1",,"0","6","videojs",,"0","html5","videojs-7.6.0",,"BE","732","412","0","WINDOW","0","playing","hls","1571501786000","426a0570-f483-4cc6-bf52-afe08c19cecd","0",,"Horus Live","720","720","0","Horus Live","0","0","20023","20023",,,,,"web"
"v2.5.4","680","0",,"Chrome Mobile","77","0","0",,"berlin","1571501786000","DE","e3c557af-bd90-4dd9-ba5c-78b63e9dd7c4","Mozilla/5.0 (Linux; Android 9; Nokia 6.1) AppleWebKit/537.36 (KHTML, like Gecko) Chrome/77.0.3865.116 Mobile Safari/537.36",,,,"8c887b3d-1218-4a5e-947c-4be12012c463","1571443200000","Nokia 6","panoplay.duckdns.org",,,"0","0",,,"Festival of Lights - Demo","1571500800000","ae0c255a-b9eb-414b-a240-a99948c17de6","193.175.2.0","false","true","true","Verein zur Foerderung eines Deutschen Forschungsne","en-US","./livestream/master.m3u8","1571501760000","1569888000000",,"Android","9",,"0","1",,"0","0","videojs",,"0","html5","videojs-7.6.0",,"BE","732","412","0","WINDOW","0","qualitychange","hls","1571501786000","426a0570-f483-4cc6-bf52-afe08c19cecd","6600000",,"Horus Live","720","720","0","Horus Live","0","0","20023","20023",,,,,"web"
"v2.5.4","680","0",,"Mobile Safari","12","1","0",,"berlin","1571501791000","DE","04270026-67b1-48ec-84de-ddbdfbb6d74f","Mozilla/5.0 (iPhone; CPU iPhone OS 12_4_1 like Mac OS X) AppleWebKit/605.1.15 (KHTML, like Gecko) Version/12.1.2 Mobile/15E148 Safari/604.1",,,,"cba93630-ea2c-4260-a756-04ac5c07c283","1571443200000","iPhone","panoplay.duckdns.org",,,"0","10463",,,"Festival of Lights - Demo","1571500800000","e934b2db-9261-4b64-9920-213d5d84c6b1","193.175.2.0","false","true","true","Verein zur Foerderung eines Deutschen Forschungsne","en-US","./livestream/master.m3u8","1571501760000","1569888000000",,"iOS","12","4","0","1",,"0","10463","videojs",,"0","html5","videojs-7.6.0",,"BE","667","375","0","WINDOW","0","playing","hls","1571501791000","30d97ce2-fade-4abf-98b4-7438472aa276","0",,"Horus Live","720","720","0","Horus Live","0","0","128189","117726",,,,,"web"
"v2.5.4","680","0",,"Mobile Safari","12","1","121",,"berlin","1571501792000","DE","04270026-67b1-48ec-84de-ddbdfbb6d74f","Mozilla/5.0 (iPhone; CPU iPhone OS 12_4_1 like Mac OS X) AppleWebKit/605.1.15 (KHTML, like Gecko) Version/12.1.2 Mobile/15E148 Safari/604.1",,,,"cba93630-ea2c-4260-a756-04ac5c07c283","1571443200000","iPhone","panoplay.duckdns.org",,,"0","121",,,"Festival of Lights - Demo","1571500800000","e934b2db-9261-4b64-9920-213d5d84c6b1","193.175.2.0","false","true","true","Verein zur Foerderung eines Deutschen Forschungsne","en-US","./livestream/master.m3u8","1571501760000","1569888000000",,"iOS","12","4","0","1",,"0","0","videojs",,"0","html5","videojs-7.6.0",,"BE","667","375","0","WINDOW","0","rebuffering","hls","1571501792000","30d97ce2-fade-4abf-98b4-7438472aa276","0",,"Horus Live","720","720","0","Horus Live","0","0","128310","128189",,,,,"web"
"v2.5.4","680","0",,"Mobile Safari","12","1","0",,"berlin","1571501801000","DE","04270026-67b1-48ec-84de-ddbdfbb6d74f","Mozilla/5.0 (iPhone; CPU iPhone OS 12_4_1 like Mac OS X) AppleWebKit/605.1.15 (KHTML, like Gecko) Version/12.1.2 Mobile/15E148 Safari/604.1",,,,"cba93630-ea2c-4260-a756-04ac5c07c283","1571443200000","iPhone","panoplay.duckdns.org",,,"0","9380",,,"Festival of Lights - Demo","1571500800000","e934b2db-9261-4b64-9920-213d5d84c6b1","193.175.2.0","false","true","true","Verein zur Foerderung eines Deutschen Forschungsne","en-US","./livestream/master.m3u8","1571501760000","1569888000000",,"iOS","12","4","0","1",,"0","9380","videojs",,"0","html5","videojs-7.6.0",,"BE","667","375","0","WINDOW","0","playing","hls","1571501801000","30d97ce2-fade-4abf-98b4-7438472aa276","0",,"Horus Live","720","720","0","Horus Live","0","0","137690","128310",,,,,"web"
"v2.5.4","680","0",,"Mobile Safari","12","1","183",,"berlin","1571501801000","DE","04270026-67b1-48ec-84de-ddbdfbb6d74f","Mozilla/5.0 (iPhone; CPU iPhone OS 12_4_1 like Mac OS X) AppleWebKit/605.1.15 (KHTML, like Gecko) Version/12.1.2 Mobile/15E148 Safari/604.1",,,,"cba93630-ea2c-4260-a756-04ac5c07c283","1571443200000","iPhone","panoplay.duckdns.org",,,"0","183",,,"Festival of Lights - Demo","1571500800000","e934b2db-9261-4b64-9920-213d5d84c6b1","193.175.2.0","false","true","true","Verein zur Foerderung eines Deutschen Forschungsne","en-US","./livestream/master.m3u8","1571501760000","1569888000000",,"iOS","12","4","0","1",,"0","0","videojs",,"0","html5","videojs-7.6.0",,"BE","667","375","0","WINDOW","0","rebuffering","hls","1571501801000","30d97ce2-fade-4abf-98b4-7438472aa276","0",,"Horus Live","720","720","0","Horus Live","0","0","137873","137690",,,,,"web"
"v2.5.4","680","0",,"Mobile Safari","12","1","248",,"berlin","1571501812000","DE","04270026-67b1-48ec-84de-ddbdfbb6d74f","Mozilla/5.0 (iPhone; CPU iPhone OS 12_4_1 like Mac OS X) AppleWebKit/605.1.15 (KHTML, like Gecko) Version/12.1.2 Mobile/15E148 Safari/604.1",,,,"cba93630-ea2c-4260-a756-04ac5c07c283","1571443200000","iPhone","panoplay.duckdns.org",,,"0","248",,,"Festival of Lights - Demo","1571500800000","e934b2db-9261-4b64-9920-213d5d84c6b1","193.175.2.0","false","true","true","Verein zur Foerderung eines Deutschen Forschungsne","en-US","./livestream/master.m3u8","1571501760000","1569888000000",,"iOS","12","4","0","1",,"0","0","videojs",,"0","html5","videojs-7.6.0",,"BE","667","375","0","WINDOW","0","rebuffering","hls","1571501812000","30d97ce2-fade-4abf-98b4-7438472aa276","0",,"Horus Live","720","720","0","Horus Live","0","0","149240","148992",,,,,"web"
"v2.5.4","680","0",,"Mobile Safari","12","1","0",,"berlin","1571501812000","DE","04270026-67b1-48ec-84de-ddbdfbb6d74f","Mozilla/5.0 (iPhone; CPU iPhone OS 12_4_1 like Mac OS X) AppleWebKit/605.1.15 (KHTML, like Gecko) Version/12.1.2 Mobile/15E148 Safari/604.1",,,,"cba93630-ea2c-4260-a756-04ac5c07c283","1571443200000","iPhone","panoplay.duckdns.org",,,"0","11119",,,"Festival of Lights - Demo","1571500800000","e934b2db-9261-4b64-9920-213d5d84c6b1","193.175.2.0","false","true","true","Verein zur Foerderung eines Deutschen Forschungsne","en-US","./livestream/master.m3u8","1571501760000","1569888000000",,"iOS","12","4","0","1",,"0","11119","videojs",,"0","html5","videojs-7.6.0",,"BE","667","375","0","WINDOW","0","playing","hls","1571501812000","30d97ce2-fade-4abf-98b4-7438472aa276","0",,"Horus Live","720","720","0","Horus Live","0","0","148992","137873",,,,,"web"
"v2.5.4","680","0",,"Mobile Safari","12","1","150",,"berlin","1571501822000","DE","04270026-67b1-48ec-84de-ddbdfbb6d74f","Mozilla/5.0 (iPhone; CPU iPhone OS 12_4_1 like Mac OS X) AppleWebKit/605.1.15 (KHTML, like Gecko) Version/12.1.2 Mobile/15E148 Safari/604.1",,,,"cba93630-ea2c-4260-a756-04ac5c07c283","1571443200000","iPhone","panoplay.duckdns.org",,,"0","150",,,"Festival of Lights - Demo","1571500800000","e934b2db-9261-4b64-9920-213d5d84c6b1","193.175.2.0","false","true","true","Verein zur Foerderung eines Deutschen Forschungsne","en-US","./livestream/master.m3u8","1571501820000","1569888000000",,"iOS","12","4","0","1",,"0","0","videojs",,"0","html5","videojs-7.6.0",,"BE","667","375","0","WINDOW","0","rebuffering","hls","1571501822000","30d97ce2-fade-4abf-98b4-7438472aa276","0",,"Horus Live","720","720","0","Horus Live","0","0","158730","158580",,,,,"web"
"v2.5.4","680","0",,"Mobile Safari","12","1","0",,"berlin","1571501822000","DE","04270026-67b1-48ec-84de-ddbdfbb6d74f","Mozilla/5.0 (iPhone; CPU iPhone OS 12_4_1 like Mac OS X) AppleWebKit/605.1.15 (KHTML, like Gecko) Version/12.1.2 Mobile/15E148 Safari/604.1",,,,"cba93630-ea2c-4260-a756-04ac5c07c283","1571443200000","iPhone","panoplay.duckdns.org",,,"0","9339",,,"Festival of Lights - Demo","1571500800000","e934b2db-9261-4b64-9920-213d5d84c6b1","193.175.2.0","false","true","true","Verein zur Foerderung eines Deutschen Forschungsne","en-US","./livestream/master.m3u8","1571501820000","1569888000000",,"iOS","12","4","0","1",,"0","9339","videojs",,"0","html5","videojs-7.6.0",,"BE","667","375","0","WINDOW","0","playing","hls","1571501822000","30d97ce2-fade-4abf-98b4-7438472aa276","0",,"Horus Live","720","720","0","Horus Live","0","0","158580","149240",,,,,"web"
"v2.5.4","680","0",,"Mobile Safari","12","1","0",,"berlin","1571501831000","DE","04270026-67b1-48ec-84de-ddbdfbb6d74f","Mozilla/5.0 (iPhone; CPU iPhone OS 12_4_1 like Mac OS X) AppleWebKit/605.1.15 (KHTML, like Gecko) Version/12.1.2 Mobile/15E148 Safari/604.1",,,,"cba93630-ea2c-4260-a756-04ac5c07c283","1571443200000","iPhone","panoplay.duckdns.org",,,"0","8721",,,"Festival of Lights - Demo","1571500800000","e934b2db-9261-4b64-9920-213d5d84c6b1","193.175.2.0","false","true","true","Verein zur Foerderung eines Deutschen Forschungsne","en-US","./livestream/master.m3u8","1571501820000","1569888000000",,"iOS","12","4","0","1",,"0","8721","videojs",,"0","html5","videojs-7.6.0",,"BE","667","375","0","WINDOW","0","playing","hls","1571501831000","30d97ce2-fade-4abf-98b4-7438472aa276","0",,"Horus Live","720","720","0","Horus Live","0","0","167451","158730",,,,,"web"
"v2.5.4","680","0",,"Mobile Safari","12","1","229",,"berlin","1571501831000","DE","04270026-67b1-48ec-84de-ddbdfbb6d74f","Mozilla/5.0 (iPhone; CPU iPhone OS 12_4_1 like Mac OS X) AppleWebKit/605.1.15 (KHTML, like Gecko) Version/12.1.2 Mobile/15E148 Safari/604.1",,,,"cba93630-ea2c-4260-a756-04ac5c07c283","1571443200000","iPhone","panoplay.duckdns.org",,,"0","229",,,"Festival of Lights - Demo","1571500800000","e934b2db-9261-4b64-9920-213d5d84c6b1","193.175.2.0","false","true","true","Verein zur Foerderung eines Deutschen Forschungsne","en-US","./livestream/master.m3u8","1571501820000","1569888000000",,"iOS","12","4","0","1",,"0","0","videojs",,"0","html5","videojs-7.6.0",,"BE","667","375","0","WINDOW","0","rebuffering","hls","1571501831000","30d97ce2-fade-4abf-98b4-7438472aa276","0",,"Horus Live","720","720","0","Horus Live","0","0","167680","167451",,,,,"web"
"v2.5.4","680","0",,"Mobile Safari","12","1","193",,"berlin","1571501842000","DE","04270026-67b1-48ec-84de-ddbdfbb6d74f","Mozilla/5.0 (iPhone; CPU iPhone OS 12_4_1 like Mac OS X) AppleWebKit/605.1.15 (KHTML, like Gecko) Version/12.1.2 Mobile/15E148 Safari/604.1",,,,"cba93630-ea2c-4260-a756-04ac5c07c283","1571443200000","iPhone","panoplay.duckdns.org",,,"0","193",,,"Festival of Lights - Demo","1571500800000","e934b2db-9261-4b64-9920-213d5d84c6b1","193.175.2.0","false","true","true","Verein zur Foerderung eines Deutschen Forschungsne","en-US","./livestream/master.m3u8","1571501820000","1569888000000",,"iOS","12","4","0","1",,"0","0","videojs",,"0","html5","videojs-7.6.0",,"BE","667","375","0","WINDOW","0","rebuffering","hls","1571501842000","30d97ce2-fade-4abf-98b4-7438472aa276","0",,"Horus Live","720","720","0","Horus Live","0","0","178647","178454",,,,,"web"
"v2.5.4","680","0",,"Mobile Safari","12","1","0",,"berlin","1571501842000","DE","04270026-67b1-48ec-84de-ddbdfbb6d74f","Mozilla/5.0 (iPhone; CPU iPhone OS 12_4_1 like Mac OS X) AppleWebKit/605.1.15 (KHTML, like Gecko) Version/12.1.2 Mobile/15E148 Safari/604.1",,,,"cba93630-ea2c-4260-a756-04ac5c07c283","1571443200000","iPhone","panoplay.duckdns.org",,,"0","10774",,,"Festival of Lights - Demo","1571500800000","e934b2db-9261-4b64-9920-213d5d84c6b1","193.175.2.0","false","true","true","Verein zur Foerderung eines Deutschen Forschungsne","en-US","./livestream/master.m3u8","1571501820000","1569888000000",,"iOS","12","4","0","1",,"0","10774","videojs",,"0","html5","videojs-7.6.0",,"BE","667","375","0","WINDOW","0","playing","hls","1571501842000","30d97ce2-fade-4abf-98b4-7438472aa276","0",,"Horus Live","720","720","0","Horus Live","0","0","178454","167680",,,,,"web"
"v2.5.4","680","0",,"Chrome Mobile","77","0","0",,"berlin","1571501846000","DE","e3c557af-bd90-4dd9-ba5c-78b63e9dd7c4","Mozilla/5.0 (Linux; Android 9; Nokia 6.1) AppleWebKit/537.36 (KHTML, like Gecko) Chrome/77.0.3865.116 Mobile Safari/537.36",,,,"8c887b3d-1218-4a5e-947c-4be12012c463","1571443200000","Nokia 6","panoplay.duckdns.org",,,"0","59743",,,"Festival of Lights - Demo","1571500800000","ae0c255a-b9eb-414b-a240-a99948c17de6","193.175.2.0","false","true","true","Verein zur Foerderung eines Deutschen Forschungsne","en-US","./livestream/master.m3u8","1571501820000","1569888000000",,"Android","9",,"0","1",,"0","59743","videojs",,"0","html5","videojs-7.6.0",,"BE","732","412","0","WINDOW","0","playing","hls","1571501846000","426a0570-f483-4cc6-bf52-afe08c19cecd","6600000",,"Horus Live","720","720","0","Horus Live","0","0","79776","20023",,,,,"web"
"v2.5.4","680","0",,"Mobile Safari","12","1","0",,"berlin","1571501851000","DE","04270026-67b1-48ec-84de-ddbdfbb6d74f","Mozilla/5.0 (iPhone; CPU iPhone OS 12_4_1 like Mac OS X) AppleWebKit/605.1.15 (KHTML, like Gecko) Version/12.1.2 Mobile/15E148 Safari/604.1",,,,"cba93630-ea2c-4260-a756-04ac5c07c283","1571443200000","iPhone","panoplay.duckdns.org",,,"0","8995",,,"Festival of Lights - Demo","1571500800000","e934b2db-9261-4b64-9920-213d5d84c6b1","193.175.2.0","false","true","true","Verein zur Foerderung eines Deutschen Forschungsne","en-US","./livestream/master.m3u8","1571501820000","1569888000000",,"iOS","12","4","0","1",,"0","8995","videojs",,"0","html5","videojs-7.6.0",,"BE","667","375","0","WINDOW","0","playing","hls","1571501851000","30d97ce2-fade-4abf-98b4-7438472aa276","0",,"Horus Live","720","720","0","Horus Live","0","0","187642","178647",,,,,"web"
"v2.5.4","680","0",,"Mobile Safari","12","1","153",,"berlin","1571501851000","DE","04270026-67b1-48ec-84de-ddbdfbb6d74f","Mozilla/5.0 (iPhone; CPU iPhone OS 12_4_1 like Mac OS X) AppleWebKit/605.1.15 (KHTML, like Gecko) Version/12.1.2 Mobile/15E148 Safari/604.1",,,,"cba93630-ea2c-4260-a756-04ac5c07c283","1571443200000","iPhone","panoplay.duckdns.org",,,"0","153",,,"Festival of Lights - Demo","1571500800000","e934b2db-9261-4b64-9920-213d5d84c6b1","193.175.2.0","false","true","true","Verein zur Foerderung eines Deutschen Forschungsne","en-US","./livestream/master.m3u8","1571501820000","1569888000000",,"iOS","12","4","0","1",,"0","0","videojs",,"0","html5","videojs-7.6.0",,"BE","667","375","0","WINDOW","0","rebuffering","hls","1571501851000","30d97ce2-fade-4abf-98b4-7438472aa276","0",,"Horus Live","720","720","0","Horus Live","0","0","187795","187642",,,,,"web"
"v2.5.4","680","0",,"Chrome Mobile","77","0","0",,"berlin","1571501856000","DE","e3c557af-bd90-4dd9-ba5c-78b63e9dd7c4","Mozilla/5.0 (Linux; Android 9; Nokia 6.1) AppleWebKit/537.36 (KHTML, like Gecko) Chrome/77.0.3865.116 Mobile Safari/537.36",,,,"8c887b3d-1218-4a5e-947c-4be12012c463","1571443200000","Nokia 6","panoplay.duckdns.org",,,"0","10455",,,"Festival of Lights - Demo","1571500800000","ae0c255a-b9eb-414b-a240-a99948c17de6","193.175.2.0","false","true","true","Verein zur Foerderung eines Deutschen Forschungsne","en-US","./livestream/master.m3u8","1571501820000","1569888000000",,"Android","9",,"0","1",,"0","10455","videojs",,"0","html5","videojs-7.6.0",,"BE","732","412","0","WINDOW","0","playing","hls","1571501856000","426a0570-f483-4cc6-bf52-afe08c19cecd","6600000",,"Horus Live","720","720","0","Horus Live","0","0","90162","79776",,,,,"web"
"v2.5.4","680","0",,"Chrome Mobile","77","0","199",,"berlin","1571501857000","DE","e3c557af-bd90-4dd9-ba5c-78b63e9dd7c4","Mozilla/5.0 (Linux; Android 9; Nokia 6.1) AppleWebKit/537.36 (KHTML, like Gecko) Chrome/77.0.3865.116 Mobile Safari/537.36",,,,"8c887b3d-1218-4a5e-947c-4be12012c463","1571443200000","Nokia 6","panoplay.duckdns.org",,,"0","199",,,"Festival of Lights - Demo","1571500800000","ae0c255a-b9eb-414b-a240-a99948c17de6","193.175.2.0","false","true","true","Verein zur Foerderung eines Deutschen Forschungsne","en-US","./livestream/master.m3u8","1571501820000","1569888000000",,"Android","9",,"0","1",,"0","0","videojs",,"0","html5","videojs-7.6.0",,"BE","732","412","0","WINDOW","0","rebuffering","hls","1571501857000","426a0570-f483-4cc6-bf52-afe08c19cecd","6600000",,"Horus Live","720","720","0","Horus Live","0","0","90399","90162",,,,,"web"
"v2.5.4","680","0",,"Mobile Safari","12","1","0",,"berlin","1571501861000","DE","04270026-67b1-48ec-84de-ddbdfbb6d74f","Mozilla/5.0 (iPhone; CPU iPhone OS 12_4_1 like Mac OS X) AppleWebKit/605.1.15 (KHTML, like Gecko) Version/12.1.2 Mobile/15E148 Safari/604.1",,,,"cba93630-ea2c-4260-a756-04ac5c07c283","1571443200000","iPhone","panoplay.duckdns.org",,,"0","10121",,,"Festival of Lights - Demo","1571500800000","e934b2db-9261-4b64-9920-213d5d84c6b1","193.175.2.0","false","true","true","Verein zur Foerderung eines Deutschen Forschungsne","en-US","./livestream/master.m3u8","1571501820000","1569888000000",,"iOS","12","4","0","1",,"0","10121","videojs",,"0","html5","videojs-7.6.0",,"BE","667","375","0","WINDOW","0","playing","hls","1571501861000","30d97ce2-fade-4abf-98b4-7438472aa276","0",,"Horus Live","720","720","0","Horus Live","0","0","197916","187795",,,,,"web"
"v2.5.4","680","0",,"Mobile Safari","12","1","35",,"berlin","1571501861000","DE","04270026-67b1-48ec-84de-ddbdfbb6d74f","Mozilla/5.0 (iPhone; CPU iPhone OS 12_4_1 like Mac OS X) AppleWebKit/605.1.15 (KHTML, like Gecko) Version/12.1.2 Mobile/15E148 Safari/604.1",,,,"cba93630-ea2c-4260-a756-04ac5c07c283","1571443200000","iPhone","panoplay.duckdns.org",,,"0","35",,,"Festival of Lights - Demo","1571500800000","e934b2db-9261-4b64-9920-213d5d84c6b1","193.175.2.0","false","true","true","Verein zur Foerderung eines Deutschen Forschungsne","en-US","./livestream/master.m3u8","1571501820000","1569888000000",,"iOS","12","4","0","1",,"0","0","videojs",,"0","html5","videojs-7.6.0",,"BE","667","375","0","WINDOW","0","rebuffering","hls","1571501861000","30d97ce2-fade-4abf-98b4-7438472aa276","0",,"Horus Live","720","720","0","Horus Live","0","0","197950","197916",,,,,"web"
"v2.5.4","680","0",,"Mobile Safari","12","1","0",,"berlin","1571501871000","DE","04270026-67b1-48ec-84de-ddbdfbb6d74f","Mozilla/5.0 (iPhone; CPU iPhone OS 12_4_1 like Mac OS X) AppleWebKit/605.1.15 (KHTML, like Gecko) Version/12.1.2 Mobile/15E148 Safari/604.1",,,,"cba93630-ea2c-4260-a756-04ac5c07c283","1571443200000","iPhone","panoplay.duckdns.org",,,"0","9862",,,"Festival of Lights - Demo","1571500800000","e934b2db-9261-4b64-9920-213d5d84c6b1","193.175.2.0","false","true","true","Verein zur Foerderung eines Deutschen Forschungsne","en-US","./livestream/master.m3u8","1571501820000","1569888000000",,"iOS","12","4","0","1",,"0","9862","videojs",,"0","html5","videojs-7.6.0",,"BE","667","375","0","WINDOW","0","playing","hls","1571501871000","30d97ce2-fade-4abf-98b4-7438472aa276","0",,"Horus Live","720","720","0","Horus Live","0","0","207813","197950",,,,,"web"
"v2.5.4","680","0",,"Mobile Safari","12","1","46",,"berlin","1571501871000","DE","04270026-67b1-48ec-84de-ddbdfbb6d74f","Mozilla/5.0 (iPhone; CPU iPhone OS 12_4_1 like Mac OS X) AppleWebKit/605.1.15 (KHTML, like Gecko) Version/12.1.2 Mobile/15E148 Safari/604.1",,,,"cba93630-ea2c-4260-a756-04ac5c07c283","1571443200000","iPhone","panoplay.duckdns.org",,,"0","46",,,"Festival of Lights - Demo","1571500800000","e934b2db-9261-4b64-9920-213d5d84c6b1","193.175.2.0","false","true","true","Verein zur Foerderung eines Deutschen Forschungsne","en-US","./livestream/master.m3u8","1571501820000","1569888000000",,"iOS","12","4","0","1",,"0","0","videojs",,"0","html5","videojs-7.6.0",,"BE","667","375","0","WINDOW","0","rebuffering","hls","1571501871000","30d97ce2-fade-4abf-98b4-7438472aa276","0",,"Horus Live","720","720","0","Horus Live","0","0","207859","207813",,,,,"web"
"v2.5.4","680","0",,"Mobile Safari","12","1","0",,"berlin","1571501882000","DE","04270026-67b1-48ec-84de-ddbdfbb6d74f","Mozilla/5.0 (iPhone; CPU iPhone OS 12_4_1 like Mac OS X) AppleWebKit/605.1.15 (KHTML, like Gecko) Version/12.1.2 Mobile/15E148 Safari/604.1",,,,"cba93630-ea2c-4260-a756-04ac5c07c283","1571443200000","iPhone","panoplay.duckdns.org",,,"0","10519",,,"Festival of Lights - Demo","1571500800000","e934b2db-9261-4b64-9920-213d5d84c6b1","193.175.2.0","false","true","true","Verein zur Foerderung eines Deutschen Forschungsne","en-US","./livestream/master.m3u8","1571501880000","1569888000000",,"iOS","12","4","0","1",,"0","10519","videojs",,"0","html5","videojs-7.6.0",,"BE","667","375","0","WINDOW","0","playing","hls","1571501882000","30d97ce2-fade-4abf-98b4-7438472aa276","0",,"Horus Live","720","720","0","Horus Live","0","0","218378","207859",,,,,"web"
"v2.5.4","680","0",,"Mobile Safari","12","1","68",,"berlin","1571501882000","DE","04270026-67b1-48ec-84de-ddbdfbb6d74f","Mozilla/5.0 (iPhone; CPU iPhone OS 12_4_1 like Mac OS X) AppleWebKit/605.1.15 (KHTML, like Gecko) Version/12.1.2 Mobile/15E148 Safari/604.1",,,,"cba93630-ea2c-4260-a756-04ac5c07c283","1571443200000","iPhone","panoplay.duckdns.org",,,"0","68",,,"Festival of Lights - Demo","1571500800000","e934b2db-9261-4b64-9920-213d5d84c6b1","193.175.2.0","false","true","true","Verein zur Foerderung eines Deutschen Forschungsne","en-US","./livestream/master.m3u8","1571501880000","1569888000000",,"iOS","12","4","0","1",,"0","0","videojs",,"0","html5","videojs-7.6.0",,"BE","667","375","0","WINDOW","0","rebuffering","hls","1571501882000","30d97ce2-fade-4abf-98b4-7438472aa276","0",,"Horus Live","720","720","0","Horus Live","0","0","218446","218378",,,,,"web"
"v2.5.4","680","0",,"Mobile Safari","12","1","0",,"berlin","1571501891000","DE","04270026-67b1-48ec-84de-ddbdfbb6d74f","Mozilla/5.0 (iPhone; CPU iPhone OS 12_4_1 like Mac OS X) AppleWebKit/605.1.15 (KHTML, like Gecko) Version/12.1.2 Mobile/15E148 Safari/604.1",,,,"cba93630-ea2c-4260-a756-04ac5c07c283","1571443200000","iPhone","panoplay.duckdns.org",,,"0","9074",,,"Festival of Lights - Demo","1571500800000","e934b2db-9261-4b64-9920-213d5d84c6b1","193.175.2.0","false","true","true","Verein zur Foerderung eines Deutschen Forschungsne","en-US","./livestream/master.m3u8","1571501880000","1569888000000",,"iOS","12","4","0","1",,"0","9074","videojs",,"0","html5","videojs-7.6.0",,"BE","667","375","0","WINDOW","0","playing","hls","1571501891000","30d97ce2-fade-4abf-98b4-7438472aa276","0",,"Horus Live","720","720","0","Horus Live","0","0","227521","218446",,,,,"web"
"v2.5.4","680","0",,"Mobile Safari","12","1","238",,"berlin","1571501891000","DE","04270026-67b1-48ec-84de-ddbdfbb6d74f","Mozilla/5.0 (iPhone; CPU iPhone OS 12_4_1 like Mac OS X) AppleWebKit/605.1.15 (KHTML, like Gecko) Version/12.1.2 Mobile/15E148 Safari/604.1",,,,"cba93630-ea2c-4260-a756-04ac5c07c283","1571443200000","iPhone","panoplay.duckdns.org",,,"0","238",,,"Festival of Lights - Demo","1571500800000","e934b2db-9261-4b64-9920-213d5d84c6b1","193.175.2.0","false","true","true","Verein zur Foerderung eines Deutschen Forschungsne","en-US","./livestream/master.m3u8","1571501880000","1569888000000",,"iOS","12","4","0","1",,"0","0","videojs",,"0","html5","videojs-7.6.0",,"BE","667","375","0","WINDOW","0","rebuffering","hls","1571501891000","30d97ce2-fade-4abf-98b4-7438472aa276","0",,"Horus Live","720","720","0","Horus Live","0","0","227758","227521",,,,,"web"
"v2.5.4","680","0",,"Mobile Safari","12","1","115",,"berlin","1571501901000","DE","04270026-67b1-48ec-84de-ddbdfbb6d74f","Mozilla/5.0 (iPhone; CPU iPhone OS 12_4_1 like Mac OS X) AppleWebKit/605.1.15 (KHTML, like Gecko) Version/12.1.2 Mobile/15E148 Safari/604.1",,,,"cba93630-ea2c-4260-a756-04ac5c07c283","1571443200000","iPhone","panoplay.duckdns.org",,,"0","115",,,"Festival of Lights - Demo","1571500800000","e934b2db-9261-4b64-9920-213d5d84c6b1","193.175.2.0","false","true","true","Verein zur Foerderung eines Deutschen Forschungsne","en-US","./livestream/master.m3u8","1571501880000","1569888000000",,"iOS","12","4","0","1",,"0","0","videojs",,"0","html5","videojs-7.6.0",,"BE","667","375","0","WINDOW","0","rebuffering","hls","1571501901000","30d97ce2-fade-4abf-98b4-7438472aa276","0",,"Horus Live","720","720","0","Horus Live","0","0","237845","237729",,,,,"web"
"v2.5.4","680","0",,"Mobile Safari","12","1","0",,"berlin","1571501901000","DE","04270026-67b1-48ec-84de-ddbdfbb6d74f","Mozilla/5.0 (iPhone; CPU iPhone OS 12_4_1 like Mac OS X) AppleWebKit/605.1.15 (KHTML, like Gecko) Version/12.1.2 Mobile/15E148 Safari/604.1",,,,"cba93630-ea2c-4260-a756-04ac5c07c283","1571443200000","iPhone","panoplay.duckdns.org",,,"0","9971",,,"Festival of Lights - Demo","1571500800000","e934b2db-9261-4b64-9920-213d5d84c6b1","193.175.2.0","false","true","true","Verein zur Foerderung eines Deutschen Forschungsne","en-US","./livestream/master.m3u8","1571501880000","1569888000000",,"iOS","12","4","0","1",,"0","9971","videojs",,"0","html5","videojs-7.6.0",,"BE","667","375","0","WINDOW","0","playing","hls","1571501901000","30d97ce2-fade-4abf-98b4-7438472aa276","0",,"Horus Live","720","720","0","Horus Live","0","0","237729","227758",,,,,"web"
"v2.5.4","680","0",,"Mobile Safari","12","1","0",,"berlin","1571501911000","DE","04270026-67b1-48ec-84de-ddbdfbb6d74f","Mozilla/5.0 (iPhone; CPU iPhone OS 12_4_1 like Mac OS X) AppleWebKit/605.1.15 (KHTML, like Gecko) Version/12.1.2 Mobile/15E148 Safari/604.1",,,,"cba93630-ea2c-4260-a756-04ac5c07c283","1571443200000","iPhone","panoplay.duckdns.org",,,"0","9773",,,"Festival of Lights - Demo","1571500800000","e934b2db-9261-4b64-9920-213d5d84c6b1","193.175.2.0","false","true","true","Verein zur Foerderung eines Deutschen Forschungsne","en-US","./livestream/master.m3u8","1571501880000","1569888000000",,"iOS","12","4","0","1",,"0","9773","videojs",,"0","html5","videojs-7.6.0",,"BE","667","375","0","WINDOW","0","playing","hls","1571501911000","30d97ce2-fade-4abf-98b4-7438472aa276","0",,"Horus Live","720","720","0","Horus Live","0","0","247618","237845",,,,,"web"
"v2.5.4","680","0",,"Mobile Safari","12","1","115",,"berlin","1571501911000","DE","04270026-67b1-48ec-84de-ddbdfbb6d74f","Mozilla/5.0 (iPhone; CPU iPhone OS 12_4_1 like Mac OS X) AppleWebKit/605.1.15 (KHTML, like Gecko) Version/12.1.2 Mobile/15E148 Safari/604.1",,,,"cba93630-ea2c-4260-a756-04ac5c07c283","1571443200000","iPhone","panoplay.duckdns.org",,,"0","115",,,"Festival of Lights - Demo","1571500800000","e934b2db-9261-4b64-9920-213d5d84c6b1","193.175.2.0","false","true","true","Verein zur Foerderung eines Deutschen Forschungsne","en-US","./livestream/master.m3u8","1571501880000","1569888000000",,"iOS","12","4","0","1",,"0","0","videojs",,"0","html5","videojs-7.6.0",,"BE","667","375","0","WINDOW","0","rebuffering","hls","1571501911000","30d97ce2-fade-4abf-98b4-7438472aa276","0",,"Horus Live","720","720","0","Horus Live","0","0","247732","247618",,,,,"web"
"v2.5.4","680","0",,"Mobile Safari","12","1","126",,"berlin","1571501921000","DE","04270026-67b1-48ec-84de-ddbdfbb6d74f","Mozilla/5.0 (iPhone; CPU iPhone OS 12_4_1 like Mac OS X) AppleWebKit/605.1.15 (KHTML, like Gecko) Version/12.1.2 Mobile/15E148 Safari/604.1",,,,"cba93630-ea2c-4260-a756-04ac5c07c283","1571443200000","iPhone","panoplay.duckdns.org",,,"0","126",,,"Festival of Lights - Demo","1571500800000","e934b2db-9261-4b64-9920-213d5d84c6b1","193.175.2.0","false","true","true","Verein zur Foerderung eines Deutschen Forschungsne","en-US","./livestream/master.m3u8","1571501880000","1569888000000",,"iOS","12","4","0","1",,"0","0","videojs",,"0","html5","videojs-7.6.0",,"BE","667","375","0","WINDOW","0","rebuffering","hls","1571501921000","30d97ce2-fade-4abf-98b4-7438472aa276","0",,"Horus Live","720","720","0","Horus Live","0","0","257646","257519",,,,,"web"
"v2.5.4","680","0",,"Mobile Safari","12","1","0",,"berlin","1571501921000","DE","04270026-67b1-48ec-84de-ddbdfbb6d74f","Mozilla/5.0 (iPhone; CPU iPhone OS 12_4_1 like Mac OS X) AppleWebKit/605.1.15 (KHTML, like Gecko) Version/12.1.2 Mobile/15E148 Safari/604.1",,,,"cba93630-ea2c-4260-a756-04ac5c07c283","1571443200000","iPhone","panoplay.duckdns.org",,,"0","9787",,,"Festival of Lights - Demo","1571500800000","e934b2db-9261-4b64-9920-213d5d84c6b1","193.175.2.0","false","true","true","Verein zur Foerderung eines Deutschen Forschungsne","en-US","./livestream/master.m3u8","1571501880000","1569888000000",,"iOS","12","4","0","1",,"0","9787","videojs",,"0","html5","videojs-7.6.0",,"BE","667","375","0","WINDOW","0","playing","hls","1571501921000","30d97ce2-fade-4abf-98b4-7438472aa276","0",,"Horus Live","720","720","0","Horus Live","0","0","257519","247732",,,,,"web"
"v2.5.4","680","0",,"Mobile Safari","12","1","239",,"berlin","1571501930000","DE","04270026-67b1-48ec-84de-ddbdfbb6d74f","Mozilla/5.0 (iPhone; CPU iPhone OS 12_4_1 like Mac OS X) AppleWebKit/605.1.15 (KHTML, like Gecko) Version/12.1.2 Mobile/15E148 Safari/604.1",,,,"cba93630-ea2c-4260-a756-04ac5c07c283","1571443200000","iPhone","panoplay.duckdns.org",,,"0","239",,,"Festival of Lights - Demo","1571500800000","e934b2db-9261-4b64-9920-213d5d84c6b1","193.175.2.0","false","true","true","Verein zur Foerderung eines Deutschen Forschungsne","en-US","./livestream/master.m3u8","1571501880000","1569888000000",,"iOS","12","4","0","1",,"0","0","videojs",,"0","html5","videojs-7.6.0",,"BE","667","375","0","WINDOW","0","rebuffering","hls","1571501930000","30d97ce2-fade-4abf-98b4-7438472aa276","0",,"Horus Live","720","720","0","Horus Live","0","0","267332","267093",,,,,"web"
"v2.5.4","680","0",,"Mobile Safari","12","1","0",,"berlin","1571501930000","DE","04270026-67b1-48ec-84de-ddbdfbb6d74f","Mozilla/5.0 (iPhone; CPU iPhone OS 12_4_1 like Mac OS X) AppleWebKit/605.1.15 (KHTML, like Gecko) Version/12.1.2 Mobile/15E148 Safari/604.1",,,,"cba93630-ea2c-4260-a756-04ac5c07c283","1571443200000","iPhone","panoplay.duckdns.org",,,"0","9447",,,"Festival of Lights - Demo","1571500800000","e934b2db-9261-4b64-9920-213d5d84c6b1","193.175.2.0","false","true","true","Verein zur Foerderung eines Deutschen Forschungsne","en-US","./livestream/master.m3u8","1571501880000","1569888000000",,"iOS","12","4","0","1",,"0","9447","videojs",,"0","html5","videojs-7.6.0",,"BE","667","375","0","WINDOW","0","playing","hls","1571501930000","30d97ce2-fade-4abf-98b4-7438472aa276","0",,"Horus Live","720","720","0","Horus Live","0","0","267093","257646",,,,,"web"
"v2.5.4","680","0",,"Mobile Safari","12","1","0",,"berlin","1571501957000","DE","04270026-67b1-48ec-84de-ddbdfbb6d74f","Mozilla/5.0 (iPhone; CPU iPhone OS 12_4_1 like Mac OS X) AppleWebKit/605.1.15 (KHTML, like Gecko) Version/12.1.2 Mobile/15E148 Safari/604.1",,,,"cba93630-ea2c-4260-a756-04ac5c07c283","1571443200000","iPhone","panoplay.duckdns.org",,,"0","26547",,,"Festival of Lights - Demo","1571500800000","e934b2db-9261-4b64-9920-213d5d84c6b1","193.175.2.0","false","true","true","Verein zur Foerderung eines Deutschen Forschungsne","en-US","./livestream/master.m3u8","1571501940000","1569888000000",,"iOS","12","4","0","1",,"0","26547","videojs",,"0","html5","videojs-7.6.0",,"BE","667","375","0","WINDOW","0","playing","hls","1571501957000","30d97ce2-fade-4abf-98b4-7438472aa276","0",,"Horus Live","720","720","0","Horus Live","0","0","293832","267332",,,,,"web"
"v2.5.4","680","0",,"Mobile Safari","12","1","0",,"berlin","1571502055000","DE","04270026-67b1-48ec-84de-ddbdfbb6d74f","Mozilla/5.0 (iPhone; CPU iPhone OS 12_4_1 like Mac OS X) AppleWebKit/605.1.15 (KHTML, like Gecko) Version/12.1.2 Mobile/15E148 Safari/604.1",,,,"cba93630-ea2c-4260-a756-04ac5c07c283","1571443200000","iPhone","panoplay.duckdns.org",,,"0","97694",,,"Festival of Lights - Demo","1571500800000","e934b2db-9261-4b64-9920-213d5d84c6b1","193.175.2.0","false","false","true","Verein zur Foerderung eines Deutschen Forschungsne","en-US","./livestream/master.m3u8","1571502000000","1569888000000",,"iOS","12","4","0","1",,"97694","0","videojs",,"0","html5","videojs-7.6.0",,"BE","667","375","0","WINDOW","0","pause","hls","1571502055000","30d97ce2-fade-4abf-98b4-7438472aa276","0","0","Horus Live","720","720","0","Horus Live","0","0","293832","293832",,,,,"web"
"v2.5.4","680","0",,"Mobile Safari","12","1","0",,"berlin","1571502055000","DE","04270026-67b1-48ec-84de-ddbdfbb6d74f","Mozilla/5.0 (iPhone; CPU iPhone OS 12_4_1 like Mac OS X) AppleWebKit/605.1.15 (KHTML, like Gecko) Version/12.1.2 Mobile/15E148 Safari/604.1",,,,"cba93630-ea2c-4260-a756-04ac5c07c283","1571443200000","iPhone","panoplay.duckdns.org",,,"0","0","3","The media playback was aborted due to a corruption problem or because the media used features your browser did not support.","Festival of Lights - Demo","1571500800000","e934b2db-9261-4b64-9920-213d5d84c6b1","193.175.2.0","false","false","true","Verein zur Foerderung eines Deutschen Forschungsne","en-US","./livestream/master.m3u8","1571502000000","1569888000000",,"iOS","12","4","0","1",,"0","0","videojs",,"0","html5","videojs-7.6.0",,"BE","667","375","0","WINDOW","0","error","hls","1571502055000","30d97ce2-fade-4abf-98b4-7438472aa276","0","0","Horus Live","720","720","0","Horus Live","0","0","293832","293832",,,,,"web"
"v2.5.4","680","0",,"Mobile Safari","12","1","0",,"berlin","1571502058000","DE","a7901e72-5e4a-4dd5-b955-6d1943e11bcf","Mozilla/5.0 (iPhone; CPU iPhone OS 12_4_1 like Mac OS X) AppleWebKit/605.1.15 (KHTML, like Gecko) Version/12.1.2 Mobile/15E148 Safari/604.1",,,,"cba93630-ea2c-4260-a756-04ac5c07c283","1571443200000","iPhone","panoplay.duckdns.org",,,"0","100",,,"Festival of Lights - Demo","1571500800000","6e663ce0-5f99-4b13-9805-a11ac78b4ce7","193.175.2.0","false","false","true","Verein zur Foerderung eines Deutschen Forschungsne","en-US","./livestream/master.m3u8","1571502000000","1569888000000",,"iOS","12","4","569","1",,"0","0","videojs",,"100","html5","videojs-7.6.0",,"BE","667","375","0","WINDOW","0","setup","hls","1571502058000","30d97ce2-fade-4abf-98b4-7438472aa276","0","0","Horus Live","0","0","0","Horus Live","0","0","0","0",,,,,"web"
"v2.5.4","680","0",,"Mobile Safari","12","1","0",,"berlin","1571502065000","DE","a7901e72-5e4a-4dd5-b955-6d1943e11bcf","Mozilla/5.0 (iPhone; CPU iPhone OS 12_4_1 like Mac OS X) AppleWebKit/605.1.15 (KHTML, like Gecko) Version/12.1.2 Mobile/15E148 Safari/604.1",,,,"cba93630-ea2c-4260-a756-04ac5c07c283","1571443200000","iPhone","panoplay.duckdns.org",,,"0","6643",,,"Festival of Lights - Demo","1571500800000","6e663ce0-5f99-4b13-9805-a11ac78b4ce7","193.175.2.0","false","false","true","Verein zur Foerderung eines Deutschen Forschungsne","en-US","./livestream/master.m3u8","1571502060000","1569888000000",,"iOS","12","4","0","1",,"0","6643","videojs",,"0","html5","videojs-7.6.0",,"BE","667","375","0","WINDOW","0","playing","hls","1571502065000","30d97ce2-fade-4abf-98b4-7438472aa276","0","43576","Horus Live","720","720","246","Horus Live","0","0","6881","238",,,,,"web"
"v2.5.4","680","0",,"Mobile Safari","12","1","131",,"berlin","1571502065000","DE","a7901e72-5e4a-4dd5-b955-6d1943e11bcf","Mozilla/5.0 (iPhone; CPU iPhone OS 12_4_1 like Mac OS X) AppleWebKit/605.1.15 (KHTML, like Gecko) Version/12.1.2 Mobile/15E148 Safari/604.1",,,,"cba93630-ea2c-4260-a756-04ac5c07c283","1571443200000","iPhone","panoplay.duckdns.org",,,"0","131",,,"Festival of Lights - Demo","1571500800000","6e663ce0-5f99-4b13-9805-a11ac78b4ce7","193.175.2.0","false","false","true","Verein zur Foerderung eines Deutschen Forschungsne","en-US","./livestream/master.m3u8","1571502060000","1569888000000",,"iOS","12","4","0","1",,"0","0","videojs",,"0","html5","videojs-7.6.0",,"BE","667","375","0","WINDOW","0","rebuffering","hls","1571502065000","30d97ce2-fade-4abf-98b4-7438472aa276","0","43576","Horus Live","720","720","0","Horus Live","0","0","7012","6881",,,,,"web"
"v2.5.4","680","0",,"Mobile Safari","12","1","0",,"berlin","1571502075000","DE","a7901e72-5e4a-4dd5-b955-6d1943e11bcf","Mozilla/5.0 (iPhone; CPU iPhone OS 12_4_1 like Mac OS X) AppleWebKit/605.1.15 (KHTML, like Gecko) Version/12.1.2 Mobile/15E148 Safari/604.1",,,,"cba93630-ea2c-4260-a756-04ac5c07c283","1571443200000","iPhone","panoplay.duckdns.org",,,"0","9512",,,"Festival of Lights - Demo","1571500800000","6e663ce0-5f99-4b13-9805-a11ac78b4ce7","193.175.2.0","false","false","true","Verein zur Foerderung eines Deutschen Forschungsne","en-US","./livestream/master.m3u8","1571502060000","1569888000000",,"iOS","12","4","0","1",,"0","9512","videojs",,"0","html5","videojs-7.6.0",,"BE","667","375","0","WINDOW","0","playing","hls","1571502075000","30d97ce2-fade-4abf-98b4-7438472aa276","0","43576","Horus Live","720","720","0","Horus Live","0","0","16512","7012",,,,,"web"
"v2.5.4","680","0",,"Chrome Mobile","77","0","0",,"berlin","1571502153000","DE","e3c557af-bd90-4dd9-ba5c-78b63e9dd7c4","Mozilla/5.0 (Linux; Android 9; Nokia 6.1) AppleWebKit/537.36 (KHTML, like Gecko) Chrome/77.0.3865.116 Mobile Safari/537.36",,,,"8c887b3d-1218-4a5e-947c-4be12012c463","1571443200000","Nokia 6","panoplay.duckdns.org",,,"0","295926",,,"Festival of Lights - Demo","1571500800000","ae0c255a-b9eb-414b-a240-a99948c17de6","193.175.2.0","false","true","true","Verein zur Foerderung eines Deutschen Forschungsne","en-US","./livestream/master.m3u8","1571502120000","1569888000000",,"Android","9",,"0","1",,"295926","0","videojs",,"0","html5","videojs-7.6.0",,"BE","732","412","0","WINDOW","0","pause","hls","1571502153000","426a0570-f483-4cc6-bf52-afe08c19cecd","6600000",,"Horus Live","720","720","0","Horus Live","0","0","90555","90555",,,,,"web"
"v2.5.4","680","0",,"Chrome Mobile","77","0","0",,"berlin","1571502155000","DE","e3c557af-bd90-4dd9-ba5c-78b63e9dd7c4","Mozilla/5.0 (Linux; Android 9; Nokia 6.1) AppleWebKit/537.36 (KHTML, like Gecko) Chrome/77.0.3865.116 Mobile Safari/537.36",,,,"8c887b3d-1218-4a5e-947c-4be12012c463","1571443200000","Nokia 6","panoplay.duckdns.org",,,"0","1951",,,"Festival of Lights - Demo","1571500800000","ae0c255a-b9eb-414b-a240-a99948c17de6","193.175.2.0","false","true","true","Verein zur Foerderung eines Deutschen Forschungsne","en-US","./livestream/master.m3u8","1571502120000","1569888000000",,"Android","9",,"0","1",,"0","1951","videojs",,"0","html5","videojs-7.6.0",,"BE","732","412","0","WINDOW","0","playing","hls","1571502155000","426a0570-f483-4cc6-bf52-afe08c19cecd","6600000",,"Horus Live","720","720","0","Horus Live","0","0","92200","90555",,,,,"web"
"v2.5.4","680","0",,"Chrome Mobile","77","0","0",,"berlin","1571502156000","DE","ee9f7842-a8e3-4217-a551-1560a7fb2e95","Mozilla/5.0 (Linux; Android 9; Nokia 6.1) AppleWebKit/537.36 (KHTML, like Gecko) Chrome/77.0.3865.116 Mobile Safari/537.36",,,,"8c887b3d-1218-4a5e-947c-4be12012c463","1571443200000","Nokia 6","panoplay.duckdns.org",,,"0","240",,,"Festival of Lights - Demo","1571500800000","91bcc6e4-2e69-4620-b67d-647065443acb","193.175.2.0","false","false","true","Verein zur Foerderung eines Deutschen Forschungsne","en-US","./livestream/master.m3u8","1571502120000","1569888000000",,"Android","9",,"1154","1",,"0","0","videojs",,"240","html5","videojs-7.6.0",,"BE","732","412","0","WINDOW","0","setup","hls","1571502156000","426a0570-f483-4cc6-bf52-afe08c19cecd","0","0","Horus Live","0","0","0","Horus Live","0","0","0","0",,,,,"web"
"v2.5.4","680","0","true","Chrome Mobile","77","0","0",,"berlin","1571502158000","DE","ee9f7842-a8e3-4217-a551-1560a7fb2e95","Mozilla/5.0 (Linux; Android 9; Nokia 6.1) AppleWebKit/537.36 (KHTML, like Gecko) Chrome/77.0.3865.116 Mobile Safari/537.36",,,,"8c887b3d-1218-4a5e-947c-4be12012c463","1571443200000","Nokia 6","panoplay.duckdns.org",,,"0","1781",,,"Festival of Lights - Demo","1571500800000","91bcc6e4-2e69-4620-b67d-647065443acb","193.175.2.0","false","true","true","Verein zur Foerderung eines Deutschen Forschungsne","en-US","./livestream/master.m3u8","1571502120000","1569888000000",,"Android","9",,"0","1",,"0","0","videojs",,"0","html5","videojs-7.6.0",,"BE","732","412","0","WINDOW","2021","startup","hls","1571502158000","426a0570-f483-4cc6-bf52-afe08c19cecd","0",,"Horus Live","720","720","1781","Horus Live","0","0","4048","0",,,,,"web"
"v2.5.4","680","0",,"Chrome Mobile","77","0","0",,"berlin","1571502158000","DE","ee9f7842-a8e3-4217-a551-1560a7fb2e95","Mozilla/5.0 (Linux; Android 9; Nokia 6.1) AppleWebKit/537.36 (KHTML, like Gecko) Chrome/77.0.3865.116 Mobile Safari/537.36",,,,"8c887b3d-1218-4a5e-947c-4be12012c463","1571443200000","Nokia 6","panoplay.duckdns.org",,,"0","4",,,"Festival of Lights - Demo","1571500800000","91bcc6e4-2e69-4620-b67d-647065443acb","193.175.2.0","false","true","true","Verein zur Foerderung eines Deutschen Forschungsne","en-US","./livestream/master.m3u8","1571502120000","1569888000000",,"Android","9",,"0","1",,"0","4","videojs",,"0","html5","videojs-7.6.0",,"BE","732","412","0","WINDOW","0","playing","hls","1571502158000","426a0570-f483-4cc6-bf52-afe08c19cecd","0",,"Horus Live","720","720","0","Horus Live","0","0","4048","4048",,,,,"web"
"v2.5.4","680","0",,"Chrome Mobile","77","0","0",,"berlin","1571502158000","DE","ee9f7842-a8e3-4217-a551-1560a7fb2e95","Mozilla/5.0 (Linux; Android 9; Nokia 6.1) AppleWebKit/537.36 (KHTML, like Gecko) Chrome/77.0.3865.116 Mobile Safari/537.36",,,,"8c887b3d-1218-4a5e-947c-4be12012c463","1571443200000","Nokia 6","panoplay.duckdns.org",,,"0","0",,,"Festival of Lights - Demo","1571500800000","91bcc6e4-2e69-4620-b67d-647065443acb","193.175.2.0","false","true","true","Verein zur Foerderung eines Deutschen Forschungsne","en-US","./livestream/master.m3u8","1571502120000","1569888000000",,"Android","9",,"0","1",,"0","0","videojs",,"0","html5","videojs-7.6.0",,"BE","732","412","0","WINDOW","0","qualitychange","hls","1571502158000","426a0570-f483-4cc6-bf52-afe08c19cecd","4400000",,"Horus Live","720","720","0","Horus Live","0","0","4048","4048",,,,,"web"
"v2.5.4","680","0",,"Chrome Mobile","77","0","0",,"berlin","1571502159000","DE","ee9f7842-a8e3-4217-a551-1560a7fb2e95","Mozilla/5.0 (Linux; Android 9; Nokia 6.1) AppleWebKit/537.36 (KHTML, like Gecko) Chrome/77.0.3865.116 Mobile Safari/537.36",,,,"8c887b3d-1218-4a5e-947c-4be12012c463","1571443200000","Nokia 6","panoplay.duckdns.org",,,"0","966",,,"Festival of Lights - Demo","1571500800000","91bcc6e4-2e69-4620-b67d-647065443acb","193.175.2.0","false","true","true","Verein zur Foerderung eines Deutschen Forschungsne","en-US","./livestream/master.m3u8","1571502120000","1569888000000",,"Android","9",,"0","1",,"0","966","videojs",,"0","html5","videojs-7.6.0",,"BE","732","412","0","WINDOW","0","playing","hls","1571502159000","426a0570-f483-4cc6-bf52-afe08c19cecd","4400000",,"Horus Live","720","720","0","Horus Live","0","0","5023","4048",,,,,"web"
"v2.5.4","680","0",,"Chrome Mobile","77","0","0",,"berlin","1571502159000","DE","ee9f7842-a8e3-4217-a551-1560a7fb2e95","Mozilla/5.0 (Linux; Android 9; Nokia 6.1) AppleWebKit/537.36 (KHTML, like Gecko) Chrome/77.0.3865.116 Mobile Safari/537.36",,,,"8c887b3d-1218-4a5e-947c-4be12012c463","1571443200000","Nokia 6","panoplay.duckdns.org",,,"0","0",,,"Festival of Lights - Demo","1571500800000","91bcc6e4-2e69-4620-b67d-647065443acb","193.175.2.0","false","true","true","Verein zur Foerderung eines Deutschen Forschungsne","en-US","./livestream/master.m3u8","1571502120000","1569888000000",,"Android","9",,"0","1",,"0","0","videojs",,"0","html5","videojs-7.6.0",,"BE","732","412","0","WINDOW","0","qualitychange","hls","1571502159000","426a0570-f483-4cc6-bf52-afe08c19cecd","6600000",,"Horus Live","720","720","0","Horus Live","0","0","5023","5023",,,,,"web"
"v2.5.4","680","0",,"Mobile Safari","12","1","0",,"berlin","1571502248000","DE","aa33a0b1-178d-4364-845f-a1f032568123","Mozilla/5.0 (iPhone; CPU iPhone OS 12_4_1 like Mac OS X) AppleWebKit/605.1.15 (KHTML, like Gecko) Version/12.1.2 Mobile/15E148 Safari/604.1",,,,"cba93630-ea2c-4260-a756-04ac5c07c283","1571443200000","iPhone","panoplay.duckdns.org",,,"0","136",,,"Festival of Lights - Demo","1571500800000","09df28c5-7860-4fdd-a36b-f7102afd2240","193.175.2.0","false","false","true","Verein zur Foerderung eines Deutschen Forschungsne","en-US","./livestream/master.m3u8","1571502240000","1569888000000",,"iOS","12","4","598","1",,"0","0","videojs",,"136","html5","videojs-7.6.0",,"BE","667","375","0","WINDOW","0","setup","hls","1571502248000","30d97ce2-fade-4abf-98b4-7438472aa276","0","0","Horus Live","0","0","0","Horus Live","0","0","0","0",,,,,"web"
"v2.5.4","680","0",,"Mobile Safari","12","1","0",,"berlin","1571502292000","DE","aa33a0b1-178d-4364-845f-a1f032568123","Mozilla/5.0 (iPhone; CPU iPhone OS 12_4_1 like Mac OS X) AppleWebKit/605.1.15 (KHTML, like Gecko) Version/12.1.2 Mobile/15E148 Safari/604.1",,,,"cba93630-ea2c-4260-a756-04ac5c07c283","1571443200000","iPhone","panoplay.duckdns.org",,,"0","8",,,"Festival of Lights - Demo","1571500800000","09df28c5-7860-4fdd-a36b-f7102afd2240","193.175.2.0","false","true","true","Verein zur Foerderung eines Deutschen Forschungsne","en-US","./livestream/master.m3u8","1571502240000","1569888000000",,"iOS","12","4","0","1",,"0","8","videojs",,"0","html5","videojs-7.6.0",,"BE","667","375","0","WINDOW","0","playing","hls","1571502292000","30d97ce2-fade-4abf-98b4-7438472aa276","0",,"Horus Live","720","720","0","Horus Live","0","0","48052","48052",,,,,"web"
"v2.5.4","680","0",,"Mobile Safari","12","1","0",,"berlin","1571502292000","DE","aa33a0b1-178d-4364-845f-a1f032568123","Mozilla/5.0 (iPhone; CPU iPhone OS 12_4_1 like Mac OS X) AppleWebKit/605.1.15 (KHTML, like Gecko) Version/12.1.2 Mobile/15E148 Safari/604.1",,,,"cba93630-ea2c-4260-a756-04ac5c07c283","1571443200000","iPhone","panoplay.duckdns.org",,,"0","26",,,"Festival of Lights - Demo","1571500800000","09df28c5-7860-4fdd-a36b-f7102afd2240","193.175.2.0","false","true","true","Verein zur Foerderung eines Deutschen Forschungsne","en-US","./livestream/master.m3u8","1571502240000","1569888000000",,"iOS","12","4","0","1",,"0","26","videojs",,"0","html5","videojs-7.6.0",,"BE","667","375","0","WINDOW","0","playing","hls","1571502292000","30d97ce2-fade-4abf-98b4-7438472aa276","0",,"Horus Live","720","720","0","Horus Live","0","0","48220","48194",,,,,"web"
"v2.5.4","680","0",,"Mobile Safari","12","1","249",,"berlin","1571502292000","DE","aa33a0b1-178d-4364-845f-a1f032568123","Mozilla/5.0 (iPhone; CPU iPhone OS 12_4_1 like Mac OS X) AppleWebKit/605.1.15 (KHTML, like Gecko) Version/12.1.2 Mobile/15E148 Safari/604.1",,,,"cba93630-ea2c-4260-a756-04ac5c07c283","1571443200000","iPhone","panoplay.duckdns.org",,,"0","249",,,"Festival of Lights - Demo","1571500800000","09df28c5-7860-4fdd-a36b-f7102afd2240","193.175.2.0","false","true","true","Verein zur Foerderung eines Deutschen Forschungsne","en-US","./livestream/master.m3u8","1571502240000","1569888000000",,"iOS","12","4","0","1",,"0","0","videojs",,"0","html5","videojs-7.6.0",,"BE","667","375","0","WINDOW","0","rebuffering","hls","1571502292000","30d97ce2-fade-4abf-98b4-7438472aa276","0",,"Horus Live","720","720","0","Horus Live","0","0","48194","48052",,,,,"web"
"v2.5.4","680","0",,"Mobile Safari","12","1","0",,"berlin","1571502292000","DE","aa33a0b1-178d-4364-845f-a1f032568123","Mozilla/5.0 (iPhone; CPU iPhone OS 12_4_1 like Mac OS X) AppleWebKit/605.1.15 (KHTML, like Gecko) Version/12.1.2 Mobile/15E148 Safari/604.1",,,,"cba93630-ea2c-4260-a756-04ac5c07c283","1571443200000","iPhone","panoplay.duckdns.org",,,"0","42975",,,"Festival of Lights - Demo","1571500800000","09df28c5-7860-4fdd-a36b-f7102afd2240","193.175.2.0","false","true","true","Verein zur Foerderung eines Deutschen Forschungsne","en-US","./livestream/master.m3u8","1571502240000","1569888000000",,"iOS","12","4","0","1",,"0","42975","videojs",,"0","html5","videojs-7.6.0",,"BE","667","375","0","WINDOW","0","playing","hls","1571502292000","30d97ce2-fade-4abf-98b4-7438472aa276","0",,"Horus Live","720","720","241","Horus Live","0","0","47529","4253",,,,,"web"
"v2.5.4","680","0",,"Mobile Safari","12","1","0",,"berlin","1571502292000","DE","aa33a0b1-178d-4364-845f-a1f032568123","Mozilla/5.0 (iPhone; CPU iPhone OS 12_4_1 like Mac OS X) AppleWebKit/605.1.15 (KHTML, like Gecko) Version/12.1.2 Mobile/15E148 Safari/604.1",,,,"cba93630-ea2c-4260-a756-04ac5c07c283","1571443200000","iPhone","panoplay.duckdns.org",,,"0","169",,,"Festival of Lights - Demo","1571500800000","09df28c5-7860-4fdd-a36b-f7102afd2240","193.175.2.0","false","true","true","Verein zur Foerderung eines Deutschen Forschungsne","en-US","./livestream/master.m3u8","1571502240000","1569888000000",,"iOS","12","4","0","1",,"169","0","videojs",,"0","html5","videojs-7.6.0",,"BE","667","375","0","WINDOW","0","pause","hls","1571502292000","30d97ce2-fade-4abf-98b4-7438472aa276","0",,"Horus Live","720","720","0","Horus Live","0","0","48052","47529",,,,,"web"
"v2.5.4","680","0",,"Mobile Safari","12","1","247",,"berlin","1571502292000","DE","aa33a0b1-178d-4364-845f-a1f032568123","Mozilla/5.0 (iPhone; CPU iPhone OS 12_4_1 like Mac OS X) AppleWebKit/605.1.15 (KHTML, like Gecko) Version/12.1.2 Mobile/15E148 Safari/604.1",,,,"cba93630-ea2c-4260-a756-04ac5c07c283","1571443200000","iPhone","panoplay.duckdns.org",,,"0","247",,,"Festival of Lights - Demo","1571500800000","09df28c5-7860-4fdd-a36b-f7102afd2240","193.175.2.0","false","true","true","Verein zur Foerderung eines Deutschen Forschungsne","en-US","./livestream/master.m3u8","1571502240000","1569888000000",,"iOS","12","4","0","1",,"0","0","videojs",,"0","html5","videojs-7.6.0",,"BE","667","375","0","WINDOW","0","rebuffering","hls","1571502292000","30d97ce2-fade-4abf-98b4-7438472aa276","0",,"Horus Live","720","720","0","Horus Live","0","0","48466","48220",,,,,"web"
"v2.5.4","680","0",,"Mobile Safari","12","1","0",,"berlin","1571502313000","DE","aa33a0b1-178d-4364-845f-a1f032568123","Mozilla/5.0 (iPhone; CPU iPhone OS 12_4_1 like Mac OS X) AppleWebKit/605.1.15 (KHTML, like Gecko) Version/12.1.2 Mobile/15E148 Safari/604.1",,,,"cba93630-ea2c-4260-a756-04ac5c07c283","1571443200000","iPhone","panoplay.duckdns.org",,,"0","295",,,"Festival of Lights - Demo","1571500800000","09df28c5-7860-4fdd-a36b-f7102afd2240","193.175.2.0","false","true","true","Verein zur Foerderung eines Deutschen Forschungsne","en-US","./livestream/master.m3u8","1571502300000","1569888000000",,"iOS","12","4","0","1",,"295","0","videojs",,"0","html5","videojs-7.6.0",,"BE","667","375","0","WINDOW","0","pause","hls","1571502313000","30d97ce2-fade-4abf-98b4-7438472aa276","0",,"Horus Live","720","720","0","Horus Live","0","0","68072","69542",,,,,"web"
"v2.5.4","680","0",,"Mobile Safari","12","1","0",,"berlin","1571502313000","DE","aa33a0b1-178d-4364-845f-a1f032568123","Mozilla/5.0 (iPhone; CPU iPhone OS 12_4_1 like Mac OS X) AppleWebKit/605.1.15 (KHTML, like Gecko) Version/12.1.2 Mobile/15E148 Safari/604.1",,,,"cba93630-ea2c-4260-a756-04ac5c07c283","1571443200000","iPhone","panoplay.duckdns.org",,,"0","20459",,,"Festival of Lights - Demo","1571500800000","09df28c5-7860-4fdd-a36b-f7102afd2240","193.175.2.0","false","true","true","Verein zur Foerderung eines Deutschen Forschungsne","en-US","./livestream/master.m3u8","1571502300000","1569888000000",,"iOS","12","4","0","1",,"0","20459","videojs",,"0","html5","videojs-7.6.0",,"BE","667","375","0","WINDOW","0","playing","hls","1571502313000","30d97ce2-fade-4abf-98b4-7438472aa276","0",,"Horus Live","720","720","0","Horus Live","0","0","69542","48466",,,,,"web"
"v2.5.4","680","0",,"Mobile Safari","12","1","0",,"berlin","1571502338000","DE","aa33a0b1-178d-4364-845f-a1f032568123","Mozilla/5.0 (iPhone; CPU iPhone OS 12_4_1 like Mac OS X) AppleWebKit/605.1.15 (KHTML, like Gecko) Version/12.1.2 Mobile/15E148 Safari/604.1",,,,"cba93630-ea2c-4260-a756-04ac5c07c283","1571443200000","iPhone","panoplay.duckdns.org",,,"0","6",,,"Festival of Lights - Demo","1571500800000","09df28c5-7860-4fdd-a36b-f7102afd2240","193.175.2.0","false","true","true","Verein zur Foerderung eines Deutschen Forschungsne","en-US","./livestream/master.m3u8","1571502300000","1569888000000",,"iOS","12","4","0","1",,"0","6","videojs",,"0","html5","videojs-7.6.0",,"BE","667","375","0","WINDOW","0","playing","hls","1571502338000","30d97ce2-fade-4abf-98b4-7438472aa276","0",,"Horus Live","720","720","0","Horus Live","0","0","94097","94097",,,,,"web"
"v2.5.4","680","0",,"Mobile Safari","12","1","0",,"berlin","1571502338000","DE","aa33a0b1-178d-4364-845f-a1f032568123","Mozilla/5.0 (iPhone; CPU iPhone OS 12_4_1 like Mac OS X) AppleWebKit/605.1.15 (KHTML, like Gecko) Version/12.1.2 Mobile/15E148 Safari/604.1",,,,"cba93630-ea2c-4260-a756-04ac5c07c283","1571443200000","iPhone","panoplay.duckdns.org",,,"0","19",,,"Festival of Lights - Demo","1571500800000","09df28c5-7860-4fdd-a36b-f7102afd2240","193.175.2.0","false","true","true","Verein zur Foerderung eines Deutschen Forschungsne","en-US","./livestream/master.m3u8","1571502300000","1569888000000",,"iOS","12","4","0","1",,"0","19","videojs",,"0","html5","videojs-7.6.0",,"BE","667","375","0","WINDOW","0","playing","hls","1571502338000","30d97ce2-fade-4abf-98b4-7438472aa276","0",,"Horus Live","720","720","0","Horus Live","0","0","94162","94143",,,,,"web"
"v2.5.4","680","0",,"Mobile Safari","12","1","0",,"berlin","1571502338000","DE","aa33a0b1-178d-4364-845f-a1f032568123","Mozilla/5.0 (iPhone; CPU iPhone OS 12_4_1 like Mac OS X) AppleWebKit/605.1.15 (KHTML, like Gecko) Version/12.1.2 Mobile/15E148 Safari/604.1",,,,"cba93630-ea2c-4260-a756-04ac5c07c283","1571443200000","iPhone","panoplay.duckdns.org",,,"0","24841",,,"Festival of Lights - Demo","1571500800000","09df28c5-7860-4fdd-a36b-f7102afd2240","193.175.2.0","false","true","true","Verein zur Foerderung eines Deutschen Forschungsne","en-US","./livestream/master.m3u8","1571502300000","1569888000000",,"iOS","12","4","0","1",,"0","24841","videojs",,"0","html5","videojs-7.6.0",,"BE","667","375","0","WINDOW","0","playing","hls","1571502338000","30d97ce2-fade-4abf-98b4-7438472aa276","0",,"Horus Live","720","720","0","Horus Live","0","0","94367","68072",,,,,"web"
"v2.5.4","680","0",,"Mobile Safari","12","1","143",,"berlin","1571502338000","DE","aa33a0b1-178d-4364-845f-a1f032568123","Mozilla/5.0 (iPhone; CPU iPhone OS 12_4_1 like Mac OS X) AppleWebKit/605.1.15 (KHTML, like Gecko) Version/12.1.2 Mobile/15E148 Safari/604.1",,,,"cba93630-ea2c-4260-a756-04ac5c07c283","1571443200000","iPhone","panoplay.duckdns.org",,,"0","143",,,"Festival of Lights - Demo","1571500800000","09df28c5-7860-4fdd-a36b-f7102afd2240","193.175.2.0","false","true","true","Verein zur Foerderung eines Deutschen Forschungsne","en-US","./livestream/master.m3u8","1571502300000","1569888000000",,"iOS","12","4","0","1",,"0","0","videojs",,"0","html5","videojs-7.6.0",,"BE","667","375","0","WINDOW","0","rebuffering","hls","1571502338000","30d97ce2-fade-4abf-98b4-7438472aa276","0",,"Horus Live","720","720","0","Horus Live","0","0","94143","94097",,,,,"web"
"v2.5.4","680","0",,"Mobile Safari","12","1","0",,"berlin","1571502338000","DE","aa33a0b1-178d-4364-845f-a1f032568123","Mozilla/5.0 (iPhone; CPU iPhone OS 12_4_1 like Mac OS X) AppleWebKit/605.1.15 (KHTML, like Gecko) Version/12.1.2 Mobile/15E148 Safari/604.1",,,,"cba93630-ea2c-4260-a756-04ac5c07c283","1571443200000","iPhone","panoplay.duckdns.org",,,"0","272",,,"Festival of Lights - Demo","1571500800000","09df28c5-7860-4fdd-a36b-f7102afd2240","193.175.2.0","false","true","true","Verein zur Foerderung eines Deutschen Forschungsne","en-US","./livestream/master.m3u8","1571502300000","1569888000000",,"iOS","12","4","0","1",,"272","0","videojs",,"0","html5","videojs-7.6.0",,"BE","667","375","0","WINDOW","0","pause","hls","1571502338000","30d97ce2-fade-4abf-98b4-7438472aa276","0",,"Horus Live","720","720","0","Horus Live","0","0","94097","94367",,,,,"web"
"v2.5.4","680","0",,"Mobile Safari","12","1","284",,"berlin","1571502339000","DE","aa33a0b1-178d-4364-845f-a1f032568123","Mozilla/5.0 (iPhone; CPU iPhone OS 12_4_1 like Mac OS X) AppleWebKit/605.1.15 (KHTML, like Gecko) Version/12.1.2 Mobile/15E148 Safari/604.1",,,,"cba93630-ea2c-4260-a756-04ac5c07c283","1571443200000","iPhone","panoplay.duckdns.org",,,"0","284",,,"Festival of Lights - Demo","1571500800000","09df28c5-7860-4fdd-a36b-f7102afd2240","193.175.2.0","false","true","true","Verein zur Foerderung eines Deutschen Forschungsne","en-US","./livestream/master.m3u8","1571502300000","1569888000000",,"iOS","12","4","0","1",,"0","0","videojs",,"0","html5","videojs-7.6.0",,"BE","667","375","0","WINDOW","0","rebuffering","hls","1571502339000","30d97ce2-fade-4abf-98b4-7438472aa276","0",,"Horus Live","720","720","0","Horus Live","0","0","94446","94162",,,,,"web"
"v2.5.4","680","0",,"Mobile Safari","12","1","0",,"berlin","1571502347000","DE","aa33a0b1-178d-4364-845f-a1f032568123","Mozilla/5.0 (iPhone; CPU iPhone OS 12_4_1 like Mac OS X) AppleWebKit/605.1.15 (KHTML, like Gecko) Version/12.1.2 Mobile/15E148 Safari/604.1",,,,"cba93630-ea2c-4260-a756-04ac5c07c283","1571443200000","iPhone","panoplay.duckdns.org",,,"0","8596",,,"Festival of Lights - Demo","1571500800000","09df28c5-7860-4fdd-a36b-f7102afd2240","193.175.2.0","false","true","true","Verein zur Foerderung eines Deutschen Forschungsne","en-US","./livestream/master.m3u8","1571502300000","1569888000000",,"iOS","12","4","0","1",,"0","8596","videojs",,"0","html5","videojs-7.6.0",,"BE","667","375","0","WINDOW","0","playing","hls","1571502347000","30d97ce2-fade-4abf-98b4-7438472aa276","0",,"Horus Live","720","720","0","Horus Live","0","0","99858","94446",,,,,"web"
"v2.5.4","680","0",,"Mobile Safari","12","1","0",,"berlin","1571502347000","DE","aa33a0b1-178d-4364-845f-a1f032568123","Mozilla/5.0 (iPhone; CPU iPhone OS 12_4_1 like Mac OS X) AppleWebKit/605.1.15 (KHTML, like Gecko) Version/12.1.2 Mobile/15E148 Safari/604.1",,,,"cba93630-ea2c-4260-a756-04ac5c07c283","1571443200000","iPhone","panoplay.duckdns.org",,,"0","4",,,"Festival of Lights - Demo","1571500800000","09df28c5-7860-4fdd-a36b-f7102afd2240","193.175.2.0","false","true","true","Verein zur Foerderung eines Deutschen Forschungsne","en-US","./livestream/master.m3u8","1571502300000","1569888000000",,"iOS","12","4","0","1",,"0","4","videojs",,"0","html5","videojs-7.6.0",,"BE","667","375","0","WINDOW","0","playing","hls","1571502347000","30d97ce2-fade-4abf-98b4-7438472aa276","0",,"Horus Live","720","720","0","Horus Live","0","0","104107","104107",,,,,"web"
"v2.5.4","680","0",,"Mobile Safari","12","1","0",,"berlin","1571502347000","DE","aa33a0b1-178d-4364-845f-a1f032568123","Mozilla/5.0 (iPhone; CPU iPhone OS 12_4_1 like Mac OS X) AppleWebKit/605.1.15 (KHTML, like Gecko) Version/12.1.2 Mobile/15E148 Safari/604.1",,,,"cba93630-ea2c-4260-a756-04ac5c07c283","1571443200000","iPhone","panoplay.duckdns.org",,,"0","218",,,"Festival of Lights - Demo","1571500800000","09df28c5-7860-4fdd-a36b-f7102afd2240","193.175.2.0","false","true","true","Verein zur Foerderung eines Deutschen Forschungsne","en-US","./livestream/master.m3u8","1571502300000","1569888000000",,"iOS","12","4","0","1",,"218","0","videojs",,"0","html5","videojs-7.6.0",,"BE","667","375","0","WINDOW","0","pause","hls","1571502347000","30d97ce2-fade-4abf-98b4-7438472aa276","0",,"Horus Live","720","720","0","Horus Live","0","0","104107","99858",,,,,"web"
"v2.5.4","680","0",,"Mobile Safari","12","1","93",,"berlin","1571502348000","DE","aa33a0b1-178d-4364-845f-a1f032568123","Mozilla/5.0 (iPhone; CPU iPhone OS 12_4_1 like Mac OS X) AppleWebKit/605.1.15 (KHTML, like Gecko) Version/12.1.2 Mobile/15E148 Safari/604.1",,,,"cba93630-ea2c-4260-a756-04ac5c07c283","1571443200000","iPhone","panoplay.duckdns.org",,,"0","93",,,"Festival of Lights - Demo","1571500800000","09df28c5-7860-4fdd-a36b-f7102afd2240","193.175.2.0","false","true","true","Verein zur Foerderung eines Deutschen Forschungsne","en-US","./livestream/master.m3u8","1571502300000","1569888000000",,"iOS","12","4","0","1",,"0","0","videojs",,"0","html5","videojs-7.6.0",,"BE","667","375","0","WINDOW","0","rebuffering","hls","1571502348000","30d97ce2-fade-4abf-98b4-7438472aa276","0",,"Horus Live","720","720","0","Horus Live","0","0","104107","104107",,,,,"web"
"v2.5.4","680","0",,"Mobile Safari","12","1","0",,"berlin","1571502348000","DE","aa33a0b1-178d-4364-845f-a1f032568123","Mozilla/5.0 (iPhone; CPU iPhone OS 12_4_1 like Mac OS X) AppleWebKit/605.1.15 (KHTML, like Gecko) Version/12.1.2 Mobile/15E148 Safari/604.1",,,,"cba93630-ea2c-4260-a756-04ac5c07c283","1571443200000","iPhone","panoplay.duckdns.org",,,"0","2",,,"Festival of Lights - Demo","1571500800000","09df28c5-7860-4fdd-a36b-f7102afd2240","193.175.2.0","false","true","true","Verein zur Foerderung eines Deutschen Forschungsne","en-US","./livestream/master.m3u8","1571502300000","1569888000000",,"iOS","12","4","0","1",,"0","2","videojs",,"0","html5","videojs-7.6.0",,"BE","667","375","0","WINDOW","0","playing","hls","1571502348000","30d97ce2-fade-4abf-98b4-7438472aa276","0",,"Horus Live","720","720","0","Horus Live","0","0","101853","101853",,,,,"web"
"v2.5.4","680","0",,"Mobile Safari","12","1","0",,"berlin","1571502348000","DE","aa33a0b1-178d-4364-845f-a1f032568123","Mozilla/5.0 (iPhone; CPU iPhone OS 12_4_1 like Mac OS X) AppleWebKit/605.1.15 (KHTML, like Gecko) Version/12.1.2 Mobile/15E148 Safari/604.1",,,,"cba93630-ea2c-4260-a756-04ac5c07c283","1571443200000","iPhone","panoplay.duckdns.org",,,"0","17",,,"Festival of Lights - Demo","1571500800000","09df28c5-7860-4fdd-a36b-f7102afd2240","193.175.2.0","false","true","true","Verein zur Foerderung eines Deutschen Forschungsne","en-US","./livestream/master.m3u8","1571502300000","1569888000000",,"iOS","12","4","0","1",,"0","17","videojs",,"0","html5","videojs-7.6.0",,"BE","667","375","0","WINDOW","0","playing","hls","1571502348000","30d97ce2-fade-4abf-98b4-7438472aa276","0",,"Horus Live","720","720","0","Horus Live","0","0","104130","104107",,,,,"web"
"v2.5.4","680","0",,"Mobile Safari","12","1","143",,"berlin","1571502348000","DE","aa33a0b1-178d-4364-845f-a1f032568123","Mozilla/5.0 (iPhone; CPU iPhone OS 12_4_1 like Mac OS X) AppleWebKit/605.1.15 (KHTML, like Gecko) Version/12.1.2 Mobile/15E148 Safari/604.1",,,,"cba93630-ea2c-4260-a756-04ac5c07c283","1571443200000","iPhone","panoplay.duckdns.org",,,"0","143",,,"Festival of Lights - Demo","1571500800000","09df28c5-7860-4fdd-a36b-f7102afd2240","193.175.2.0","false","true","true","Verein zur Foerderung eines Deutschen Forschungsne","en-US","./livestream/master.m3u8","1571502300000","1569888000000",,"iOS","12","4","0","1",,"0","0","videojs",,"0","html5","videojs-7.6.0",,"BE","667","375","0","WINDOW","0","rebuffering","hls","1571502348000","30d97ce2-fade-4abf-98b4-7438472aa276","0",,"Horus Live","720","720","0","Horus Live","0","0","101853","104130",,,,,"web"
"v2.5.4","680","0",,"Mobile Safari","12","1","390",,"berlin","1571502348000","DE","aa33a0b1-178d-4364-845f-a1f032568123","Mozilla/5.0 (iPhone; CPU iPhone OS 12_4_1 like Mac OS X) AppleWebKit/605.1.15 (KHTML, like Gecko) Version/12.1.2 Mobile/15E148 Safari/604.1",,,,"cba93630-ea2c-4260-a756-04ac5c07c283","1571443200000","iPhone","panoplay.duckdns.org",,,"0","390",,,"Festival of Lights - Demo","1571500800000","09df28c5-7860-4fdd-a36b-f7102afd2240","193.175.2.0","false","true","true","Verein zur Foerderung eines Deutschen Forschungsne","en-US","./livestream/master.m3u8","1571502300000","1569888000000",,"iOS","12","4","0","1",,"0","0","videojs",,"0","html5","videojs-7.6.0",,"BE","667","375","0","WINDOW","0","rebuffering","hls","1571502348000","30d97ce2-fade-4abf-98b4-7438472aa276","0",,"Horus Live","720","720","0","Horus Live","0","0","104505","104116",,,,,"web"
"v2.5.4","680","0",,"Mobile Safari","12","1","0",,"berlin","1571502348000","DE","aa33a0b1-178d-4364-845f-a1f032568123","Mozilla/5.0 (iPhone; CPU iPhone OS 12_4_1 like Mac OS X) AppleWebKit/605.1.15 (KHTML, like Gecko) Version/12.1.2 Mobile/15E148 Safari/604.1",,,,"cba93630-ea2c-4260-a756-04ac5c07c283","1571443200000","iPhone","panoplay.duckdns.org",,,"0","187",,,"Festival of Lights - Demo","1571500800000","09df28c5-7860-4fdd-a36b-f7102afd2240","193.175.2.0","false","true","true","Verein zur Foerderung eines Deutschen Forschungsne","en-US","./livestream/master.m3u8","1571502300000","1569888000000",,"iOS","12","4","0","1",,"187","0","videojs",,"0","html5","videojs-7.6.0",,"BE","667","375","0","WINDOW","0","pause","hls","1571502348000","30d97ce2-fade-4abf-98b4-7438472aa276","0",,"Horus Live","720","720","0","Horus Live","0","0","104107","101853",,,,,"web"
"v2.5.4","680","0",,"Mobile Safari","12","1","0",,"berlin","1571502348000","DE","aa33a0b1-178d-4364-845f-a1f032568123","Mozilla/5.0 (iPhone; CPU iPhone OS 12_4_1 like Mac OS X) AppleWebKit/605.1.15 (KHTML, like Gecko) Version/12.1.2 Mobile/15E148 Safari/604.1",,,,"cba93630-ea2c-4260-a756-04ac5c07c283","1571443200000","iPhone","panoplay.duckdns.org",,,"0","105",,,"Festival of Lights - Demo","1571500800000","09df28c5-7860-4fdd-a36b-f7102afd2240","193.175.2.0","false","true","true","Verein zur Foerderung eines Deutschen Forschungsne","en-US","./livestream/master.m3u8","1571502300000","1569888000000",,"iOS","12","4","0","1",,"0","105","videojs",,"0","html5","videojs-7.6.0",,"BE","667","375","0","WINDOW","0","playing","hls","1571502348000","30d97ce2-fade-4abf-98b4-7438472aa276","0",,"Horus Live","720","720","0","Horus Live","0","0","104116","104107",,,,,"web"
"v2.5.4","680","0",,"Firefox","69","0","0",,"berlin","1571502452000","DE","dbecf3c9-9d2d-47ce-a02a-eace6b8a8d78","Mozilla/5.0 (X11; Ubuntu; Linux x86_64; rv:69.0) Gecko/20100101 Firefox/69.0",,,,"8d4cd5fe-ad2c-4c31-aa92-d848cdb05351","1571443200000","Other","panoplay.duckdns.org",,,"0","1599418",,,"Festival of Lights - Demo","1571500800000","a10a81c9-8ae1-454e-ac48-62b42f832314","193.175.2.0","false","false","true","Verein zur Foerderung eines Deutschen Forschungsne","en-US","./livestream/master.m3u8","1571502420000","1569888000000",,"Ubuntu",,,"0","1",,"0","1599418","videojs",,"0","html5","videojs-7.6.0",,"BE","1200","1920","0","WINDOW","0","pause","hls","1571502452000","c464a592-8340-49ee-b9a3-87493e6e6c3c","6600000","244344","Horus Live","2816","2816","0","Horus Live","0","0","244344","244344",,,,,"web"
"v2.5.4","680","0",,"Mobile Safari","12","1","0",,"berlin","1571502547000","DE","aa33a0b1-178d-4364-845f-a1f032568123","Mozilla/5.0 (iPhone; CPU iPhone OS 12_4_1 like Mac OS X) AppleWebKit/605.1.15 (KHTML, like Gecko) Version/12.1.2 Mobile/15E148 Safari/604.1",,,,"cba93630-ea2c-4260-a756-04ac5c07c283","1571443200000","iPhone","panoplay.duckdns.org",,,"0","198608",,,"Festival of Lights - Demo","1571500800000","09df28c5-7860-4fdd-a36b-f7102afd2240","193.175.2.0","false","true","true","Verein zur Foerderung eines Deutschen Forschungsne","en-US","./livestream/master.m3u8","1571502540000","1569888000000",,"iOS","12","4","0","1",,"0","198608","videojs",,"0","html5","videojs-7.6.0",,"BE","667","375","0","WINDOW","0","playing","hls","1571502547000","30d97ce2-fade-4abf-98b4-7438472aa276","0",,"Horus Live","720","720","0","Horus Live","0","0","133225","104505",,,,,"web"
"v2.5.4","680","0",,"Mobile Safari","12","1","0",,"berlin","1571502547000","DE","aa33a0b1-178d-4364-845f-a1f032568123","Mozilla/5.0 (iPhone; CPU iPhone OS 12_4_1 like Mac OS X) AppleWebKit/605.1.15 (KHTML, like Gecko) Version/12.1.2 Mobile/15E148 Safari/604.1",,,,"cba93630-ea2c-4260-a756-04ac5c07c283","1571443200000","iPhone","panoplay.duckdns.org",,,"0","0","3","The media playback was aborted due to a corruption problem or because the media used features your browser did not support.","Festival of Lights - Demo","1571500800000","09df28c5-7860-4fdd-a36b-f7102afd2240","193.175.2.0","false","true","true","Verein zur Foerderung eines Deutschen Forschungsne","en-US","./livestream/master.m3u8","1571502540000","1569888000000",,"iOS","12","4","0","1",,"0","0","videojs",,"0","html5","videojs-7.6.0",,"BE","667","375","0","WINDOW","0","error","hls","1571502547000","30d97ce2-fade-4abf-98b4-7438472aa276","0",,"Horus Live","720","720","0","Horus Live","0","0","133134","133134",,,,,"web"
"v2.5.4","680","0",,"Mobile Safari","12","1","0",,"berlin","1571502547000","DE","aa33a0b1-178d-4364-845f-a1f032568123","Mozilla/5.0 (iPhone; CPU iPhone OS 12_4_1 like Mac OS X) AppleWebKit/605.1.15 (KHTML, like Gecko) Version/12.1.2 Mobile/15E148 Safari/604.1",,,,"cba93630-ea2c-4260-a756-04ac5c07c283","1571443200000","iPhone","panoplay.duckdns.org",,,"0","6",,,"Festival of Lights - Demo","1571500800000","09df28c5-7860-4fdd-a36b-f7102afd2240","193.175.2.0","false","true","true","Verein zur Foerderung eines Deutschen Forschungsne","en-US","./livestream/master.m3u8","1571502540000","1569888000000",,"iOS","12","4","0","1",,"0","6","videojs",,"0","html5","videojs-7.6.0",,"BE","667","375","0","WINDOW","0","playing","hls","1571502547000","30d97ce2-fade-4abf-98b4-7438472aa276","0",,"Horus Live","720","720","0","Horus Live","0","0","133225","133225",,,,,"web"
"v2.5.4","680","0",,"Mobile Safari","12","1","0",,"berlin","1571502547000","DE","aa33a0b1-178d-4364-845f-a1f032568123","Mozilla/5.0 (iPhone; CPU iPhone OS 12_4_1 like Mac OS X) AppleWebKit/605.1.15 (KHTML, like Gecko) Version/12.1.2 Mobile/15E148 Safari/604.1",,,,"cba93630-ea2c-4260-a756-04ac5c07c283","1571443200000","iPhone","panoplay.duckdns.org",,,"0","90",,,"Festival of Lights - Demo","1571500800000","09df28c5-7860-4fdd-a36b-f7102afd2240","193.175.2.0","false","true","true","Verein zur Foerderung eines Deutschen Forschungsne","en-US","./livestream/master.m3u8","1571502540000","1569888000000",,"iOS","12","4","0","1",,"90","0","videojs",,"0","html5","videojs-7.6.0",,"BE","667","375","0","WINDOW","0","pause","hls","1571502547000","30d97ce2-fade-4abf-98b4-7438472aa276","0",,"Horus Live","720","720","0","Horus Live","0","0","133134","133225",,,,,"web"
"v2.5.4","680","0",,"Chrome Mobile","77","0","0",,"berlin","1571503112000","DE","ee9f7842-a8e3-4217-a551-1560a7fb2e95","Mozilla/5.0 (Linux; Android 9; Nokia 6.1) AppleWebKit/537.36 (KHTML, like Gecko) Chrome/77.0.3865.116 Mobile Safari/537.36",,,,"8c887b3d-1218-4a5e-947c-4be12012c463","1571443200000","Nokia 6","panoplay.duckdns.org",,,"0","914620",,,"Festival of Lights - Demo","1571500800000","91bcc6e4-2e69-4620-b67d-647065443acb","193.175.2.0","false","true","true","Verein zur Foerderung eines Deutschen Forschungsne","en-US","./livestream/master.m3u8","1571503080000","1569888000000",,"Android","9",,"0","1",,"914620","0","videojs",,"0","html5","videojs-7.6.0",,"BE","732","412","0","WINDOW","0","pause","hls","1571503112000","426a0570-f483-4cc6-bf52-afe08c19cecd","6600000",,"Horus Live","720","720","0","Horus Live","0","0","42715","42715",,,,,"web"
"v2.5.4","680","0",,"Chrome Mobile","77","0","0",,"berlin","1571503114000","DE","ee9f7842-a8e3-4217-a551-1560a7fb2e95","Mozilla/5.0 (Linux; Android 9; Nokia 6.1) AppleWebKit/537.36 (KHTML, like Gecko) Chrome/77.0.3865.116 Mobile Safari/537.36",,,,"8c887b3d-1218-4a5e-947c-4be12012c463","1571443200000","Nokia 6","panoplay.duckdns.org",,,"0","2554",,,"Festival of Lights - Demo","1571500800000","91bcc6e4-2e69-4620-b67d-647065443acb","193.175.2.0","false","true","true","Verein zur Foerderung eines Deutschen Forschungsne","en-US","./livestream/master.m3u8","1571503080000","1569888000000",,"Android","9",,"0","1",,"0","2554","videojs",,"0","html5","videojs-7.6.0",,"BE","732","412","0","WINDOW","0","playing","hls","1571503114000","426a0570-f483-4cc6-bf52-afe08c19cecd","6600000",,"Horus Live","720","720","0","Horus Live","0","0","44874","42715",,,,,"web"
"v2.5.4","680","0",,"Chrome Mobile","77","0","0",,"berlin","1571503115000","DE","7a4265bc-9c9a-4b65-9307-d3689c786ada","Mozilla/5.0 (Linux; Android 9; Nokia 6.1) AppleWebKit/537.36 (KHTML, like Gecko) Chrome/77.0.3865.116 Mobile Safari/537.36",,,,"8c887b3d-1218-4a5e-947c-4be12012c463","1571443200000","Nokia 6","panoplay.duckdns.org",,,"0","157",,,"Festival of Lights - Demo","1571500800000","93a50a67-1985-4a0c-b30e-398f182e50ad","193.175.2.0","false","false","true","Verein zur Foerderung eines Deutschen Forschungsne","en-US","./livestream/master.m3u8","1571503080000","1569888000000",,"Android","9",,"1103","1",,"0","0","videojs",,"157","html5","videojs-7.6.0",,"BE","732","412","0","WINDOW","0","setup","hls","1571503115000","426a0570-f483-4cc6-bf52-afe08c19cecd","0","0","Horus Live","0","0","0","Horus Live","0","0","0","0",,,,,"web"
"v2.5.4","680","0",,"Chrome Mobile","77","0","0",,"berlin","1571503117000","DE","7a4265bc-9c9a-4b65-9307-d3689c786ada","Mozilla/5.0 (Linux; Android 9; Nokia 6.1) AppleWebKit/537.36 (KHTML, like Gecko) Chrome/77.0.3865.116 Mobile Safari/537.36",,,,"8c887b3d-1218-4a5e-947c-4be12012c463","1571443200000","Nokia 6","panoplay.duckdns.org",,,"0","473",,,"Festival of Lights - Demo","1571500800000","93a50a67-1985-4a0c-b30e-398f182e50ad","193.175.2.0","false","true","true","Verein zur Foerderung eines Deutschen Forschungsne","en-US","./livestream/master.m3u8","1571503080000","1569888000000",,"Android","9",,"0","1",,"0","473","videojs",,"0","html5","videojs-7.6.0",,"BE","732","412","0","WINDOW","0","playing","hls","1571503117000","426a0570-f483-4cc6-bf52-afe08c19cecd","1100000",,"Horus Live","720","720","0","Horus Live","0","0","4516","4032",,,,,"web"
"v2.5.4","680","0",,"Chrome Mobile","77","0","0",,"berlin","1571503117000","DE","7a4265bc-9c9a-4b65-9307-d3689c786ada","Mozilla/5.0 (Linux; Android 9; Nokia 6.1) AppleWebKit/537.36 (KHTML, like Gecko) Chrome/77.0.3865.116 Mobile Safari/537.36",,,,"8c887b3d-1218-4a5e-947c-4be12012c463","1571443200000","Nokia 6","panoplay.duckdns.org",,,"0","0",,,"Festival of Lights - Demo","1571500800000","93a50a67-1985-4a0c-b30e-398f182e50ad","193.175.2.0","false","true","true","Verein zur Foerderung eines Deutschen Forschungsne","en-US","./livestream/master.m3u8","1571503080000","1569888000000",,"Android","9",,"0","1",,"0","0","videojs",,"0","html5","videojs-7.6.0",,"BE","732","412","0","WINDOW","0","qualitychange","hls","1571503117000","426a0570-f483-4cc6-bf52-afe08c19cecd","6600000",,"Horus Live","720","720","0","Horus Live","0","0","4516","4516",,,,,"web"
"v2.5.4","680","0","true","Chrome Mobile","77","0","0",,"berlin","1571503117000","DE","7a4265bc-9c9a-4b65-9307-d3689c786ada","Mozilla/5.0 (Linux; Android 9; Nokia 6.1) AppleWebKit/537.36 (KHTML, like Gecko) Chrome/77.0.3865.116 Mobile Safari/537.36",,,,"8c887b3d-1218-4a5e-947c-4be12012c463","1571443200000","Nokia 6","panoplay.duckdns.org",,,"0","1490",,,"Festival of Lights - Demo","1571500800000","93a50a67-1985-4a0c-b30e-398f182e50ad","193.175.2.0","false","true","true","Verein zur Foerderung eines Deutschen Forschungsne","en-US","./livestream/master.m3u8","1571503080000","1569888000000",,"Android","9",,"0","1",,"0","0","videojs",,"0","html5","videojs-7.6.0",,"BE","732","412","0","WINDOW","1647","startup","hls","1571503117000","426a0570-f483-4cc6-bf52-afe08c19cecd","0",,"Horus Live","720","720","1490","Horus Live","0","0","4032","4004",,,,,"web"
"v2.5.4","680","0",,"Chrome Mobile","77","0","0",,"berlin","1571503117000","DE","7a4265bc-9c9a-4b65-9307-d3689c786ada","Mozilla/5.0 (Linux; Android 9; Nokia 6.1) AppleWebKit/537.36 (KHTML, like Gecko) Chrome/77.0.3865.116 Mobile Safari/537.36",,,,"8c887b3d-1218-4a5e-947c-4be12012c463","1571443200000","Nokia 6","panoplay.duckdns.org",,,"0","0",,,"Festival of Lights - Demo","1571500800000","93a50a67-1985-4a0c-b30e-398f182e50ad","193.175.2.0","false","true","true","Verein zur Foerderung eines Deutschen Forschungsne","en-US","./livestream/master.m3u8","1571503080000","1569888000000",,"Android","9",,"0","1",,"0","0","videojs",,"0","html5","videojs-7.6.0",,"BE","732","412","0","WINDOW","0","qualitychange","hls","1571503117000","426a0570-f483-4cc6-bf52-afe08c19cecd","1100000",,"Horus Live","720","720","0","Horus Live","0","0","4032","4032",,,,,"web"
"v2.5.4","680","0",,"Chrome Mobile","77","0","0",,"berlin","1571503117000","DE","7a4265bc-9c9a-4b65-9307-d3689c786ada","Mozilla/5.0 (Linux; Android 9; Nokia 6.1) AppleWebKit/537.36 (KHTML, like Gecko) Chrome/77.0.3865.116 Mobile Safari/537.36",,,,"8c887b3d-1218-4a5e-947c-4be12012c463","1571443200000","Nokia 6","panoplay.duckdns.org",,,"0","7",,,"Festival of Lights - Demo","1571500800000","93a50a67-1985-4a0c-b30e-398f182e50ad","193.175.2.0","false","true","true","Verein zur Foerderung eines Deutschen Forschungsne","en-US","./livestream/master.m3u8","1571503080000","1569888000000",,"Android","9",,"0","1",,"0","7","videojs",,"0","html5","videojs-7.6.0",,"BE","732","412","0","WINDOW","0","playing","hls","1571503117000","426a0570-f483-4cc6-bf52-afe08c19cecd","0",,"Horus Live","720","720","0","Horus Live","0","0","4032","4032",,,,,"web"
"v2.5.4","680","0",,"Chrome Mobile","77","0","0",,"berlin","1571503173000","DE","7a4265bc-9c9a-4b65-9307-d3689c786ada","Mozilla/5.0 (Linux; Android 9; Nokia 6.1) AppleWebKit/537.36 (KHTML, like Gecko) Chrome/77.0.3865.116 Mobile Safari/537.36",,,,"8c887b3d-1218-4a5e-947c-4be12012c463","1571443200000","Nokia 6","panoplay.duckdns.org",,,"0","55744",,,"Festival of Lights - Demo","1571500800000","93a50a67-1985-4a0c-b30e-398f182e50ad","193.175.2.0","false","true","true","Verein zur Foerderung eines Deutschen Forschungsne","en-US","./livestream/master.m3u8","1571503140000","1569888000000",,"Android","9",,"0","1",,"0","55744","videojs",,"0","html5","videojs-7.6.0",,"BE","732","412","0","WINDOW","0","playing","hls","1571503173000","426a0570-f483-4cc6-bf52-afe08c19cecd","6600000",,"Horus Live","720","720","0","Horus Live","0","0","60260","4516",,,,,"web"
"v2.5.4","680","0",,"Chrome Mobile","77","0","0",,"berlin","1571503173000","DE","7a4265bc-9c9a-4b65-9307-d3689c786ada","Mozilla/5.0 (Linux; Android 9; Nokia 6.1) AppleWebKit/537.36 (KHTML, like Gecko) Chrome/77.0.3865.116 Mobile Safari/537.36",,,,"8c887b3d-1218-4a5e-947c-4be12012c463","1571443200000","Nokia 6","panoplay.duckdns.org",,,"0","0",,,"Festival of Lights - Demo","1571500800000","93a50a67-1985-4a0c-b30e-398f182e50ad","193.175.2.0","false","true","true","Verein zur Foerderung eines Deutschen Forschungsne","en-US","./livestream/master.m3u8","1571503140000","1569888000000",,"Android","9",,"0","1",,"0","0","videojs",,"0","html5","videojs-7.6.0",,"BE","732","412","0","WINDOW","0","qualitychange","hls","1571503173000","426a0570-f483-4cc6-bf52-afe08c19cecd","1100000",,"Horus Live","720","720","0","Horus Live","0","0","60260","60260",,,,,"web"
"v2.5.4","680","0",,"Chrome Mobile","77","0","0",,"berlin","1571503182000","DE","7a4265bc-9c9a-4b65-9307-d3689c786ada","Mozilla/5.0 (Linux; Android 9; Nokia 6.1) AppleWebKit/537.36 (KHTML, like Gecko) Chrome/77.0.3865.116 Mobile Safari/537.36",,,,"8c887b3d-1218-4a5e-947c-4be12012c463","1571443200000","Nokia 6","panoplay.duckdns.org",,,"0","0",,,"Festival of Lights - Demo","1571500800000","93a50a67-1985-4a0c-b30e-398f182e50ad","193.175.2.0","false","true","true","Verein zur Foerderung eines Deutschen Forschungsne","en-US","./livestream/master.m3u8","1571503140000","1569888000000",,"Android","9",,"0","1",,"0","0","videojs",,"0","html5","videojs-7.6.0",,"BE","732","412","0","WINDOW","0","qualitychange","hls","1571503182000","426a0570-f483-4cc6-bf52-afe08c19cecd","6600000",,"Horus Live","720","720","0","Horus Live","0","0","69260","69260",,,,,"web"
"v2.5.4","680","0",,"Chrome Mobile","77","0","0",,"berlin","1571503182000","DE","7a4265bc-9c9a-4b65-9307-d3689c786ada","Mozilla/5.0 (Linux; Android 9; Nokia 6.1) AppleWebKit/537.36 (KHTML, like Gecko) Chrome/77.0.3865.116 Mobile Safari/537.36",,,,"8c887b3d-1218-4a5e-947c-4be12012c463","1571443200000","Nokia 6","panoplay.duckdns.org",,,"0","9000",,,"Festival of Lights - Demo","1571500800000","93a50a67-1985-4a0c-b30e-398f182e50ad","193.175.2.0","false","true","true","Verein zur Foerderung eines Deutschen Forschungsne","en-US","./livestream/master.m3u8","1571503140000","1569888000000",,"Android","9",,"0","1",,"0","9000","videojs",,"0","html5","videojs-7.6.0",,"BE","732","412","0","WINDOW","0","playing","hls","1571503182000","426a0570-f483-4cc6-bf52-afe08c19cecd","1100000",,"Horus Live","720","720","0","Horus Live","0","0","69260","60260",,,,,"web"
"v2.5.4","680","0",,"Firefox Mobile","68","0","0",,"berlin","1571503288000","DE","690dbb6e-03c2-495a-a3a0-b42de776582f","Mozilla/5.0 (Android 9; Mobile; rv:68.0) Gecko/68.0 Firefox/68.0",,,,"02ba5b6c-9e37-41de-9a1b-0a2e0ec3248b","1571443200000","Generic Smartphone","panoplay.duckdns.org",,,"0","554",,,"Festival of Lights - Demo","1571500800000","ff8749c7-e07b-47a0-8665-ddb2eb726132","193.175.2.0","false","false","true","Verein zur Foerderung eines Deutschen Forschungsne","en-US","./livestream/master.m3u8","1571503260000","1569888000000",,"Android","9",,"2276","1",,"0","0","videojs",,"554","html5","videojs-7.6.0",,"BE","688","414","0","WINDOW","0","setup","hls","1571503288000","c19c7c6b-1e96-4f06-afef-ffbbcc73e632","0","0","Horus Live","0","0","0","Horus Live","0","0","0","0",,,,,"web"
"v2.5.4","680","0",,"Firefox Mobile","68","0","0",,"berlin","1571503290000","DE","690dbb6e-03c2-495a-a3a0-b42de776582f","Mozilla/5.0 (Android 9; Mobile; rv:68.0) Gecko/68.0 Firefox/68.0",,,,"02ba5b6c-9e37-41de-9a1b-0a2e0ec3248b","1571443200000","Generic Smartphone","panoplay.duckdns.org",,,"0","7",,,"Festival of Lights - Demo","1571500800000","ff8749c7-e07b-47a0-8665-ddb2eb726132","193.175.2.0","false","true","true","Verein zur Foerderung eines Deutschen Forschungsne","en-US","./livestream/master.m3u8","1571503260000","1569888000000",,"Android","9",,"0","1",,"0","7","videojs",,"0","html5","videojs-7.6.0",,"BE","688","414","0","WINDOW","0","playing","hls","1571503290000","c19c7c6b-1e96-4f06-afef-ffbbcc73e632","0",,"Horus Live","720","720","0","Horus Live","0","0","4004","4004",,,,,"web"
"v2.5.4","680","0","true","Firefox Mobile","68","0","0",,"berlin","1571503290000","DE","690dbb6e-03c2-495a-a3a0-b42de776582f","Mozilla/5.0 (Android 9; Mobile; rv:68.0) Gecko/68.0 Firefox/68.0",,,,"02ba5b6c-9e37-41de-9a1b-0a2e0ec3248b","1571443200000","Generic Smartphone","panoplay.duckdns.org",,,"0","2027",,,"Festival of Lights - Demo","1571500800000","ff8749c7-e07b-47a0-8665-ddb2eb726132","193.175.2.0","false","true","true","Verein zur Foerderung eines Deutschen Forschungsne","en-US","./livestream/master.m3u8","1571503260000","1569888000000",,"Android","9",,"0","1",,"0","0","videojs",,"0","html5","videojs-7.6.0",,"BE","688","414","0","WINDOW","2581","startup","hls","1571503290000","c19c7c6b-1e96-4f06-afef-ffbbcc73e632","0",,"Horus Live","720","720","2027","Horus Live","0","0","4004","0",,,,,"web"
"v2.5.4","680","0",,"Firefox Mobile","68","0","0",,"berlin","1571503290000","DE","690dbb6e-03c2-495a-a3a0-b42de776582f","Mozilla/5.0 (Android 9; Mobile; rv:68.0) Gecko/68.0 Firefox/68.0",,,,"02ba5b6c-9e37-41de-9a1b-0a2e0ec3248b","1571443200000","Generic Smartphone","panoplay.duckdns.org",,,"0","0",,,"Festival of Lights - Demo","1571500800000","ff8749c7-e07b-47a0-8665-ddb2eb726132","193.175.2.0","false","true","true","Verein zur Foerderung eines Deutschen Forschungsne","en-US","./livestream/master.m3u8","1571503260000","1569888000000",,"Android","9",,"0","1",,"0","0","videojs",,"0","html5","videojs-7.6.0",,"BE","688","414","0","WINDOW","0","qualitychange","hls","1571503290000","c19c7c6b-1e96-4f06-afef-ffbbcc73e632","1100000",,"Horus Live","720","720","0","Horus Live","0","0","4004","4004",,,,,"web"
"v2.5.4","680","0",,"Firefox Mobile","68","0","0",,"berlin","1571503299000","DE","690dbb6e-03c2-495a-a3a0-b42de776582f","Mozilla/5.0 (Android 9; Mobile; rv:68.0) Gecko/68.0 Firefox/68.0",,,,"02ba5b6c-9e37-41de-9a1b-0a2e0ec3248b","1571443200000","Generic Smartphone","panoplay.duckdns.org",,,"0","9151",,,"Festival of Lights - Demo","1571500800000","ff8749c7-e07b-47a0-8665-ddb2eb726132","193.175.2.0","false","true","true","Verein zur Foerderung eines Deutschen Forschungsne","en-US","./livestream/master.m3u8","1571503260000","1569888000000",,"Android","9",,"0","1",,"0","9151","videojs",,"0","html5","videojs-7.6.0",,"BE","688","414","0","WINDOW","0","playing","hls","1571503299000","c19c7c6b-1e96-4f06-afef-ffbbcc73e632","1100000",,"Horus Live","720","720","0","Horus Live","0","0","13144","4004",,,,,"web"
"v2.5.4","680","0",,"Firefox Mobile","68","0","0",,"berlin","1571503299000","DE","690dbb6e-03c2-495a-a3a0-b42de776582f","Mozilla/5.0 (Android 9; Mobile; rv:68.0) Gecko/68.0 Firefox/68.0",,,,"02ba5b6c-9e37-41de-9a1b-0a2e0ec3248b","1571443200000","Generic Smartphone","panoplay.duckdns.org",,,"0","0",,,"Festival of Lights - Demo","1571500800000","ff8749c7-e07b-47a0-8665-ddb2eb726132","193.175.2.0","false","true","true","Verein zur Foerderung eines Deutschen Forschungsne","en-US","./livestream/master.m3u8","1571503260000","1569888000000",,"Android","9",,"0","1",,"0","0","videojs",,"0","html5","videojs-7.6.0",,"BE","688","414","0","WINDOW","0","qualitychange","hls","1571503299000","c19c7c6b-1e96-4f06-afef-ffbbcc73e632","4400000",,"Horus Live","720","720","0","Horus Live","0","0","13144","13144",,,,,"web"
"v2.5.4","680","0",,"Firefox Mobile","68","0","0",,"berlin","1571503305000","DE","690dbb6e-03c2-495a-a3a0-b42de776582f","Mozilla/5.0 (Android 9; Mobile; rv:68.0) Gecko/68.0 Firefox/68.0",,,,"02ba5b6c-9e37-41de-9a1b-0a2e0ec3248b","1571443200000","Generic Smartphone","panoplay.duckdns.org",,,"0","0",,,"Festival of Lights - Demo","1571500800000","ff8749c7-e07b-47a0-8665-ddb2eb726132","193.175.2.0","false","true","true","Verein zur Foerderung eines Deutschen Forschungsne","en-US","./livestream/master.m3u8","1571503260000","1569888000000",,"Android","9",,"0","1",,"0","0","videojs",,"0","html5","videojs-7.6.0",,"BE","688","414","0","WINDOW","0","qualitychange","hls","1571503305000","c19c7c6b-1e96-4f06-afef-ffbbcc73e632","6600000",,"Horus Live","720","720","0","Horus Live","0","0","18949","18949",,,,,"web"
"v2.5.4","680","0",,"Firefox Mobile","68","0","0",,"berlin","1571503305000","DE","690dbb6e-03c2-495a-a3a0-b42de776582f","Mozilla/5.0 (Android 9; Mobile; rv:68.0) Gecko/68.0 Firefox/68.0",,,,"02ba5b6c-9e37-41de-9a1b-0a2e0ec3248b","1571443200000","Generic Smartphone","panoplay.duckdns.org",,,"0","5788",,,"Festival of Lights - Demo","1571500800000","ff8749c7-e07b-47a0-8665-ddb2eb726132","193.175.2.0","false","true","true","Verein zur Foerderung eines Deutschen Forschungsne","en-US","./livestream/master.m3u8","1571503260000","1569888000000",,"Android","9",,"0","1",,"0","5788","videojs",,"0","html5","videojs-7.6.0",,"BE","688","414","0","WINDOW","0","playing","hls","1571503305000","c19c7c6b-1e96-4f06-afef-ffbbcc73e632","4400000",,"Horus Live","720","720","0","Horus Live","0","0","18949","13144",,,,,"web"
"v2.5.4","680","0",,"Firefox Mobile","68","0","0",,"berlin","1571503905000","DE","f0a985ca-680b-41be-97c7-96beb0aaef66","Mozilla/5.0 (Android 9; Mobile; rv:68.0) Gecko/68.0 Firefox/68.0",,,,"02ba5b6c-9e37-41de-9a1b-0a2e0ec3248b","1571443200000","Generic Smartphone","panoplay.duckdns.org",,,"0","312",,,"Festival of Lights - Demo","1571500800000","32489899-4b4f-46cc-9585-5a18edcf8073","193.175.2.0","false","false","true","Verein zur Foerderung eines Deutschen Forschungsne","en-US","./livestream/master.m3u8","1571503860000","1569888000000",,"Android","9",,"1652","1",,"0","0","videojs",,"312","html5","videojs-7.6.0",,"BE","688","414","0","WINDOW","0","setup","hls","1571503905000","c19c7c6b-1e96-4f06-afef-ffbbcc73e632","0","0","Horus Live","0","0","0","Horus Live","0","0","0","0",,,,,"web"
"v2.5.4","680","0",,"Firefox Mobile","68","0","0",,"berlin","1571503906000","DE","f0a985ca-680b-41be-97c7-96beb0aaef66","Mozilla/5.0 (Android 9; Mobile; rv:68.0) Gecko/68.0 Firefox/68.0",,,,"02ba5b6c-9e37-41de-9a1b-0a2e0ec3248b","1571443200000","Generic Smartphone","panoplay.duckdns.org",,,"0","12",,,"Festival of Lights - Demo","1571500800000","32489899-4b4f-46cc-9585-5a18edcf8073","193.175.2.0","false","true","true","Verein zur Foerderung eines Deutschen Forschungsne","en-US","./livestream/master.m3u8","1571503860000","1569888000000",,"Android","9",,"0","1",,"0","12","videojs",,"0","html5","videojs-7.6.0",,"BE","688","414","0","WINDOW","0","playing","hls","1571503906000","c19c7c6b-1e96-4f06-afef-ffbbcc73e632","0",,"Horus Live","720","720","0","Horus Live","0","0","4004","4004",,,,,"web"
"v2.5.4","680","0",,"Firefox Mobile","68","0","0",,"berlin","1571503906000","DE","f0a985ca-680b-41be-97c7-96beb0aaef66","Mozilla/5.0 (Android 9; Mobile; rv:68.0) Gecko/68.0 Firefox/68.0",,,,"02ba5b6c-9e37-41de-9a1b-0a2e0ec3248b","1571443200000","Generic Smartphone","panoplay.duckdns.org",,,"0","0",,,"Festival of Lights - Demo","1571500800000","32489899-4b4f-46cc-9585-5a18edcf8073","193.175.2.0","false","true","true","Verein zur Foerderung eines Deutschen Forschungsne","en-US","./livestream/master.m3u8","1571503860000","1569888000000",,"Android","9",,"0","1",,"0","0","videojs",,"0","html5","videojs-7.6.0",,"BE","688","414","0","WINDOW","0","qualitychange","hls","1571503906000","c19c7c6b-1e96-4f06-afef-ffbbcc73e632","1100000",,"Horus Live","720","720","0","Horus Live","0","0","4004","4004",,,,,"web"
"v2.5.4","680","0","true","Firefox Mobile","68","0","0",,"berlin","1571503906000","DE","f0a985ca-680b-41be-97c7-96beb0aaef66","Mozilla/5.0 (Android 9; Mobile; rv:68.0) Gecko/68.0 Firefox/68.0",,,,"02ba5b6c-9e37-41de-9a1b-0a2e0ec3248b","1571443200000","Generic Smartphone","panoplay.duckdns.org",,,"0","1512",,,"Festival of Lights - Demo","1571500800000","32489899-4b4f-46cc-9585-5a18edcf8073","193.175.2.0","false","true","true","Verein zur Foerderung eines Deutschen Forschungsne","en-US","./livestream/master.m3u8","1571503860000","1569888000000",,"Android","9",,"0","1",,"0","0","videojs",,"0","html5","videojs-7.6.0",,"BE","688","414","0","WINDOW","1824","startup","hls","1571503906000","c19c7c6b-1e96-4f06-afef-ffbbcc73e632","0",,"Horus Live","720","720","1512","Horus Live","0","0","4004","0",,,,,"web"
"v2.5.4","680","0",,"Firefox Mobile","68","0","0",,"berlin","1571503907000","DE","f0a985ca-680b-41be-97c7-96beb0aaef66","Mozilla/5.0 (Android 9; Mobile; rv:68.0) Gecko/68.0 Firefox/68.0",,,,"02ba5b6c-9e37-41de-9a1b-0a2e0ec3248b","1571443200000","Generic Smartphone","panoplay.duckdns.org",,,"0","0",,,"Festival of Lights - Demo","1571500800000","32489899-4b4f-46cc-9585-5a18edcf8073","193.175.2.0","false","true","true","Verein zur Foerderung eines Deutschen Forschungsne","en-US","./livestream/master.m3u8","1571503860000","1569888000000",,"Android","9",,"0","1",,"0","0","videojs",,"0","html5","videojs-7.6.0",,"BE","688","414","0","WINDOW","0","qualitychange","hls","1571503907000","c19c7c6b-1e96-4f06-afef-ffbbcc73e632","4400000",,"Horus Live","720","720","0","Horus Live","0","0","4288","4288",,,,,"web"
"v2.5.4","680","0",,"Firefox Mobile","68","0","0",,"berlin","1571503907000","DE","f0a985ca-680b-41be-97c7-96beb0aaef66","Mozilla/5.0 (Android 9; Mobile; rv:68.0) Gecko/68.0 Firefox/68.0",,,,"02ba5b6c-9e37-41de-9a1b-0a2e0ec3248b","1571443200000","Generic Smartphone","panoplay.duckdns.org",,,"0","307",,,"Festival of Lights - Demo","1571500800000","32489899-4b4f-46cc-9585-5a18edcf8073","193.175.2.0","false","true","true","Verein zur Foerderung eines Deutschen Forschungsne","en-US","./livestream/master.m3u8","1571503860000","1569888000000",,"Android","9",,"0","1",,"0","307","videojs",,"0","html5","videojs-7.6.0",,"BE","688","414","0","WINDOW","0","playing","hls","1571503907000","c19c7c6b-1e96-4f06-afef-ffbbcc73e632","1100000",,"Horus Live","720","720","0","Horus Live","0","0","4288","4004",,,,,"web"
"v2.5.4","680","0",,"Firefox Mobile","68","0","0",,"berlin","1571503909000","DE","f0a985ca-680b-41be-97c7-96beb0aaef66","Mozilla/5.0 (Android 9; Mobile; rv:68.0) Gecko/68.0 Firefox/68.0",,,,"02ba5b6c-9e37-41de-9a1b-0a2e0ec3248b","1571443200000","Generic Smartphone","panoplay.duckdns.org",,,"0","2769",,,"Festival of Lights - Demo","1571500800000","32489899-4b4f-46cc-9585-5a18edcf8073","193.175.2.0","false","true","true","Verein zur Foerderung eines Deutschen Forschungsne","en-US","./livestream/master.m3u8","1571503860000","1569888000000",,"Android","9",,"0","1",,"0","2769","videojs",,"0","html5","videojs-7.6.0",,"BE","688","414","0","WINDOW","0","playing","hls","1571503909000","c19c7c6b-1e96-4f06-afef-ffbbcc73e632","4400000",,"Horus Live","720","720","0","Horus Live","0","0","7072","4288",,,,,"web"
"v2.5.4","680","0",,"Firefox Mobile","68","0","0",,"berlin","1571503909000","DE","f0a985ca-680b-41be-97c7-96beb0aaef66","Mozilla/5.0 (Android 9; Mobile; rv:68.0) Gecko/68.0 Firefox/68.0",,,,"02ba5b6c-9e37-41de-9a1b-0a2e0ec3248b","1571443200000","Generic Smartphone","panoplay.duckdns.org",,,"0","0",,,"Festival of Lights - Demo","1571500800000","32489899-4b4f-46cc-9585-5a18edcf8073","193.175.2.0","false","true","true","Verein zur Foerderung eines Deutschen Forschungsne","en-US","./livestream/master.m3u8","1571503860000","1569888000000",,"Android","9",,"0","1",,"0","0","videojs",,"0","html5","videojs-7.6.0",,"BE","688","414","0","WINDOW","0","qualitychange","hls","1571503909000","c19c7c6b-1e96-4f06-afef-ffbbcc73e632","6600000",,"Horus Live","720","720","0","Horus Live","0","0","7072","7072",,,,,"web"
"v2.5.4","680","0",,"Firefox Mobile","68","0","0",,"berlin","1571504823000","DE","e6b9e597-0ace-48f2-acd1-40a3d1787780","Mozilla/5.0 (Android 9; Mobile; rv:68.0) Gecko/68.0 Firefox/68.0",,,,"02ba5b6c-9e37-41de-9a1b-0a2e0ec3248b","1571443200000","Generic Smartphone","panoplay.duckdns.org",,,"0","361",,,"Festival of Lights - Demo","1571504400000","1bec22b7-38f6-4a74-9fa7-e5b10193927c","193.175.2.0","false","false","true","Verein zur Foerderung eines Deutschen Forschungsne","en-US","./livestream/master.m3u8","1571504820000","1569888000000",,"Android","9",,"1579","1",,"0","0","videojs",,"361","html5","videojs-7.6.0",,"BE","688","414","0","WINDOW","0","setup","hls","1571504823000","c19c7c6b-1e96-4f06-afef-ffbbcc73e632","0","0","Horus Live","0","0","0","Horus Live","0","0","0","0",,,,,"web"
"v2.5.4","680","0",,"Firefox Mobile","68","0","0",,"berlin","1571504824000","DE","e6b9e597-0ace-48f2-acd1-40a3d1787780","Mozilla/5.0 (Android 9; Mobile; rv:68.0) Gecko/68.0 Firefox/68.0",,,,"02ba5b6c-9e37-41de-9a1b-0a2e0ec3248b","1571443200000","Generic Smartphone","panoplay.duckdns.org",,,"0","6",,,"Festival of Lights - Demo","1571504400000","1bec22b7-38f6-4a74-9fa7-e5b10193927c","193.175.2.0","false","true","true","Verein zur Foerderung eines Deutschen Forschungsne","en-US","./livestream/master.m3u8","1571504820000","1569888000000",,"Android","9",,"0","1",,"0","6","videojs",,"0","html5","videojs-7.6.0",,"BE","688","414","0","WINDOW","0","playing","hls","1571504824000","c19c7c6b-1e96-4f06-afef-ffbbcc73e632","0",,"Horus Live","720","720","0","Horus Live","0","0","4004","4004",,,,,"web"
"v2.5.4","680","0","true","Firefox Mobile","68","0","0",,"berlin","1571504824000","DE","e6b9e597-0ace-48f2-acd1-40a3d1787780","Mozilla/5.0 (Android 9; Mobile; rv:68.0) Gecko/68.0 Firefox/68.0",,,,"02ba5b6c-9e37-41de-9a1b-0a2e0ec3248b","1571443200000","Generic Smartphone","panoplay.duckdns.org",,,"0","2019",,,"Festival of Lights - Demo","1571504400000","1bec22b7-38f6-4a74-9fa7-e5b10193927c","193.175.2.0","false","true","true","Verein zur Foerderung eines Deutschen Forschungsne","en-US","./livestream/master.m3u8","1571504820000","1569888000000",,"Android","9",,"0","1",,"0","0","videojs",,"0","html5","videojs-7.6.0",,"BE","688","414","0","WINDOW","2380","startup","hls","1571504824000","c19c7c6b-1e96-4f06-afef-ffbbcc73e632","0",,"Horus Live","720","720","2019","Horus Live","0","0","4004","0",,,,,"web"
"v2.5.4","680","0",,"Firefox Mobile","68","0","0",,"berlin","1571504824000","DE","e6b9e597-0ace-48f2-acd1-40a3d1787780","Mozilla/5.0 (Android 9; Mobile; rv:68.0) Gecko/68.0 Firefox/68.0",,,,"02ba5b6c-9e37-41de-9a1b-0a2e0ec3248b","1571443200000","Generic Smartphone","panoplay.duckdns.org",,,"0","0",,,"Festival of Lights - Demo","1571504400000","1bec22b7-38f6-4a74-9fa7-e5b10193927c","193.175.2.0","false","true","true","Verein zur Foerderung eines Deutschen Forschungsne","en-US","./livestream/master.m3u8","1571504820000","1569888000000",,"Android","9",,"0","1",,"0","0","videojs",,"0","html5","videojs-7.6.0",,"BE","688","414","0","WINDOW","0","qualitychange","hls","1571504824000","c19c7c6b-1e96-4f06-afef-ffbbcc73e632","1100000",,"Horus Live","720","720","0","Horus Live","0","0","4004","4004",,,,,"web"
"v2.5.4","680","0",,"Firefox Mobile","68","0","0",,"berlin","1571504825000","DE","e6b9e597-0ace-48f2-acd1-40a3d1787780","Mozilla/5.0 (Android 9; Mobile; rv:68.0) Gecko/68.0 Firefox/68.0",,,,"02ba5b6c-9e37-41de-9a1b-0a2e0ec3248b","1571443200000","Generic Smartphone","panoplay.duckdns.org",,,"0","0",,,"Festival of Lights - Demo","1571504400000","1bec22b7-38f6-4a74-9fa7-e5b10193927c","193.175.2.0","false","true","true","Verein zur Foerderung eines Deutschen Forschungsne","en-US","./livestream/master.m3u8","1571504820000","1569888000000",,"Android","9",,"0","1",,"0","0","videojs",,"0","html5","videojs-7.6.0",,"BE","688","414","0","WINDOW","0","qualitychange","hls","1571504825000","c19c7c6b-1e96-4f06-afef-ffbbcc73e632","4400000",,"Horus Live","720","720","0","Horus Live","0","0","4776","4776",,,,,"web"
"v2.5.4","680","0",,"Firefox Mobile","68","0","0",,"berlin","1571504825000","DE","e6b9e597-0ace-48f2-acd1-40a3d1787780","Mozilla/5.0 (Android 9; Mobile; rv:68.0) Gecko/68.0 Firefox/68.0",,,,"02ba5b6c-9e37-41de-9a1b-0a2e0ec3248b","1571443200000","Generic Smartphone","panoplay.duckdns.org",,,"0","758",,,"Festival of Lights - Demo","1571504400000","1bec22b7-38f6-4a74-9fa7-e5b10193927c","193.175.2.0","false","true","true","Verein zur Foerderung eines Deutschen Forschungsne","en-US","./livestream/master.m3u8","1571504820000","1569888000000",,"Android","9",,"0","1",,"0","758","videojs",,"0","html5","videojs-7.6.0",,"BE","688","414","0","WINDOW","0","playing","hls","1571504825000","c19c7c6b-1e96-4f06-afef-ffbbcc73e632","1100000",,"Horus Live","720","720","0","Horus Live","0","0","4776","4004",,,,,"web"
"v2.5.4","680","0",,"Firefox Mobile","68","0","0",,"berlin","1571504827000","DE","e6b9e597-0ace-48f2-acd1-40a3d1787780","Mozilla/5.0 (Android 9; Mobile; rv:68.0) Gecko/68.0 Firefox/68.0",,,,"02ba5b6c-9e37-41de-9a1b-0a2e0ec3248b","1571443200000","Generic Smartphone","panoplay.duckdns.org",,,"0","0",,,"Festival of Lights - Demo","1571504400000","1bec22b7-38f6-4a74-9fa7-e5b10193927c","193.175.2.0","false","true","true","Verein zur Foerderung eines Deutschen Forschungsne","en-US","./livestream/master.m3u8","1571504820000","1569888000000",,"Android","9",,"0","1",,"0","0","videojs",,"0","html5","videojs-7.6.0",,"BE","688","414","0","WINDOW","0","qualitychange","hls","1571504827000","c19c7c6b-1e96-4f06-afef-ffbbcc73e632","6600000",,"Horus Live","720","720","0","Horus Live","0","0","6404","6404",,,,,"web"
"v2.5.4","680","0",,"Firefox Mobile","68","0","0",,"berlin","1571504827000","DE","e6b9e597-0ace-48f2-acd1-40a3d1787780","Mozilla/5.0 (Android 9; Mobile; rv:68.0) Gecko/68.0 Firefox/68.0",,,,"02ba5b6c-9e37-41de-9a1b-0a2e0ec3248b","1571443200000","Generic Smartphone","panoplay.duckdns.org",,,"0","1634",,,"Festival of Lights - Demo","1571504400000","1bec22b7-38f6-4a74-9fa7-e5b10193927c","193.175.2.0","false","true","true","Verein zur Foerderung eines Deutschen Forschungsne","en-US","./livestream/master.m3u8","1571504820000","1569888000000",,"Android","9",,"0","1",,"0","1634","videojs",,"0","html5","videojs-7.6.0",,"BE","688","414","0","WINDOW","0","playing","hls","1571504827000","c19c7c6b-1e96-4f06-afef-ffbbcc73e632","4400000",,"Horus Live","720","720","0","Horus Live","0","0","6404","4776",,,,,"web"
"v2.5.4","680","0",,"Firefox Mobile","68","0","0",,"berlin","1571504837000","DE","e6b9e597-0ace-48f2-acd1-40a3d1787780","Mozilla/5.0 (Android 9; Mobile; rv:68.0) Gecko/68.0 Firefox/68.0",,,,"02ba5b6c-9e37-41de-9a1b-0a2e0ec3248b","1571443200000","Generic Smartphone","panoplay.duckdns.org",,,"0","9841",,,"Festival of Lights - Demo","1571504400000","1bec22b7-38f6-4a74-9fa7-e5b10193927c","193.175.2.0","false","true","true","Verein zur Foerderung eines Deutschen Forschungsne","en-US","./livestream/master.m3u8","1571504820000","1569888000000",,"Android","9",,"0","1",,"0","9841","videojs",,"0","html5","videojs-7.6.0",,"BE","688","414","0","WINDOW","0","playing","hls","1571504837000","c19c7c6b-1e96-4f06-afef-ffbbcc73e632","6600000",,"Horus Live","720","720","0","Horus Live","0","0","16278","6404",,,,,"web"
"v2.5.4","680","0",,"Firefox Mobile","68","0","0",,"berlin","1571504837000","DE","e6b9e597-0ace-48f2-acd1-40a3d1787780","Mozilla/5.0 (Android 9; Mobile; rv:68.0) Gecko/68.0 Firefox/68.0",,,,"02ba5b6c-9e37-41de-9a1b-0a2e0ec3248b","1571443200000","Generic Smartphone","panoplay.duckdns.org",,,"0","0",,,"Festival of Lights - Demo","1571504400000","1bec22b7-38f6-4a74-9fa7-e5b10193927c","193.175.2.0","false","true","true","Verein zur Foerderung eines Deutschen Forschungsne","en-US","./livestream/master.m3u8","1571504820000","1569888000000",,"Android","9",,"0","1",,"0","0","videojs",,"0","html5","videojs-7.6.0",,"BE","688","414","0","WINDOW","0","qualitychange","hls","1571504837000","c19c7c6b-1e96-4f06-afef-ffbbcc73e632","4400000",,"Horus Live","720","720","0","Horus Live","0","0","16278","16278",,,,,"web"
"v2.5.4","680","0",,"Firefox Mobile","68","0","0",,"berlin","1571504842000","DE","e6b9e597-0ace-48f2-acd1-40a3d1787780","Mozilla/5.0 (Android 9; Mobile; rv:68.0) Gecko/68.0 Firefox/68.0",,,,"02ba5b6c-9e37-41de-9a1b-0a2e0ec3248b","1571443200000","Generic Smartphone","panoplay.duckdns.org",,,"0","0",,,"Festival of Lights - Demo","1571504400000","1bec22b7-38f6-4a74-9fa7-e5b10193927c","193.175.2.0","false","true","true","Verein zur Foerderung eines Deutschen Forschungsne","en-US","./livestream/master.m3u8","1571504820000","1569888000000",,"Android","9",,"0","1",,"0","0","videojs",,"0","html5","videojs-7.6.0",,"BE","688","414","0","WINDOW","0","qualitychange","hls","1571504842000","c19c7c6b-1e96-4f06-afef-ffbbcc73e632","6600000",,"Horus Live","720","720","0","Horus Live","0","0","20996","20996",,,,,"web"
"v2.5.4","680","0",,"Firefox Mobile","68","0","0",,"berlin","1571504842000","DE","e6b9e597-0ace-48f2-acd1-40a3d1787780","Mozilla/5.0 (Android 9; Mobile; rv:68.0) Gecko/68.0 Firefox/68.0",,,,"02ba5b6c-9e37-41de-9a1b-0a2e0ec3248b","1571443200000","Generic Smartphone","panoplay.duckdns.org",,,"0","4745",,,"Festival of Lights - Demo","1571504400000","1bec22b7-38f6-4a74-9fa7-e5b10193927c","193.175.2.0","false","true","true","Verein zur Foerderung eines Deutschen Forschungsne","en-US","./livestream/master.m3u8","1571504820000","1569888000000",,"Android","9",,"0","1",,"0","4745","videojs",,"0","html5","videojs-7.6.0",,"BE","688","414","0","WINDOW","0","playing","hls","1571504842000","c19c7c6b-1e96-4f06-afef-ffbbcc73e632","4400000",,"Horus Live","720","720","0","Horus Live","0","0","20996","16278",,,,,"web"
"v2.5.4","680","0",,"Firefox Mobile","68","0","0",,"berlin","1571504899000","DE","e6b9e597-0ace-48f2-acd1-40a3d1787780","Mozilla/5.0 (Android 9; Mobile; rv:68.0) Gecko/68.0 Firefox/68.0",,,,"02ba5b6c-9e37-41de-9a1b-0a2e0ec3248b","1571443200000","Generic Smartphone","panoplay.duckdns.org",,,"0","20931",,,"Festival of Lights - Demo","1571504400000","1bec22b7-38f6-4a74-9fa7-e5b10193927c","193.175.2.0","false","true","true","Verein zur Foerderung eines Deutschen Forschungsne","en-US","./livestream/master.m3u8","1571504880000","1569888000000",,"Android","9",,"0","1",,"0","20931","videojs",,"0","html5","videojs-7.6.0",,"BE","688","414","0","WINDOW","0","playing","hls","1571504899000","c19c7c6b-1e96-4f06-afef-ffbbcc73e632","6600000",,"Horus Live","720","720","0","Horus Live","0","0","30030","20996",,,,,"web"
"v2.5.4","680","0",,"Chrome Mobile","77","0","0",,"berlin","1571504907000","DE","79b84333-5bf0-401b-8491-841ebd6914be","Mozilla/5.0 (Linux; Android 9; Nokia 6.1) AppleWebKit/537.36 (KHTML, like Gecko) Chrome/77.0.3865.116 Mobile Safari/537.36",,,,"8c887b3d-1218-4a5e-947c-4be12012c463","1571443200000","Nokia 6","panoplay.duckdns.org",,,"0","181",,,"Festival of Lights - Demo","1571504400000","0fa9c29c-4e32-4579-9e5c-0c2a0d1f401d","193.175.2.0","false","false","true","Verein zur Foerderung eines Deutschen Forschungsne","en-US","./livestream/master.m3u8","1571504880000","1569888000000",,"Android","9",,"1567","1",,"0","0","videojs",,"181","html5","videojs-7.6.0",,"BE","732","412","0","WINDOW","0","setup","hls","1571504907000","23df6e96-dcc2-4dae-91d5-5f59cb8c111d","0","0","Horus Live","0","0","0","Horus Live","0","0","0","0",,,,,"web"
"v2.5.4","680","0",,"Chrome Mobile","77","0","0",,"berlin","1571504909000","DE","79b84333-5bf0-401b-8491-841ebd6914be","Mozilla/5.0 (Linux; Android 9; Nokia 6.1) AppleWebKit/537.36 (KHTML, like Gecko) Chrome/77.0.3865.116 Mobile Safari/537.36",,,,"8c887b3d-1218-4a5e-947c-4be12012c463","1571443200000","Nokia 6","panoplay.duckdns.org",,,"0","6",,,"Festival of Lights - Demo","1571504400000","0fa9c29c-4e32-4579-9e5c-0c2a0d1f401d","193.175.2.0","false","true","true","Verein zur Foerderung eines Deutschen Forschungsne","en-US","./livestream/master.m3u8","1571504880000","1569888000000",,"Android","9",,"0","1",,"0","6","videojs",,"0","html5","videojs-7.6.0",,"BE","732","412","0","WINDOW","0","playing","hls","1571504909000","23df6e96-dcc2-4dae-91d5-5f59cb8c111d","0",,"Horus Live","720","720","0","Horus Live","0","0","4034","4034",,,,,"web"
"v2.5.4","680","0",,"Chrome Mobile","77","0","0",,"berlin","1571504909000","DE","79b84333-5bf0-401b-8491-841ebd6914be","Mozilla/5.0 (Linux; Android 9; Nokia 6.1) AppleWebKit/537.36 (KHTML, like Gecko) Chrome/77.0.3865.116 Mobile Safari/537.36",,,,"8c887b3d-1218-4a5e-947c-4be12012c463","1571443200000","Nokia 6","panoplay.duckdns.org",,,"0","0",,,"Festival of Lights - Demo","1571504400000","0fa9c29c-4e32-4579-9e5c-0c2a0d1f401d","193.175.2.0","false","true","true","Verein zur Foerderung eines Deutschen Forschungsne","en-US","./livestream/master.m3u8","1571504880000","1569888000000",,"Android","9",,"0","1",,"0","0","videojs",,"0","html5","videojs-7.6.0",,"BE","732","412","0","WINDOW","0","qualitychange","hls","1571504909000","23df6e96-dcc2-4dae-91d5-5f59cb8c111d","4400000",,"Horus Live","720","720","0","Horus Live","0","0","4034","4034",,,,,"web"
"v2.5.4","680","0","true","Chrome Mobile","77","0","0",,"berlin","1571504909000","DE","79b84333-5bf0-401b-8491-841ebd6914be","Mozilla/5.0 (Linux; Android 9; Nokia 6.1) AppleWebKit/537.36 (KHTML, like Gecko) Chrome/77.0.3865.116 Mobile Safari/537.36",,,,"8c887b3d-1218-4a5e-947c-4be12012c463","1571443200000","Nokia 6","panoplay.duckdns.org",,,"0","2442",,,"Festival of Lights - Demo","1571504400000","0fa9c29c-4e32-4579-9e5c-0c2a0d1f401d","193.175.2.0","false","true","true","Verein zur Foerderung eines Deutschen Forschungsne","en-US","./livestream/master.m3u8","1571504880000","1569888000000",,"Android","9",,"0","1",,"0","0","videojs",,"0","html5","videojs-7.6.0",,"BE","732","412","0","WINDOW","2623","startup","hls","1571504909000","23df6e96-dcc2-4dae-91d5-5f59cb8c111d","0",,"Horus Live","720","720","2442","Horus Live","0","0","4034","0",,,,,"web"
"v2.5.4","680","0",,"Chrome Mobile","77","0","0",,"berlin","1571504911000","DE","79b84333-5bf0-401b-8491-841ebd6914be","Mozilla/5.0 (Linux; Android 9; Nokia 6.1) AppleWebKit/537.36 (KHTML, like Gecko) Chrome/77.0.3865.116 Mobile Safari/537.36",,,,"8c887b3d-1218-4a5e-947c-4be12012c463","1571443200000","Nokia 6","panoplay.duckdns.org",,,"0","1481",,,"Festival of Lights - Demo","1571504400000","0fa9c29c-4e32-4579-9e5c-0c2a0d1f401d","193.175.2.0","false","true","true","Verein zur Foerderung eines Deutschen Forschungsne","en-US","./livestream/master.m3u8","1571504880000","1569888000000",,"Android","9",,"0","1",,"0","1481","videojs",,"0","html5","videojs-7.6.0",,"BE","732","412","0","WINDOW","0","playing","hls","1571504911000","23df6e96-dcc2-4dae-91d5-5f59cb8c111d","4400000",,"Horus Live","720","720","0","Horus Live","0","0","5524","4034",,,,,"web"
"v2.5.4","680","0",,"Chrome Mobile","77","0","0",,"berlin","1571504911000","DE","79b84333-5bf0-401b-8491-841ebd6914be","Mozilla/5.0 (Linux; Android 9; Nokia 6.1) AppleWebKit/537.36 (KHTML, like Gecko) Chrome/77.0.3865.116 Mobile Safari/537.36",,,,"8c887b3d-1218-4a5e-947c-4be12012c463","1571443200000","Nokia 6","panoplay.duckdns.org",,,"0","0",,,"Festival of Lights - Demo","1571504400000","0fa9c29c-4e32-4579-9e5c-0c2a0d1f401d","193.175.2.0","false","true","true","Verein zur Foerderung eines Deutschen Forschungsne","en-US","./livestream/master.m3u8","1571504880000","1569888000000",,"Android","9",,"0","1",,"0","0","videojs",,"0","html5","videojs-7.6.0",,"BE","732","412","0","WINDOW","0","qualitychange","hls","1571504911000","23df6e96-dcc2-4dae-91d5-5f59cb8c111d","6600000",,"Horus Live","720","720","0","Horus Live","0","0","5524","5524",,,,,"web"
"v2.5.4","680","0",,"Mobile Safari","12","1","0",,"berlin","1571505344000","DE","e97452ab-e76a-42da-9083-9f19b5980165","Mozilla/5.0 (iPhone; CPU iPhone OS 12_4_1 like Mac OS X) AppleWebKit/605.1.15 (KHTML, like Gecko) Version/12.1.2 Mobile/15E148 Safari/604.1",,,,"cba93630-ea2c-4260-a756-04ac5c07c283","1571443200000","iPhone","panoplay.duckdns.org",,,"0","173",,,"Festival of Lights - Demo","1571504400000","bfc84fae-4e97-4fca-aa9c-1b5ab60db165","193.175.2.0","false","false","true","Verein zur Foerderung eines Deutschen Forschungsne","en-US","./livestream/master.m3u8","1571505300000","1569888000000",,"iOS","12","4","552","1",,"0","0","videojs",,"173","html5","videojs-7.6.0",,"BE","667","375","0","WINDOW","0","setup","hls","1571505344000","1dece872-91d8-42ee-9af6-9d6b411a335f","0","0","Horus Live","0","0","0","Horus Live","0","0","0","0",,,,,"web"
"v2.5.4","680","0",,"Mobile Safari","12","1","0",,"berlin","1571505344000","DE","e97452ab-e76a-42da-9083-9f19b5980165","Mozilla/5.0 (iPhone; CPU iPhone OS 12_4_1 like Mac OS X) AppleWebKit/605.1.15 (KHTML, like Gecko) Version/12.1.2 Mobile/15E148 Safari/604.1",,,,"cba93630-ea2c-4260-a756-04ac5c07c283","1571443200000","iPhone","panoplay.duckdns.org",,,"0","0","4","The media could not be loaded, either because the server or network failed or because the format is not supported.","Festival of Lights - Demo","1571504400000","bfc84fae-4e97-4fca-aa9c-1b5ab60db165","193.175.2.0","false","false","true","Verein zur Foerderung eines Deutschen Forschungsne","en-US","./livestream/master.m3u8","1571505300000","1569888000000",,"iOS","12","4","0","1",,"0","0","videojs",,"0","html5","videojs-7.6.0",,"BE","667","375","0","WINDOW","0","error","hls","1571505344000","1dece872-91d8-42ee-9af6-9d6b411a335f","0","0","Horus Live","0","0","0","Horus Live","0","0","0","0",,,,,"web"
"v2.5.4","680","0",,"Mobile Safari","12","1","0",,"berlin","1571505348000","DE","9d56114c-fb2a-4b79-b82e-c03cf131be90","Mozilla/5.0 (iPhone; CPU iPhone OS 12_4_1 like Mac OS X) AppleWebKit/605.1.15 (KHTML, like Gecko) Version/12.1.2 Mobile/15E148 Safari/604.1",,,,"cba93630-ea2c-4260-a756-04ac5c07c283","1571443200000","iPhone","panoplay.duckdns.org",,,"0","32",,,"Festival of Lights - Demo","1571504400000","0ec23f26-d418-4e5a-827c-0b42c1a29afe","193.175.2.0","false","false","true","Verein zur Foerderung eines Deutschen Forschungsne","en-US","./livestream/master.m3u8","1571505300000","1569888000000",,"iOS","12","4","313","1",,"0","0","videojs",,"32","html5","videojs-7.6.0",,"BE","667","375","0","WINDOW","0","setup","hls","1571505348000","1dece872-91d8-42ee-9af6-9d6b411a335f","0","0","Horus Live","0","0","0","Horus Live","0","0","0","0",,,,,"web"
"v2.5.4","680","0",,"Mobile Safari","12","1","0",,"berlin","1571505348000","DE","9d56114c-fb2a-4b79-b82e-c03cf131be90","Mozilla/5.0 (iPhone; CPU iPhone OS 12_4_1 like Mac OS X) AppleWebKit/605.1.15 (KHTML, like Gecko) Version/12.1.2 Mobile/15E148 Safari/604.1",,,,"cba93630-ea2c-4260-a756-04ac5c07c283","1571443200000","iPhone","panoplay.duckdns.org",,,"0","0","4","The media could not be loaded, either because the server or network failed or because the format is not supported.","Festival of Lights - Demo","1571504400000","0ec23f26-d418-4e5a-827c-0b42c1a29afe","193.175.2.0","false","false","true","Verein zur Foerderung eines Deutschen Forschungsne","en-US","./livestream/master.m3u8","1571505300000","1569888000000",,"iOS","12","4","0","1",,"0","0","videojs",,"0","html5","videojs-7.6.0",,"BE","667","375","0","WINDOW","0","error","hls","1571505348000","1dece872-91d8-42ee-9af6-9d6b411a335f","0","0","Horus Live","0","0","0","Horus Live","0","0","0","0",,,,,"web"
"v2.5.4","680","0",,"Mobile Safari","12","1","0",,"berlin","1571505391000","DE","fbfd61f4-1bc7-4d72-961a-f177f1cb1615","Mozilla/5.0 (iPhone; CPU iPhone OS 12_4_1 like Mac OS X) AppleWebKit/605.1.15 (KHTML, like Gecko) Version/12.1.2 Mobile/15E148 Safari/604.1",,,,"cba93630-ea2c-4260-a756-04ac5c07c283","1571443200000","iPhone","panoplay.duckdns.org",,,"0","0","4","The media could not be loaded, either because the server or network failed or because the format is not supported.","Festival of Lights - Demo","1571504400000","c7d7a1f0-ba10-47ce-b4b7-8896863e6810","193.175.2.0","false","false","true","Verein zur Foerderung eines Deutschen Forschungsne","en-US","./livestream/master.m3u8","1571505360000","1569888000000",,"iOS","12","4","0","1",,"0","0","videojs",,"0","html5","videojs-7.6.0",,"BE","667","375","0","WINDOW","0","error","hls","1571505391000","1dece872-91d8-42ee-9af6-9d6b411a335f","0","0","Horus Live","0","0","0","Horus Live","0","0","0","0",,,,,"web"
"v2.5.4","680","0",,"Mobile Safari","12","1","0",,"berlin","1571505391000","DE","fbfd61f4-1bc7-4d72-961a-f177f1cb1615","Mozilla/5.0 (iPhone; CPU iPhone OS 12_4_1 like Mac OS X) AppleWebKit/605.1.15 (KHTML, like Gecko) Version/12.1.2 Mobile/15E148 Safari/604.1",,,,"cba93630-ea2c-4260-a756-04ac5c07c283","1571443200000","iPhone","panoplay.duckdns.org",,,"0","45",,,"Festival of Lights - Demo","1571504400000","c7d7a1f0-ba10-47ce-b4b7-8896863e6810","193.175.2.0","false","false","true","Verein zur Foerderung eines Deutschen Forschungsne","en-US","./livestream/master.m3u8","1571505360000","1569888000000",,"iOS","12","4","531","1",,"0","0","videojs",,"45","html5","videojs-7.6.0",,"BE","667","375","0","WINDOW","0","setup","hls","1571505391000","1dece872-91d8-42ee-9af6-9d6b411a335f","0","0","Horus Live","0","0","0","Horus Live","0","0","0","0",,,,,"web"
"v2.5.4","680","0",,"Mobile Safari","12","1","0",,"berlin","1571505413000","DE","c7c537f9-612c-499a-b8a7-f3ce29c3dfa8","Mozilla/5.0 (iPhone; CPU iPhone OS 12_4_1 like Mac OS X) AppleWebKit/605.1.15 (KHTML, like Gecko) Version/12.1.2 Mobile/15E148 Safari/604.1",,,,"cba93630-ea2c-4260-a756-04ac5c07c283","1571443200000","iPhone","panoplay.duckdns.org",,,"0","53",,,"Festival of Lights - Demo","1571504400000","3d298681-e724-47ae-80f6-f2695f973d45","193.175.2.0","false","false","true","Verein zur Foerderung eines Deutschen Forschungsne","en-US","./livestream/master.m3u8","1571505360000","1569888000000",,"iOS","12","4","270","1",,"0","0","videojs",,"53","html5","videojs-7.6.0",,"BE","667","375","0","WINDOW","0","setup","hls","1571505413000","1dece872-91d8-42ee-9af6-9d6b411a335f","0","0","Horus Live","0","0","0","Horus Live","0","0","0","0",,,,,"web"
"v2.5.4","680","0",,"Mobile Safari","12","1","0",,"berlin","1571505462000","DE","c7c537f9-612c-499a-b8a7-f3ce29c3dfa8","Mozilla/5.0 (iPhone; CPU iPhone OS 12_4_1 like Mac OS X) AppleWebKit/605.1.15 (KHTML, like Gecko) Version/12.1.2 Mobile/15E148 Safari/604.1",,,,"cba93630-ea2c-4260-a756-04ac5c07c283","1571443200000","iPhone","panoplay.duckdns.org",,,"0","48842",,,"Festival of Lights - Demo","1571504400000","3d298681-e724-47ae-80f6-f2695f973d45","193.175.2.0","false","true","true","Verein zur Foerderung eines Deutschen Forschungsne","en-US","./livestream/master.m3u8","1571505420000","1569888000000",,"iOS","12","4","0","1",,"0","48842","videojs",,"0","html5","videojs-7.6.0",,"BE","667","375","0","WINDOW","0","playing","hls","1571505462000","1dece872-91d8-42ee-9af6-9d6b411a335f","0",,"Horus Live","720","720","144","Horus Live","0","0","53075","4248",,,,,"web"
"v2.5.4","680","0",,"Mobile Safari","12","1","0",,"berlin","1571505524000","DE","c7c537f9-612c-499a-b8a7-f3ce29c3dfa8","Mozilla/5.0 (iPhone; CPU iPhone OS 12_4_1 like Mac OS X) AppleWebKit/605.1.15 (KHTML, like Gecko) Version/12.1.2 Mobile/15E148 Safari/604.1",,,,"cba93630-ea2c-4260-a756-04ac5c07c283","1571443200000","iPhone","panoplay.duckdns.org",,,"0","61576",,,"Festival of Lights - Demo","1571504400000","3d298681-e724-47ae-80f6-f2695f973d45","193.175.2.0","false","false","true","Verein zur Foerderung eines Deutschen Forschungsne","en-US","./livestream/master.m3u8","1571505480000","1569888000000",,"iOS","12","4","0","1",,"61576","0","videojs",,"0","html5","videojs-7.6.0",,"BE","667","375","0","WINDOW","0","pause","hls","1571505524000","1dece872-91d8-42ee-9af6-9d6b411a335f","0","73540","Horus Live","720","720","0","Horus Live","0","0","53128","53075",,,,,"web"
"v2.5.4","680","0",,"Mobile Safari","12","1","0",,"berlin","1571505544000","DE","c7c537f9-612c-499a-b8a7-f3ce29c3dfa8","Mozilla/5.0 (iPhone; CPU iPhone OS 12_4_1 like Mac OS X) AppleWebKit/605.1.15 (KHTML, like Gecko) Version/12.1.2 Mobile/15E148 Safari/604.1",,,,"cba93630-ea2c-4260-a756-04ac5c07c283","1571443200000","iPhone","panoplay.duckdns.org",,,"0","20489",,,"Festival of Lights - Demo","1571504400000","3d298681-e724-47ae-80f6-f2695f973d45","193.175.2.0","false","false","true","Verein zur Foerderung eines Deutschen Forschungsne","en-US","./livestream/master.m3u8","1571505540000","1569888000000",,"iOS","12","4","0","1",,"0","20489","videojs",,"0","html5","videojs-7.6.0",,"BE","667","375","0","WINDOW","0","playing","hls","1571505544000","1dece872-91d8-42ee-9af6-9d6b411a335f","0","73540","Horus Live","720","720","0","Horus Live","0","0","73543","53128",,,,,"web"
"v2.5.4","680","0",,"Mobile Safari","12","1","0",,"berlin","1571506135000","DE","aeb632e0-64c0-47f4-9280-7a24e3ded911","Mozilla/5.0 (iPhone; CPU iPhone OS 12_4_1 like Mac OS X) AppleWebKit/605.1.15 (KHTML, like Gecko) Version/12.1.2 Mobile/15E148 Safari/604.1",,,,"cba93630-ea2c-4260-a756-04ac5c07c283","1571443200000","iPhone","panoplay.duckdns.org",,,"0","175",,,"Festival of Lights - Demo","1571504400000","fc956d07-acee-4c0a-bef4-a17bddcb6c01","193.175.2.0","false","false","true","Verein zur Foerderung eines Deutschen Forschungsne","en-US","./livestream/master.m3u8","1571506080000","1569888000000",,"iOS","12","4","620","1",,"0","0","videojs",,"175","html5","videojs-7.6.0",,"BE","667","375","0","WINDOW","0","setup","hls","1571506135000","a4b1d223-4fe8-483e-968f-da79f7569064","0","0","Horus Live","0","0","0","Horus Live","0","0","0","0",,,,,"web"
"v2.5.4","680","0",,"Mobile Safari","12","1","0",,"berlin","1571506136000","DE","aeb632e0-64c0-47f4-9280-7a24e3ded911","Mozilla/5.0 (iPhone; CPU iPhone OS 12_4_1 like Mac OS X) AppleWebKit/605.1.15 (KHTML, like Gecko) Version/12.1.2 Mobile/15E148 Safari/604.1",,,,"cba93630-ea2c-4260-a756-04ac5c07c283","1571443200000","iPhone","panoplay.duckdns.org",,,"0","0","4","The media could not be loaded, either because the server or network failed or because the format is not supported.","Festival of Lights - Demo","1571504400000","fc956d07-acee-4c0a-bef4-a17bddcb6c01","193.175.2.0","false","false","true","Verein zur Foerderung eines Deutschen Forschungsne","en-US","./livestream/master.m3u8","1571506080000","1569888000000",,"iOS","12","4","0","1",,"0","0","videojs",,"0","html5","videojs-7.6.0",,"BE","667","375","0","WINDOW","0","error","hls","1571506136000","a4b1d223-4fe8-483e-968f-da79f7569064","0","0","Horus Live","0","0","0","Horus Live","0","0","0","0",,,,,"web"
"v2.5.4","680","0",,"Mobile Safari","12","1","0",,"berlin","1571506138000","DE","239b9937-7193-4d47-818f-8ee60a50b886","Mozilla/5.0 (iPhone; CPU iPhone OS 12_4_1 like Mac OS X) AppleWebKit/605.1.15 (KHTML, like Gecko) Version/12.1.2 Mobile/15E148 Safari/604.1",,,,"cba93630-ea2c-4260-a756-04ac5c07c283","1571443200000","iPhone","panoplay.duckdns.org",,,"0","71",,,"Festival of Lights - Demo","1571504400000","3c4ea1e5-14b3-4958-bb29-2142cd01440d","193.175.2.0","false","false","true","Verein zur Foerderung eines Deutschen Forschungsne","en-US","./livestream/master.m3u8","1571506080000","1569888000000",,"iOS","12","4","518","1",,"0","0","videojs",,"71","html5","videojs-7.6.0",,"BE","667","375","0","WINDOW","0","setup","hls","1571506138000","a4b1d223-4fe8-483e-968f-da79f7569064","0","0","Horus Live","0","0","0","Horus Live","0","0","0","0",,,,,"web"
"v2.5.4","680","0",,"Mobile Safari","12","1","0",,"berlin","1571506138000","DE","239b9937-7193-4d47-818f-8ee60a50b886","Mozilla/5.0 (iPhone; CPU iPhone OS 12_4_1 like Mac OS X) AppleWebKit/605.1.15 (KHTML, like Gecko) Version/12.1.2 Mobile/15E148 Safari/604.1",,,,"cba93630-ea2c-4260-a756-04ac5c07c283","1571443200000","iPhone","panoplay.duckdns.org",,,"0","0","4","The media could not be loaded, either because the server or network failed or because the format is not supported.","Festival of Lights - Demo","1571504400000","3c4ea1e5-14b3-4958-bb29-2142cd01440d","193.175.2.0","false","false","true","Verein zur Foerderung eines Deutschen Forschungsne","en-US","./livestream/master.m3u8","1571506080000","1569888000000",,"iOS","12","4","0","1",,"0","0","videojs",,"0","html5","videojs-7.6.0",,"BE","667","375","0","WINDOW","0","error","hls","1571506138000","a4b1d223-4fe8-483e-968f-da79f7569064","0","0","Horus Live","0","0","0","Horus Live","0","0","0","0",,,,,"web"
"v2.5.4","680","0",,"Mobile Safari","12","1","0",,"berlin","1571506151000","DE","43edf04e-0263-4e44-9155-e3e5c279a14c","Mozilla/5.0 (iPhone; CPU iPhone OS 12_4_1 like Mac OS X) AppleWebKit/605.1.15 (KHTML, like Gecko) Version/12.1.2 Mobile/15E148 Safari/604.1",,,,"cba93630-ea2c-4260-a756-04ac5c07c283","1571443200000","iPhone","panoplay.duckdns.org",,,"0","0","4","The media could not be loaded, either because the server or network failed or because the format is not supported.","Festival of Lights - Demo","1571504400000","0d76c6e1-da83-45f1-aefb-65f1980d87a2","193.175.2.0","false","false","true","Verein zur Foerderung eines Deutschen Forschungsne","en-US","./livestream/master.m3u8","1571506140000","1569888000000",,"iOS","12","4","0","1",,"0","0","videojs",,"0","html5","videojs-7.6.0",,"BE","667","375","0","WINDOW","0","error","hls","1571506151000","a4b1d223-4fe8-483e-968f-da79f7569064","0","0","Horus Live","0","0","0","Horus Live","0","0","0","0",,,,,"web"
"v2.5.4","680","0",,"Mobile Safari","12","1","0",,"berlin","1571506151000","DE","43edf04e-0263-4e44-9155-e3e5c279a14c","Mozilla/5.0 (iPhone; CPU iPhone OS 12_4_1 like Mac OS X) AppleWebKit/605.1.15 (KHTML, like Gecko) Version/12.1.2 Mobile/15E148 Safari/604.1",,,,"cba93630-ea2c-4260-a756-04ac5c07c283","1571443200000","iPhone","panoplay.duckdns.org",,,"0","33",,,"Festival of Lights - Demo","1571504400000","0d76c6e1-da83-45f1-aefb-65f1980d87a2","193.175.2.0","false","false","true","Verein zur Foerderung eines Deutschen Forschungsne","en-US","./livestream/master.m3u8","1571506140000","1569888000000",,"iOS","12","4","595","1",,"0","0","videojs",,"33","html5","videojs-7.6.0",,"BE","667","375","0","WINDOW","0","setup","hls","1571506151000","a4b1d223-4fe8-483e-968f-da79f7569064","0","0","Horus Live","0","0","0","Horus Live","0","0","0","0",,,,,"web"
"v2.5.4","680","0",,"Chrome Mobile","77","0","0",,"berlin","1571506765000","DE","cdcb1341-3c22-4273-9fd6-bae82975a46c","Mozilla/5.0 (Linux; Android 9; Nokia 6.1) AppleWebKit/537.36 (KHTML, like Gecko) Chrome/77.0.3865.116 Mobile Safari/537.36",,,,"8c887b3d-1218-4a5e-947c-4be12012c463","1571443200000","Nokia 6","panoplay.duckdns.org",,,"0","170",,,"Festival of Lights - Demo","1571504400000","0a2acdad-f836-4a33-ab5f-17fadde21625","193.175.2.0","false","false","true","Verein zur Foerderung eines Deutschen Forschungsne","en-US","./livestream/master.m3u8","1571506740000","1569888000000",,"Android","9",,"2127","1",,"0","0","videojs",,"170","html5","videojs-7.6.0",,"BE","732","412","0","WINDOW","0","setup","hls","1571506765000","7b84a251-2186-4f3e-a972-1cf131fd02f9","0","0","Horus Live","0","0","0","Horus Live","0","0","0","0",,,,,"web"
"v2.5.4","680","0",,"Chrome Mobile","77","0","0",,"berlin","1571506766000","DE","cdcb1341-3c22-4273-9fd6-bae82975a46c","Mozilla/5.0 (Linux; Android 9; Nokia 6.1) AppleWebKit/537.36 (KHTML, like Gecko) Chrome/77.0.3865.116 Mobile Safari/537.36",,,,"8c887b3d-1218-4a5e-947c-4be12012c463","1571443200000","Nokia 6","panoplay.duckdns.org",,,"0","0",,,"Festival of Lights - Demo","1571504400000","0a2acdad-f836-4a33-ab5f-17fadde21625","193.175.2.0","false","true","true","Verein zur Foerderung eines Deutschen Forschungsne","en-US","./livestream/master.m3u8","1571506740000","1569888000000",,"Android","9",,"0","1",,"0","0","videojs",,"0","html5","videojs-7.6.0",,"BE","732","412","0","WINDOW","0","qualitychange","hls","1571506766000","7b84a251-2186-4f3e-a972-1cf131fd02f9","4400000",,"Horus Live","720","720","0","Horus Live","0","0","4005","4005",,,,,"web"
"v2.5.4","680","0","true","Chrome Mobile","77","0","0",,"berlin","1571506766000","DE","cdcb1341-3c22-4273-9fd6-bae82975a46c","Mozilla/5.0 (Linux; Android 9; Nokia 6.1) AppleWebKit/537.36 (KHTML, like Gecko) Chrome/77.0.3865.116 Mobile Safari/537.36",,,,"8c887b3d-1218-4a5e-947c-4be12012c463","1571443200000","Nokia 6","panoplay.duckdns.org",,,"0","1997",,,"Festival of Lights - Demo","1571504400000","0a2acdad-f836-4a33-ab5f-17fadde21625","193.175.2.0","false","true","true","Verein zur Foerderung eines Deutschen Forschungsne","en-US","./livestream/master.m3u8","1571506740000","1569888000000",,"Android","9",,"0","1",,"0","0","videojs",,"0","html5","videojs-7.6.0",,"BE","732","412","0","WINDOW","2167","startup","hls","1571506766000","7b84a251-2186-4f3e-a972-1cf131fd02f9","0",,"Horus Live","720","720","1997","Horus Live","0","0","4005","0",,,,,"web"
"v2.5.4","680","0",,"Chrome Mobile","77","0","0",,"berlin","1571506766000","DE","cdcb1341-3c22-4273-9fd6-bae82975a46c","Mozilla/5.0 (Linux; Android 9; Nokia 6.1) AppleWebKit/537.36 (KHTML, like Gecko) Chrome/77.0.3865.116 Mobile Safari/537.36",,,,"8c887b3d-1218-4a5e-947c-4be12012c463","1571443200000","Nokia 6","panoplay.duckdns.org",,,"0","4",,,"Festival of Lights - Demo","1571504400000","0a2acdad-f836-4a33-ab5f-17fadde21625","193.175.2.0","false","true","true","Verein zur Foerderung eines Deutschen Forschungsne","en-US","./livestream/master.m3u8","1571506740000","1569888000000",,"Android","9",,"0","1",,"0","4","videojs",,"0","html5","videojs-7.6.0",,"BE","732","412","0","WINDOW","0","playing","hls","1571506766000","7b84a251-2186-4f3e-a972-1cf131fd02f9","0",,"Horus Live","720","720","0","Horus Live","0","0","4005","4005",,,,,"web"
"v2.5.4","680","0",,"Chrome Mobile","77","0","0",,"berlin","1571506768000","DE","cdcb1341-3c22-4273-9fd6-bae82975a46c","Mozilla/5.0 (Linux; Android 9; Nokia 6.1) AppleWebKit/537.36 (KHTML, like Gecko) Chrome/77.0.3865.116 Mobile Safari/537.36",,,,"8c887b3d-1218-4a5e-947c-4be12012c463","1571443200000","Nokia 6","panoplay.duckdns.org",,,"0","0",,,"Festival of Lights - Demo","1571504400000","0a2acdad-f836-4a33-ab5f-17fadde21625","193.175.2.0","false","true","true","Verein zur Foerderung eines Deutschen Forschungsne","en-US","./livestream/master.m3u8","1571506740000","1569888000000",,"Android","9",,"0","1",,"0","0","videojs",,"0","html5","videojs-7.6.0",,"BE","732","412","0","WINDOW","0","qualitychange","hls","1571506768000","7b84a251-2186-4f3e-a972-1cf131fd02f9","1100000",,"Horus Live","720","720","0","Horus Live","0","0","5505","5505",,,,,"web"
"v2.5.4","680","0",,"Chrome Mobile","77","0","0",,"berlin","1571506768000","DE","cdcb1341-3c22-4273-9fd6-bae82975a46c","Mozilla/5.0 (Linux; Android 9; Nokia 6.1) AppleWebKit/537.36 (KHTML, like Gecko) Chrome/77.0.3865.116 Mobile Safari/537.36",,,,"8c887b3d-1218-4a5e-947c-4be12012c463","1571443200000","Nokia 6","panoplay.duckdns.org",,,"0","1493",,,"Festival of Lights - Demo","1571504400000","0a2acdad-f836-4a33-ab5f-17fadde21625","193.175.2.0","false","true","true","Verein zur Foerderung eines Deutschen Forschungsne","en-US","./livestream/master.m3u8","1571506740000","1569888000000",,"Android","9",,"0","1",,"0","1493","videojs",,"0","html5","videojs-7.6.0",,"BE","732","412","0","WINDOW","0","playing","hls","1571506768000","7b84a251-2186-4f3e-a972-1cf131fd02f9","4400000",,"Horus Live","720","720","0","Horus Live","0","0","5505","4005",,,,,"web"
"v2.5.4","680","0",,"Chrome Mobile","77","0","0",,"berlin","1571506769000","DE","cdcb1341-3c22-4273-9fd6-bae82975a46c","Mozilla/5.0 (Linux; Android 9; Nokia 6.1) AppleWebKit/537.36 (KHTML, like Gecko) Chrome/77.0.3865.116 Mobile Safari/537.36",,,,"8c887b3d-1218-4a5e-947c-4be12012c463","1571443200000","Nokia 6","panoplay.duckdns.org",,,"0","1004",,,"Festival of Lights - Demo","1571504400000","0a2acdad-f836-4a33-ab5f-17fadde21625","193.175.2.0","false","true","true","Verein zur Foerderung eines Deutschen Forschungsne","en-US","./livestream/master.m3u8","1571506740000","1569888000000",,"Android","9",,"0","1",,"0","1004","videojs",,"0","html5","videojs-7.6.0",,"BE","732","412","0","WINDOW","0","playing","hls","1571506769000","7b84a251-2186-4f3e-a972-1cf131fd02f9","1100000",,"Horus Live","720","720","0","Horus Live","0","0","6509","5505",,,,,"web"
"v2.5.4","680","0",,"Chrome Mobile","77","0","0",,"berlin","1571506769000","DE","cdcb1341-3c22-4273-9fd6-bae82975a46c","Mozilla/5.0 (Linux; Android 9; Nokia 6.1) AppleWebKit/537.36 (KHTML, like Gecko) Chrome/77.0.3865.116 Mobile Safari/537.36",,,,"8c887b3d-1218-4a5e-947c-4be12012c463","1571443200000","Nokia 6","panoplay.duckdns.org",,,"0","0",,,"Festival of Lights - Demo","1571504400000","0a2acdad-f836-4a33-ab5f-17fadde21625","193.175.2.0","false","true","true","Verein zur Foerderung eines Deutschen Forschungsne","en-US","./livestream/master.m3u8","1571506740000","1569888000000",,"Android","9",,"0","1",,"0","0","videojs",,"0","html5","videojs-7.6.0",,"BE","732","412","0","WINDOW","0","qualitychange","hls","1571506769000","7b84a251-2186-4f3e-a972-1cf131fd02f9","6600000",,"Horus Live","720","720","0","Horus Live","0","0","6509","6509",,,,,"web"
"v2.5.4","680","0",,"Chrome Mobile","77","0","0",,"berlin","1571506772000","DE","cdcb1341-3c22-4273-9fd6-bae82975a46c","Mozilla/5.0 (Linux; Android 9; Nokia 6.1) AppleWebKit/537.36 (KHTML, like Gecko) Chrome/77.0.3865.116 Mobile Safari/537.36",,,,"8c887b3d-1218-4a5e-947c-4be12012c463","1571443200000","Nokia 6","panoplay.duckdns.org",,,"0","0",,,"Festival of Lights - Demo","1571504400000","0a2acdad-f836-4a33-ab5f-17fadde21625","193.175.2.0","false","true","true","Verein zur Foerderung eines Deutschen Forschungsne","en-US","./livestream/master.m3u8","1571506740000","1569888000000",,"Android","9",,"0","1",,"0","0","videojs",,"0","html5","videojs-7.6.0",,"BE","732","412","0","WINDOW","0","qualitychange","hls","1571506772000","7b84a251-2186-4f3e-a972-1cf131fd02f9","1100000",,"Horus Live","720","720","0","Horus Live","0","0","10008","10008",,,,,"web"
"v2.5.4","680","0",,"Chrome Mobile","77","0","0",,"berlin","1571506772000","DE","cdcb1341-3c22-4273-9fd6-bae82975a46c","Mozilla/5.0 (Linux; Android 9; Nokia 6.1) AppleWebKit/537.36 (KHTML, like Gecko) Chrome/77.0.3865.116 Mobile Safari/537.36",,,,"8c887b3d-1218-4a5e-947c-4be12012c463","1571443200000","Nokia 6","panoplay.duckdns.org",,,"0","3499",,,"Festival of Lights - Demo","1571504400000","0a2acdad-f836-4a33-ab5f-17fadde21625","193.175.2.0","false","true","true","Verein zur Foerderung eines Deutschen Forschungsne","en-US","./livestream/master.m3u8","1571506740000","1569888000000",,"Android","9",,"0","1",,"0","3499","videojs",,"0","html5","videojs-7.6.0",,"BE","732","412","0","WINDOW","0","playing","hls","1571506772000","7b84a251-2186-4f3e-a972-1cf131fd02f9","6600000",,"Horus Live","720","720","0","Horus Live","0","0","10008","6509",,,,,"web"
"v2.5.4","680","0",,"Chrome Mobile","77","0","0",,"berlin","1571507845000","DE","cdcb1341-3c22-4273-9fd6-bae82975a46c","Mozilla/5.0 (Linux; Android 9; Nokia 6.1) AppleWebKit/537.36 (KHTML, like Gecko) Chrome/77.0.3865.116 Mobile Safari/537.36",,,,"8c887b3d-1218-4a5e-947c-4be12012c463","1571443200000","Nokia 6","panoplay.duckdns.org",,,"0","1068956",,,"Festival of Lights - Demo","1571504400000","0a2acdad-f836-4a33-ab5f-17fadde21625","193.175.2.0","false","true","true","Verein zur Foerderung eines Deutschen Forschungsne","en-US","./livestream/master.m3u8","1571507820000","1569888000000",,"Android","9",,"0","1",,"1068956","0","videojs",,"0","html5","videojs-7.6.0",,"BE","732","412","0","WINDOW","0","pause","hls","1571507845000","7b84a251-2186-4f3e-a972-1cf131fd02f9","1100000",,"Horus Live","720","720","0","Horus Live","0","0","11974","11973",,,,,"web"
"v2.5.4","680","0",,"Chrome Mobile","77","0","0",,"berlin","1571507845000","DE","cdcb1341-3c22-4273-9fd6-bae82975a46c","Mozilla/5.0 (Linux; Android 9; Nokia 6.1) AppleWebKit/537.36 (KHTML, like Gecko) Chrome/77.0.3865.116 Mobile Safari/537.36",,,,"8c887b3d-1218-4a5e-947c-4be12012c463","1571443200000","Nokia 6","panoplay.duckdns.org",,,"0","0",,,"Festival of Lights - Demo","1571504400000","0a2acdad-f836-4a33-ab5f-17fadde21625","193.175.2.0","false","true","true","Verein zur Foerderung eines Deutschen Forschungsne","en-US","./livestream/master.m3u8","1571507820000","1569888000000",,"Android","9",,"0","1",,"0","0","videojs",,"0","html5","videojs-7.6.0",,"BE","732","412","0","WINDOW","0","qualitychange","hls","1571507845000","7b84a251-2186-4f3e-a972-1cf131fd02f9","6600000",,"Horus Live","720","720","0","Horus Live","0","0","12590","12590",,,,,"web"
"v2.5.4","680","0",,"Chrome Mobile","77","0","0",,"berlin","1571507845000","DE","cdcb1341-3c22-4273-9fd6-bae82975a46c","Mozilla/5.0 (Linux; Android 9; Nokia 6.1) AppleWebKit/537.36 (KHTML, like Gecko) Chrome/77.0.3865.116 Mobile Safari/537.36",,,,"8c887b3d-1218-4a5e-947c-4be12012c463","1571443200000","Nokia 6","panoplay.duckdns.org",,,"0","998",,,"Festival of Lights - Demo","1571504400000","0a2acdad-f836-4a33-ab5f-17fadde21625","193.175.2.0","false","true","true","Verein zur Foerderung eines Deutschen Forschungsne","en-US","./livestream/master.m3u8","1571507820000","1569888000000",,"Android","9",,"0","1",,"0","998","videojs",,"0","html5","videojs-7.6.0",,"BE","732","412","0","WINDOW","0","playing","hls","1571507845000","7b84a251-2186-4f3e-a972-1cf131fd02f9","1100000",,"Horus Live","720","720","0","Horus Live","0","0","12590","11974",,,,,"web"
"v2.5.4","680","0",,"Chrome Mobile","77","0","0",,"berlin","1571507845000","DE","cdcb1341-3c22-4273-9fd6-bae82975a46c","Mozilla/5.0 (Linux; Android 9; Nokia 6.1) AppleWebKit/537.36 (KHTML, like Gecko) Chrome/77.0.3865.116 Mobile Safari/537.36",,,,"8c887b3d-1218-4a5e-947c-4be12012c463","1571443200000","Nokia 6","panoplay.duckdns.org",,,"0","209",,,"Festival of Lights - Demo","1571504400000","0a2acdad-f836-4a33-ab5f-17fadde21625","193.175.2.0","false","true","true","Verein zur Foerderung eines Deutschen Forschungsne","en-US","./livestream/master.m3u8","1571507820000","1569888000000",,"Android","9",,"0","1",,"0","209","videojs",,"0","html5","videojs-7.6.0",,"BE","732","412","0","WINDOW","0","playing","hls","1571507845000","7b84a251-2186-4f3e-a972-1cf131fd02f9","6600000",,"Horus Live","720","720","0","Horus Live","0","0","1082010","12590",,,,,"web"
"v2.5.4","680","0",,"Chrome Mobile","77","0","0",,"berlin","1571508173000","DE","ac13f838-5a2c-4169-bed3-2b15aca9ebda","Mozilla/5.0 (Linux; Android 9; Nokia 6.1) AppleWebKit/537.36 (KHTML, like Gecko) Chrome/77.0.3865.116 Mobile Safari/537.36",,,,"8c887b3d-1218-4a5e-947c-4be12012c463","1571443200000","Nokia 6","panoplay.duckdns.org",,,"0","165",,,"Festival of Lights - Demo","1571508000000","c915bf5a-2548-42e2-8f2a-5f4c1e01d81e","193.175.2.0","false","false","true","Verein zur Foerderung eines Deutschen Forschungsne","en-US","./livestream/master.m3u8","1571508120000","1569888000000",,"Android","9",,"1436","1",,"0","0","videojs",,"165","html5","videojs-7.6.0",,"BE","732","412","0","WINDOW","0","setup","hls","1571508173000","7b84a251-2186-4f3e-a972-1cf131fd02f9","0","0","Horus Live","0","0","0","Horus Live","0","0","0","0",,,,,"web"
"v2.5.4","680","0",,"Chrome Mobile","77","0","0",,"berlin","1571508175000","DE","ac13f838-5a2c-4169-bed3-2b15aca9ebda","Mozilla/5.0 (Linux; Android 9; Nokia 6.1) AppleWebKit/537.36 (KHTML, like Gecko) Chrome/77.0.3865.116 Mobile Safari/537.36",,,,"8c887b3d-1218-4a5e-947c-4be12012c463","1571443200000","Nokia 6","panoplay.duckdns.org",,,"0","0",,,"Festival of Lights - Demo","1571508000000","c915bf5a-2548-42e2-8f2a-5f4c1e01d81e","193.175.2.0","false","true","true","Verein zur Foerderung eines Deutschen Forschungsne","en-US","./livestream/master.m3u8","1571508120000","1569888000000",,"Android","9",,"0","1",,"0","0","videojs",,"0","html5","videojs-7.6.0",,"BE","732","412","0","WINDOW","0","qualitychange","hls","1571508175000","7b84a251-2186-4f3e-a972-1cf131fd02f9","1100000",,"Horus Live","720","720","0","Horus Live","0","0","4073","4073",,,,,"web"
"v2.5.4","680","0","true","Chrome Mobile","77","0","0",,"berlin","1571508175000","DE","ac13f838-5a2c-4169-bed3-2b15aca9ebda","Mozilla/5.0 (Linux; Android 9; Nokia 6.1) AppleWebKit/537.36 (KHTML, like Gecko) Chrome/77.0.3865.116 Mobile Safari/537.36",,,,"8c887b3d-1218-4a5e-947c-4be12012c463","1571443200000","Nokia 6","panoplay.duckdns.org",,,"0","2306",,,"Festival of Lights - Demo","1571508000000","c915bf5a-2548-42e2-8f2a-5f4c1e01d81e","193.175.2.0","false","true","true","Verein zur Foerderung eines Deutschen Forschungsne","en-US","./livestream/master.m3u8","1571508120000","1569888000000",,"Android","9",,"0","1",,"0","0","videojs",,"0","html5","videojs-7.6.0",,"BE","732","412","0","WINDOW","2471","startup","hls","1571508175000","7b84a251-2186-4f3e-a972-1cf131fd02f9","0",,"Horus Live","720","720","2306","Horus Live","0","0","4073","0",,,,,"web"
"v2.5.4","680","0",,"Chrome Mobile","77","0","0",,"berlin","1571508175000","DE","ac13f838-5a2c-4169-bed3-2b15aca9ebda","Mozilla/5.0 (Linux; Android 9; Nokia 6.1) AppleWebKit/537.36 (KHTML, like Gecko) Chrome/77.0.3865.116 Mobile Safari/537.36",,,,"8c887b3d-1218-4a5e-947c-4be12012c463","1571443200000","Nokia 6","panoplay.duckdns.org",,,"0","5",,,"Festival of Lights - Demo","1571508000000","c915bf5a-2548-42e2-8f2a-5f4c1e01d81e","193.175.2.0","false","true","true","Verein zur Foerderung eines Deutschen Forschungsne","en-US","./livestream/master.m3u8","1571508120000","1569888000000",,"Android","9",,"0","1",,"0","5","videojs",,"0","html5","videojs-7.6.0",,"BE","732","412","0","WINDOW","0","playing","hls","1571508175000","7b84a251-2186-4f3e-a972-1cf131fd02f9","0",,"Horus Live","720","720","0","Horus Live","0","0","4073","4073",,,,,"web"
"v2.5.4","680","0",,"Chrome Mobile","77","0","0",,"berlin","1571508188000","DE","ac13f838-5a2c-4169-bed3-2b15aca9ebda","Mozilla/5.0 (Linux; Android 9; Nokia 6.1) AppleWebKit/537.36 (KHTML, like Gecko) Chrome/77.0.3865.116 Mobile Safari/537.36",,,,"8c887b3d-1218-4a5e-947c-4be12012c463","1571443200000","Nokia 6","panoplay.duckdns.org",,,"0","13473",,,"Festival of Lights - Demo","1571508000000","c915bf5a-2548-42e2-8f2a-5f4c1e01d81e","193.175.2.0","false","true","true","Verein zur Foerderung eines Deutschen Forschungsne","en-US","./livestream/master.m3u8","1571508180000","1569888000000",,"Android","9",,"0","1",,"0","13473","videojs",,"0","html5","videojs-7.6.0",,"BE","732","412","0","WINDOW","0","playing","hls","1571508188000","7b84a251-2186-4f3e-a972-1cf131fd02f9","1100000",,"Horus Live","720","720","0","Horus Live","0","0","17553","4073",,,,,"web"
"v2.5.4","680","0",,"Chrome Mobile","77","0","0",,"berlin","1571508188000","DE","ac13f838-5a2c-4169-bed3-2b15aca9ebda","Mozilla/5.0 (Linux; Android 9; Nokia 6.1) AppleWebKit/537.36 (KHTML, like Gecko) Chrome/77.0.3865.116 Mobile Safari/537.36",,,,"8c887b3d-1218-4a5e-947c-4be12012c463","1571443200000","Nokia 6","panoplay.duckdns.org",,,"0","0",,,"Festival of Lights - Demo","1571508000000","c915bf5a-2548-42e2-8f2a-5f4c1e01d81e","193.175.2.0","false","true","true","Verein zur Foerderung eines Deutschen Forschungsne","en-US","./livestream/master.m3u8","1571508180000","1569888000000",,"Android","9",,"0","1",,"0","0","videojs",,"0","html5","videojs-7.6.0",,"BE","732","412","0","WINDOW","0","qualitychange","hls","1571508188000","7b84a251-2186-4f3e-a972-1cf131fd02f9","4400000",,"Horus Live","720","720","0","Horus Live","0","0","17553","17553",,,,,"web"
"v2.5.4","680","0",,"Chrome Mobile","77","0","0",,"berlin","1571508193000","DE","ac13f838-5a2c-4169-bed3-2b15aca9ebda","Mozilla/5.0 (Linux; Android 9; Nokia 6.1) AppleWebKit/537.36 (KHTML, like Gecko) Chrome/77.0.3865.116 Mobile Safari/537.36",,,,"8c887b3d-1218-4a5e-947c-4be12012c463","1571443200000","Nokia 6","panoplay.duckdns.org",,,"0","499",,,"Festival of Lights - Demo","1571508000000","c915bf5a-2548-42e2-8f2a-5f4c1e01d81e","193.175.2.0","false","true","true","Verein zur Foerderung eines Deutschen Forschungsne","en-US","./livestream/master.m3u8","1571508180000","1569888000000",,"Android","9",,"0","1",,"0","499","videojs",,"0","html5","videojs-7.6.0",,"BE","732","412","0","WINDOW","0","playing","hls","1571508193000","7b84a251-2186-4f3e-a972-1cf131fd02f9","1100000",,"Horus Live","720","720","0","Horus Live","0","0","22549","22050",,,,,"web"
"v2.5.4","680","0",,"Chrome Mobile","77","0","0",,"berlin","1571508193000","DE","ac13f838-5a2c-4169-bed3-2b15aca9ebda","Mozilla/5.0 (Linux; Android 9; Nokia 6.1) AppleWebKit/537.36 (KHTML, like Gecko) Chrome/77.0.3865.116 Mobile Safari/537.36",,,,"8c887b3d-1218-4a5e-947c-4be12012c463","1571443200000","Nokia 6","panoplay.duckdns.org",,,"0","0",,,"Festival of Lights - Demo","1571508000000","c915bf5a-2548-42e2-8f2a-5f4c1e01d81e","193.175.2.0","false","true","true","Verein zur Foerderung eines Deutschen Forschungsne","en-US","./livestream/master.m3u8","1571508180000","1569888000000",,"Android","9",,"0","1",,"0","0","videojs",,"0","html5","videojs-7.6.0",,"BE","732","412","0","WINDOW","0","qualitychange","hls","1571508193000","7b84a251-2186-4f3e-a972-1cf131fd02f9","6600000",,"Horus Live","720","720","0","Horus Live","0","0","22549","22549",,,,,"web"
"v2.5.4","680","0",,"Chrome Mobile","77","0","0",,"berlin","1571508193000","DE","ac13f838-5a2c-4169-bed3-2b15aca9ebda","Mozilla/5.0 (Linux; Android 9; Nokia 6.1) AppleWebKit/537.36 (KHTML, like Gecko) Chrome/77.0.3865.116 Mobile Safari/537.36",,,,"8c887b3d-1218-4a5e-947c-4be12012c463","1571443200000","Nokia 6","panoplay.duckdns.org",,,"0","4497",,,"Festival of Lights - Demo","1571508000000","c915bf5a-2548-42e2-8f2a-5f4c1e01d81e","193.175.2.0","false","true","true","Verein zur Foerderung eines Deutschen Forschungsne","en-US","./livestream/master.m3u8","1571508180000","1569888000000",,"Android","9",,"0","1",,"0","4497","videojs",,"0","html5","videojs-7.6.0",,"BE","732","412","0","WINDOW","0","playing","hls","1571508193000","7b84a251-2186-4f3e-a972-1cf131fd02f9","4400000",,"Horus Live","720","720","0","Horus Live","0","0","22050","17553",,,,,"web"
"v2.5.4","680","0",,"Chrome Mobile","77","0","0",,"berlin","1571508193000","DE","ac13f838-5a2c-4169-bed3-2b15aca9ebda","Mozilla/5.0 (Linux; Android 9; Nokia 6.1) AppleWebKit/537.36 (KHTML, like Gecko) Chrome/77.0.3865.116 Mobile Safari/537.36",,,,"8c887b3d-1218-4a5e-947c-4be12012c463","1571443200000","Nokia 6","panoplay.duckdns.org",,,"0","0",,,"Festival of Lights - Demo","1571508000000","c915bf5a-2548-42e2-8f2a-5f4c1e01d81e","193.175.2.0","false","true","true","Verein zur Foerderung eines Deutschen Forschungsne","en-US","./livestream/master.m3u8","1571508180000","1569888000000",,"Android","9",,"0","1",,"0","0","videojs",,"0","html5","videojs-7.6.0",,"BE","732","412","0","WINDOW","0","qualitychange","hls","1571508193000","7b84a251-2186-4f3e-a972-1cf131fd02f9","1100000",,"Horus Live","720","720","0","Horus Live","0","0","22050","22050",,,,,"web"
"v2.5.4","680","0",,"Chrome Mobile","77","0","0",,"berlin","1571508683000","DE","ac13f838-5a2c-4169-bed3-2b15aca9ebda","Mozilla/5.0 (Linux; Android 9; Nokia 6.1) AppleWebKit/537.36 (KHTML, like Gecko) Chrome/77.0.3865.116 Mobile Safari/537.36",,,,"8c887b3d-1218-4a5e-947c-4be12012c463","1571443200000","Nokia 6","panoplay.duckdns.org",,,"0","489019",,,"Festival of Lights - Demo","1571508000000","c915bf5a-2548-42e2-8f2a-5f4c1e01d81e","193.175.2.0","false","true","true","Verein zur Foerderung eines Deutschen Forschungsne","en-US","./livestream/master.m3u8","1571508660000","1569888000000",,"Android","9",,"0","1",,"0","489019","videojs",,"0","html5","videojs-7.6.0",,"BE","732","412","0","WINDOW","0","playing","hls","1571508683000","7b84a251-2186-4f3e-a972-1cf131fd02f9","6600000",,"Horus Live","720","720","0","Horus Live","0","0","30297","22549",,,,,"web"
"v2.5.4","2119","0",,"Chrome Mobile","77","0","0",,"oslo","1571511079000","NO","ac13f838-5a2c-4169-bed3-2b15aca9ebda","Mozilla/5.0 (Linux; Android 9; Nokia 6.1) AppleWebKit/537.36 (KHTML, like Gecko) Chrome/77.0.3865.116 Mobile Safari/537.36",,,,"8c887b3d-1218-4a5e-947c-4be12012c463","1571443200000","Nokia 6","panoplay.duckdns.org",,,"0","17",,,"Festival of Lights - Demo","1571508000000","6aff9522-f8a1-4345-be3e-7638dd0be342","77.16.49.0","false","true","true","Telenor Norge AS","en-US","./livestream/master.m3u8","1571511060000","1569888000000",,"Android","9",,"0","1",,"0","17","videojs",,"0","html5","videojs-7.6.0",,"03","732","412","0","WINDOW","0","playing","hls","1571511079000","7b84a251-2186-4f3e-a972-1cf131fd02f9","0",,"Horus Live","720","720","0","Horus Live","0","0","532034","532034",,,,,"web"
"v2.5.4","2119","0",,"Chrome Mobile","77","0","0",,"oslo","1571511079000","NO","ac13f838-5a2c-4169-bed3-2b15aca9ebda","Mozilla/5.0 (Linux; Android 9; Nokia 6.1) AppleWebKit/537.36 (KHTML, like Gecko) Chrome/77.0.3865.116 Mobile Safari/537.36",,,,"8c887b3d-1218-4a5e-947c-4be12012c463","1571443200000","Nokia 6","panoplay.duckdns.org",,,"0","1120036",,,"Festival of Lights - Demo","1571508000000","c915bf5a-2548-42e2-8f2a-5f4c1e01d81e","77.16.49.0","false","true","true","Telenor Norge AS","en-US","./livestream/master.m3u8","1571511060000","1569888000000",,"Android","9",,"0","1",,"1120036","0","videojs",,"0","html5","videojs-7.6.0",,"03","732","412","0","WINDOW","0","pause","hls","1571511079000","7b84a251-2186-4f3e-a972-1cf131fd02f9","6600000",,"Horus Live","720","720","0","Horus Live","0","0","49558","49558",,,,,"web"
"v2.5.4","3209","0",,"Mobile Safari","13","0","0",,"berlin","1571511130000","DE","73271eaf-7cb2-4dc2-9d16-f85a46b19a88","Mozilla/5.0 (iPhone; CPU iPhone OS 13_1_3 like Mac OS X) AppleWebKit/605.1.15 (KHTML, like Gecko) Version/13.0.1 Mobile/15E148 Safari/604.1",,,,"3451d23d-d5ff-49b2-886e-10100cbcba4a","1571443200000","iPhone","192.168.247.92",,,"0","19916",,,"Festival of Lights - Demo","1571508000000","534549d1-5b54-4bab-aa0a-09eed87fc7b0","109.41.2.0","false","true","true","Vodafone GmbH","en-GB","./livestream/master.m3u8","1571511120000","1569888000000",,"iOS","13","1","0","1",,"0","19916","videojs",,"0","html5","videojs-7.6.0",,"BE","568","320","0","WINDOW","0","playing","hls","1571511130000","0513ea24-cbea-44c8-ab6f-a38168e83924","0",,"Horus Live","720","720","248","Horus Live","0","0","24148","4254",,,,,"web"
"v2.5.4","3209","0",,"Mobile Safari","13","0","0",,"berlin","1571511130000","DE","73271eaf-7cb2-4dc2-9d16-f85a46b19a88","Mozilla/5.0 (iPhone; CPU iPhone OS 13_1_3 like Mac OS X) AppleWebKit/605.1.15 (KHTML, like Gecko) Version/13.0.1 Mobile/15E148 Safari/604.1",,,,"3451d23d-d5ff-49b2-886e-10100cbcba4a","1571443200000","iPhone","192.168.247.92",,,"0","37",,,"Festival of Lights - Demo","1571508000000","534549d1-5b54-4bab-aa0a-09eed87fc7b0","109.41.2.0","false","false","true","Vodafone GmbH","en-GB","./livestream/master.m3u8","1571511120000","1569888000000",,"iOS","13","1","403","1",,"0","0","videojs",,"37","html5","videojs-7.6.0",,"BE","568","320","0","WINDOW","0","setup","hls","1571511130000","0513ea24-cbea-44c8-ab6f-a38168e83924","0","0","Horus Live","0","0","0","Horus Live","0","0","0","0",,,,,"web"
"v2.5.4","3209","0",,"Mobile Safari","13","0","0",,"berlin","1571511131000","DE","73271eaf-7cb2-4dc2-9d16-f85a46b19a88","Mozilla/5.0 (iPhone; CPU iPhone OS 13_1_3 like Mac OS X) AppleWebKit/605.1.15 (KHTML, like Gecko) Version/13.0.1 Mobile/15E148 Safari/604.1",,,,"3451d23d-d5ff-49b2-886e-10100cbcba4a","1571443200000","iPhone","192.168.247.92",,,"0","2078020",,,"Festival of Lights - Demo","1571508000000","534549d1-5b54-4bab-aa0a-09eed87fc7b0","109.41.2.0","false","true","true","Vodafone GmbH","en-GB","./livestream/master.m3u8","1571511120000","1569888000000",,"iOS","13","1","0","1",,"2078020","0","videojs",,"0","html5","videojs-7.6.0",,"BE","568","320","0","WINDOW","0","pause","hls","1571511131000","0513ea24-cbea-44c8-ab6f-a38168e83924","0",,"Horus Live","720","720","0","Horus Live","0","0","24148","24148",,,,,"web"
"v2.5.4","3209","0",,"Mobile Safari","13","0","0",,"berlin","1571511134000","DE","73271eaf-7cb2-4dc2-9d16-f85a46b19a88","Mozilla/5.0 (iPhone; CPU iPhone OS 13_1_3 like Mac OS X) AppleWebKit/605.1.15 (KHTML, like Gecko) Version/13.0.1 Mobile/15E148 Safari/604.1",,,,"3451d23d-d5ff-49b2-886e-10100cbcba4a","1571443200000","iPhone","192.168.247.92",,,"0","3148",,,"Festival of Lights - Demo","1571508000000","534549d1-5b54-4bab-aa0a-09eed87fc7b0","109.41.2.0","false","true","true","Vodafone GmbH","en-GB","./livestream/master.m3u8","1571511120000","1569888000000",,"iOS","13","1","0","1",,"0","3148","videojs",,"0","html5","videojs-7.6.0",,"BE","568","320","0","WINDOW","0","playing","hls","1571511134000","0513ea24-cbea-44c8-ab6f-a38168e83924","0",,"Horus Live","720","720","0","Horus Live","0","0","24148","24148",,,,,"web"
"v2.5.4","3209","0",,"Mobile Safari","13","0","23764",,"berlin","1571511158000","DE","73271eaf-7cb2-4dc2-9d16-f85a46b19a88","Mozilla/5.0 (iPhone; CPU iPhone OS 13_1_3 like Mac OS X) AppleWebKit/605.1.15 (KHTML, like Gecko) Version/13.0.1 Mobile/15E148 Safari/604.1",,,,"3451d23d-d5ff-49b2-886e-10100cbcba4a","1571443200000","iPhone","192.168.247.92",,,"0","23764",,,"Festival of Lights - Demo","1571508000000","534549d1-5b54-4bab-aa0a-09eed87fc7b0","109.41.2.0","false","true","true","Vodafone GmbH","en-GB","./livestream/master.m3u8","1571511120000","1569888000000",,"iOS","13","1","0","1",,"0","0","videojs",,"0","html5","videojs-7.6.0",,"BE","568","320","0","WINDOW","0","rebuffering","hls","1571511158000","0513ea24-cbea-44c8-ab6f-a38168e83924","0",,"Horus Live","720","720","0","Horus Live","0","0","24148","24148",,,,,"web"
"v2.5.4","3209","0",,"Mobile Safari","12","1","0",,"berlin","1571511784000","DE","5c617f19-13e7-4404-94bd-551ab27e1737","Mozilla/5.0 (iPhone; CPU iPhone OS 12_4_1 like Mac OS X) AppleWebKit/605.1.15 (KHTML, like Gecko) Version/12.1.2 Mobile/15E148 Safari/604.1",,,,"cba93630-ea2c-4260-a756-04ac5c07c283","1571443200000","iPhone","panoplay.duckdns.org",,,"0","0","4","The media could not be loaded, either because the server or network failed or because the format is not supported.","Festival of Lights - Demo","1571511600000","2392f7bd-410a-4c87-8484-5a67a3d1f961","109.41.1.0","false","false","true","Vodafone GmbH","en-US","./livestream/master.m3u8","1571511780000","1569888000000",,"iOS","12","4","0","1",,"0","0","videojs",,"0","html5","videojs-7.6.0",,"BE","667","375","0","WINDOW","0","error","hls","1571511784000","7ea7d1c2-8964-4f7b-93b0-9f8143753bbe","0","0","Horus Live","0","0","0","Horus Live","0","0","0","0",,,,,"web"
"v2.5.4","3209","0",,"Mobile Safari","12","1","0",,"berlin","1571511784000","DE","5c617f19-13e7-4404-94bd-551ab27e1737","Mozilla/5.0 (iPhone; CPU iPhone OS 12_4_1 like Mac OS X) AppleWebKit/605.1.15 (KHTML, like Gecko) Version/12.1.2 Mobile/15E148 Safari/604.1",,,,"cba93630-ea2c-4260-a756-04ac5c07c283","1571443200000","iPhone","panoplay.duckdns.org",,,"0","0",,,"Festival of Lights - Demo","1571511600000","2392f7bd-410a-4c87-8484-5a67a3d1f961","109.41.1.0","false","false","true","Vodafone GmbH","en-US","./livestream/master.m3u8","1571511780000","1569888000000",,"iOS","12","4","0","1",,"0","0","videojs",,"0","html5","videojs-7.6.0",,"BE","667","375","0","WINDOW","0","error","hls","1571511784000","7ea7d1c2-8964-4f7b-93b0-9f8143753bbe","0","0","Horus Live","0","0","0","Horus Live","0","0","0","0",,,,,"web"
"v2.5.4","3209","0",,"Mobile Safari","12","1","0",,"berlin","1571511784000","DE","5c617f19-13e7-4404-94bd-551ab27e1737","Mozilla/5.0 (iPhone; CPU iPhone OS 12_4_1 like Mac OS X) AppleWebKit/605.1.15 (KHTML, like Gecko) Version/12.1.2 Mobile/15E148 Safari/604.1",,,,"cba93630-ea2c-4260-a756-04ac5c07c283","1571443200000","iPhone","panoplay.duckdns.org",,,"0","320",,,"Festival of Lights - Demo","1571511600000","2392f7bd-410a-4c87-8484-5a67a3d1f961","109.41.1.0","false","false","true","Vodafone GmbH","en-US","./livestream/master.m3u8","1571511780000","1569888000000",,"iOS","12","4","874","1",,"0","0","videojs",,"320","html5","videojs-7.6.0",,"BE","667","375","0","WINDOW","0","setup","hls","1571511784000","7ea7d1c2-8964-4f7b-93b0-9f8143753bbe","0","0","Horus Live","0","0","0","Horus Live","0","0","0","0",,,,,"web"
"v2.5.4","3209","0",,"Mobile Safari","12","1","0",,"berlin","1571511796000","DE","4ce86912-7084-4702-afb3-2f3c9c369cfa","Mozilla/5.0 (iPhone; CPU iPhone OS 12_4_1 like Mac OS X) AppleWebKit/605.1.15 (KHTML, like Gecko) Version/12.1.2 Mobile/15E148 Safari/604.1",,,,"cba93630-ea2c-4260-a756-04ac5c07c283","1571443200000","iPhone","panoplay.duckdns.org",,,"0","167",,,"Festival of Lights - Demo","1571511600000","8eeaf073-4976-4f3f-b663-9961394aab17","109.41.1.0","false","false","true","Vodafone GmbH","en-US","./livestream/master.m3u8","1571511780000","1569888000000",,"iOS","12","4","553","1",,"0","0","videojs",,"167","html5","videojs-7.6.0",,"BE","667","375","0","WINDOW","0","setup","hls","1571511796000","7ea7d1c2-8964-4f7b-93b0-9f8143753bbe","0","0","Horus Live","0","0","0","Horus Live","0","0","0","0",,,,,"web"
